-6.91879282176e-10 0.0
-6.91865927645e-10 0.0
-6.91852661258e-10 0.0
-6.9183957009e-10 0.0
-6.91826739296e-10 0.0
-6.9181425118e-10 0.0
-6.91802184292e-10 0.0
-6.91790612567e-10 0.0
-6.91779604515e-10 0.0
-6.91769222472e-10 0.0
-6.91759521914e-10 0.0
-6.91750550853e-10 0.0
-6.91742349308e-10 0.0
-6.91734948865e-10 0.0
-6.91728372338e-10 0.0
-6.91722633512e-10 0.0
-6.91717736993e-10 0.0
-6.91713678162e-10 0.0
-6.9171044322e-10 0.0
-6.91708009343e-10 0.0
-6.91706344932e-10 0.0
-6.91705409955e-10 0.0
-6.91705156391e-10 0.0
-6.91705528753e-10 0.0
-6.91706464697e-10 0.0
-6.91707895703e-10 0.0
-6.91709747831e-10 0.0
-6.91711942524e-10 0.0
-6.91714397474e-10 0.0
-6.91717027521e-10 0.0
-6.91719745589e-10 0.0
-6.91722463636e-10 0.0
-6.91725093621e-10 0.0
-6.9172754847e-10 0.0
-6.91729743026e-10 0.0
-6.91731594986e-10 0.0
-6.91733025799e-10 0.0
-6.91733961532e-10 0.0
-6.91734333672e-10 0.0
-6.91734079886e-10 0.0
-6.91733144696e-10 0.0
-6.91731480091e-10 0.0
-6.91729046053e-10 0.0
-6.91725810993e-10 0.0
-6.91721752099e-10 0.0
-6.91716855587e-10 0.0
-6.91711116849e-10 0.0
-6.91704540505e-10 0.0
-6.91697140354e-10 0.0
-6.91688939219e-10 0.0
-6.916799687e-10 0.0
-6.91670268829e-10 0.0
-6.91659887626e-10 0.0
-6.9164888058e-10 0.0
-6.91637310033e-10 0.0
-6.91625244506e-10 0.0
-6.91612757939e-10 0.0
-6.91599928888e-10 0.0
-6.91586839662e-10 0.0
-6.91573575421e-10 0.0
-6.91560223241e-10 0.0
-6.91546871163e-10 0.0
-6.91533607229e-10 0.0
-6.91520518513e-10 0.0
-6.91507690171e-10 0.0
-6.91495204508e-10 0.0
-6.91483140073e-10 0.0
-6.914715708e-10 0.0
-6.91460565201e-10 0.0
-6.91450185611e-10 0.0
-6.91440487506e-10 0.0
-6.91431518898e-10 0.0
-6.91423319805e-10 0.0
-6.91415921815e-10 0.0
-6.9140934774e-10 0.0
-6.91403611366e-10 0.0
-6.913987173e-10 0.0
-6.91394660921e-10 0.0
-6.91391428432e-10 0.0
-6.91388997008e-10 0.0
-6.91387335049e-10 0.0
-6.91386402524e-10 0.0
-6.91386151413e-10 0.0
-6.91386526227e-10 0.0
-6.91387464623e-10 0.0
-6.91388898082e-10 0.0
-6.91390752662e-10 0.0
-6.91392949807e-10 0.0
-6.91395407209e-10 0.0
-6.91398039709e-10 0.0
-6.91400760229e-10 0.0
-6.91403480728e-10 0.0
-6.91406113166e-10 0.0
-6.91408570467e-10 0.0
-6.91410767475e-10 0.0
-6.91412621887e-10 0.0
-6.91414055152e-10 0.0
-6.91414993337e-10 0.0
-6.91415367929e-10 0.0
-6.91415116595e-10 0.0
-6.91414183857e-10 0.0
-6.91412521704e-10 0.0
-6.91410090118e-10 0.0
-6.9140685751e-10 0.0
-6.91402801069e-10 0.0
-6.91397907009e-10 0.0
-6.91392170722e-10 0.0
-6.91385596831e-10 0.0
-6.91378199131e-10 0.0
-6.91370000448e-10 0.0
-6.91361032381e-10 0.0
-6.91351334962e-10 0.0
-6.91340956211e-10 0.0
-6.91329951616e-10 0.0
-6.91318383521e-10 0.0
-6.91306320445e-10 0.0
-6.9129383633e-10 0.0
-6.91281009731e-10 0.0
-6.91267922957e-10 0.0
-6.91254661167e-10 0.0
-6.91241311439e-10 0.0
-6.91227961813e-10 0.0
-6.9121470033e-10 0.0
-6.91201614066e-10 0.0
-6.91188788176e-10 0.0
-6.91176304964e-10 0.0
-6.91164242981e-10 0.0
-6.9115267616e-10 0.0
-6.91141673012e-10 0.0
-6.91131295873e-10 0.0
-6.9112160022e-10 0.0
-6.91112634063e-10 0.0
-6.91104437421e-10 0.0
-6.91097041883e-10 0.0
-6.9109047026e-10 0.0
-6.91084736337e-10 0.0
-6.91079844722e-10 0.0
-6.91075790795e-10 0.0
-6.91072560757e-10 0.0
-6.91070131784e-10 0.0
-6.91068472276e-10 0.0
-6.91067542203e-10 0.0
-6.91067293543e-10 0.0
-6.91067670808e-10 0.0
-6.91068611655e-10 0.0
-6.91070047566e-10 0.0
-6.91071904597e-10 0.0
-6.91074104193e-10 0.0
-6.91076564046e-10 0.0
-6.91079198997e-10 0.0
-6.91081921968e-10 0.0
-6.91084644919e-10 0.0
-6.91087279807e-10 0.0
-6.91089739559e-10 0.0
-6.91091939019e-10 0.0
-6.91093795881e-10 0.0
-6.91095231598e-10 0.0
-6.91096172233e-10 0.0
-6.91096549277e-10 0.0
-6.91096300394e-10 0.0
-6.91095370106e-10 0.0
-6.91093710405e-10 0.0
-6.91091281269e-10 0.0
-6.91088051112e-10 0.0
-6.91083997122e-10 0.0
-6.91079105512e-10 0.0
-6.91073371677e-10 0.0
-6.91066800236e-10 0.0
-6.91059404987e-10 0.0
-6.91051208754e-10 0.0
-6.91042243138e-10 0.0
-6.9103254817e-10 0.0
-6.9102217187e-10 0.0
-6.91011169726e-10 0.0
-6.90999604081e-10 0.0
-6.90987543456e-10 0.0
-6.90975061791e-10 0.0
-6.90962237643e-10 0.0
-6.9094915332e-10 0.0
-6.9093589398e-10 0.0
-6.90922546702e-10 0.0
-6.90909199527e-10 0.0
-6.90895940495e-10 0.0
-6.90882856681e-10 0.0
-6.90870033242e-10 0.0
-6.9085755248e-10 0.0
-6.90845492947e-10 0.0
-6.90833928577e-10 0.0
-6.9082292788e-10 0.0
-6.90812553191e-10 0.0
-6.90802859988e-10 0.0
-6.90793896281e-10 0.0
-6.9078570209e-10 0.0
-6.90778309002e-10 0.0
-6.90771739829e-10 0.0
-6.90766008357e-10 0.0
-6.90761119192e-10 0.0
-6.90757067715e-10 0.0
-6.90753840127e-10 0.0
-6.90751413604e-10 0.0
-6.90749756547e-10 0.0
-6.90748828924e-10 0.0
-6.90748582713e-10 0.0
-6.90748962429e-10 0.0
-6.90749905726e-10 0.0
-6.90751344087e-10 0.0
-6.90753203568e-10 0.0
-6.90755405614e-10 0.0
-6.90757867917e-10 0.0
-6.90760505318e-10 0.0
-6.90763230739e-10 0.0
-6.9076595614e-10 0.0
-6.90768593478e-10 0.0
-6.9077105568e-10 0.0
-6.90773257589e-10 0.0
-6.90775116902e-10 0.0
-6.90776555068e-10 0.0
-6.90777498154e-10 0.0
-6.90777877647e-10 0.0
-6.90777631214e-10 0.0
-6.90776703376e-10 0.0
-6.90775046124e-10 0.0
-6.90772619439e-10 0.0
-6.90769391731e-10 0.0
-6.9076534019e-10 0.0
-6.90760451031e-10 0.0
-6.90754719645e-10 0.0
-6.90748150654e-10 0.0
-6.90740757854e-10 0.0
-6.90732564071e-10 0.0
-6.90723600905e-10 0.0
-6.90713908386e-10 0.0
-6.90703534535e-10 0.0
-6.90692534841e-10 0.0
-6.90680971646e-10 0.0
-6.9066891347e-10 0.0
-6.90656434255e-10 0.0
-6.90643612556e-10 0.0
-6.90630530682e-10 0.0
-6.90617273792e-10 0.0
-6.90603928964e-10 0.0
-6.90590584238e-10 0.0
-6.90577327655e-10 0.0
-6.90564246291e-10 0.0
-6.905514253e-10 0.0
-6.90538946989e-10 0.0
-6.90526889904e-10 0.0
-6.90515327983e-10 0.0
-6.90504329735e-10 0.0
-6.90493957496e-10 0.0
-6.90484266742e-10 0.0
-6.90475305485e-10 0.0
-6.90467113743e-10 0.0
-6.90459723104e-10 0.0
-6.9045315638e-10 0.0
-6.90447427357e-10 0.0
-6.90442540641e-10 0.0
-6.90438491613e-10 0.0
-6.90435266474e-10 0.0
-6.90432842401e-10 0.0
-6.90431187792e-10 0.0
-6.90430262618e-10 0.0
-6.90430018857e-10 0.0
-6.90430401022e-10 0.0
-6.90431346768e-10 0.0
-6.90432787577e-10 0.0
-6.90434649507e-10 0.0
-6.90436854002e-10 0.0
-6.90439318754e-10 0.0
-6.90441958604e-10 0.0
-6.90444686474e-10 0.0
-6.90447414323e-10 0.0
-6.90450054111e-10 0.0
-6.90452518761e-10 0.0
-6.90454723119e-10 0.0
-6.90456584881e-10 0.0
-6.90458025496e-10 0.0
-6.9045897103e-10 0.0
-6.90459352972e-10 0.0
-6.90459108987e-10 0.0
-6.90458183598e-10 0.0
-6.90456528795e-10 0.0
-6.90454104558e-10 0.0
-6.90450879299e-10 0.0
-6.90446830207e-10 0.0
-6.90441943496e-10 0.0
-6.90436214559e-10 0.0
-6.90429648016e-10 0.0
-6.90422257665e-10 0.0
-6.9041406633e-10 0.0
-6.90405105613e-10 0.0
-6.90395415542e-10 0.0
-6.9038504414e-10 0.0
-6.90374046894e-10 0.0
-6.90362486147e-10 0.0
-6.9035043042e-10 0.0
-6.90337953653e-10 0.0
-6.90325134403e-10 0.0
-6.90312054977e-10 0.0
-6.90298800535e-10 0.0
-6.90285458155e-10 0.0
-6.90272115877e-10 0.0
-6.90258861743e-10 0.0
-6.90245782826e-10 0.0
-6.90232964285e-10 0.0
-6.90220488421e-10 0.0
-6.90208433785e-10 0.0
-6.90196874312e-10 0.0
-6.90185878512e-10 0.0
-6.90175508721e-10 0.0
-6.90165820415e-10 0.0
-6.90156861606e-10 0.0
-6.90148672312e-10 0.0
-6.90141284121e-10 0.0
-6.90134719845e-10 0.0
-6.9012899327e-10 0.0
-6.90124109002e-10 0.0
-6.90120062422e-10 0.0
-6.90116839731e-10 0.0
-6.90114418105e-10 0.0
-6.90112765945e-10 0.0
-6.90111843219e-10 0.0
-6.90111601905e-10 0.0
-6.90111986518e-10 0.0
-6.90112934712e-10 0.0
-6.90114377969e-10 0.0
-6.90116242347e-10 0.0
-6.9011844929e-10 0.0
-6.9012091649e-10 0.0
-6.90123558787e-10 0.0
-6.90126289105e-10 0.0
-6.90129019402e-10 0.0
-6.90131661637e-10 0.0
-6.90134128735e-10 0.0
-6.90136335541e-10 0.0
-6.9013819975e-10 0.0
-6.90139642812e-10 0.0
-6.90140590794e-10 0.0
-6.90140975184e-10 0.0
-6.90140733646e-10 0.0
-6.90139810705e-10 0.0
-6.90138158349e-10 0.0
-6.9013573656e-10 0.0
-6.90132513749e-10 0.0
-6.90128467104e-10 0.0
-6.9012358284e-10 0.0
-6.9011785635e-10 0.0
-6.90111292255e-10 0.0
-6.90103904351e-10 0.0
-6.90095715464e-10 0.0
-6.90086757194e-10 0.0
-6.9007706957e-10 0.0
-6.90066700616e-10 0.0
-6.90055705817e-10 0.0
-6.90044147518e-10 0.0
-6.90032094237e-10 0.0
-6.90019619918e-10 0.0
-6.90006803114e-10 0.0
-6.89993726136e-10 0.0
-6.89980474141e-10 0.0
-6.89967134208e-10 0.0
-6.89953794378e-10 0.0
-6.8994054269e-10 0.0
-6.89927466221e-10 0.0
-6.89914650126e-10 0.0
-6.8990217671e-10 0.0
-6.89890124521e-10 0.0
-6.89878567495e-10 0.0
-6.89867574142e-10 0.0
-6.89857206798e-10 0.0
-6.89847520939e-10 0.0
-6.89838564576e-10 0.0
-6.89830377729e-10 0.0
-6.89822991985e-10 0.0
-6.89816430156e-10 0.0
-6.89810706028e-10 0.0
-6.89805824207e-10 0.0
-6.89801780074e-10 0.0
-6.8979855983e-10 0.0
-6.89796140651e-10 0.0
-6.89794490937e-10 0.0
-6.89793570658e-10 0.0
-6.89793331791e-10 0.0
-6.8979371885e-10 0.0
-6.89794669491e-10 0.0
-6.89796115195e-10 0.0
-6.89797982019e-10 0.0
-6.89800191409e-10 0.0
-6.89802661055e-10 0.0
-6.898053058e-10 0.0
-6.89808038564e-10 0.0
-6.89810771307e-10 0.0
-6.89813415989e-10 0.0
-6.89815885534e-10 0.0
-6.89818094786e-10 0.0
-6.89819961441e-10 0.0
-6.8982140695e-10 0.0
-6.89822357378e-10 0.0
-6.89822744214e-10 0.0
-6.89822505124e-10 0.0
-6.89821584629e-10 0.0
-6.89819934719e-10 0.0
-6.89817515376e-10 0.0
-6.89814295011e-10 0.0
-6.89810250813e-10 0.0
-6.89805368995e-10 0.0
-6.89799644952e-10 0.0
-6.89793083303e-10 0.0
-6.89785697845e-10 0.0
-6.89777511405e-10 0.0
-6.8976855558e-10 0.0
-6.89758870403e-10 0.0
-6.89748503894e-10 0.0
-6.89737511542e-10 0.0
-6.89725955689e-10 0.0
-6.89713904855e-10 0.0
-6.89701432981e-10 0.0
-6.89688618624e-10 0.0
-6.89675544091e-10 0.0
-6.89662294543e-10 0.0
-6.89648957056e-10 0.0
-6.89635619671e-10 0.0
-6.8962237043e-10 0.0
-6.89609296407e-10 0.0
-6.89596482758e-10 0.0
-6.89584011787e-10 0.0
-6.89571962044e-10 0.0
-6.89560407464e-10 0.0
-6.89549416557e-10 0.0
-6.89539051659e-10 0.0
-6.89529368246e-10 0.0
-6.89520414329e-10 0.0
-6.89512229927e-10 0.0
-6.89504846629e-10 0.0
-6.89498287246e-10 0.0
-6.89492565563e-10 0.0
-6.89487686188e-10 0.0
-6.89483644501e-10 0.0
-6.89480426702e-10 0.0
-6.89478009969e-10 0.0
-6.89476362701e-10 0.0
-6.89475444867e-10 0.0
-6.89475208446e-10 0.0
-6.89475597951e-10 0.0
-6.89476551037e-10 0.0
-6.89477999187e-10 0.0
-6.89479868457e-10 0.0
-6.89482080292e-10 0.0
-6.89484552384e-10 0.0
-6.89487199573e-10 0.0
-6.89489934783e-10 0.0
-6.89492669972e-10 0.0
-6.89495317099e-10 0.0
-6.89497789089e-10 0.0
-6.89500000787e-10 0.0
-6.89501869888e-10 0.0
-6.89503317842e-10 0.0
-6.89504270715e-10 0.0
-6.89504659997e-10 0.0
-6.89504423351e-10 0.0
-6.89503505302e-10 0.0
-6.89501857838e-10 0.0
-6.8949944094e-10 0.0
-6.8949622302e-10 0.0
-6.89492181267e-10 0.0
-6.89487301894e-10 0.0
-6.89481580296e-10 0.0
-6.89475021092e-10 0.0
-6.8946763808e-10 0.0
-6.89459454084e-10 0.0
-6.89450500705e-10 0.0
-6.89440817973e-10 0.0
-6.89430453909e-10 0.0
-6.89419464001e-10 0.0
-6.89407910593e-10 0.0
-6.89395862204e-10 0.0
-6.89383392776e-10 0.0
-6.89370580863e-10 0.0
-6.89357508776e-10 0.0
