-3.45939641088e-05 0.0
-0.0001037812246 0.0
-0.000172967154045 0.0
-0.000242151765612 0.0
-0.000311335081082 0.0
-0.000380517130605 0.0
-0.000449697952379 0.0
-0.000518877592222 0.0
-0.000588056103076 0.0
-0.000657233544425 0.0
-0.000726409981645 0.0
-0.000795585485283 0.0
-0.000864760130291 0.0
-0.0009339339952 0.0
-0.00100310716126 0.0
-0.00107227971155 0.0
-0.00114145173008 0.0
-0.00121062330084 0.0
-0.0012797945069 0.0
-0.00134896542953 0.0
-0.00141813614725 0.0
-0.00148730673499 0.0
-0.00155647726331 0.0
-0.00162564779757 0.0
-0.00169481839724 0.0
-0.00176398911526 0.0
-0.00183315999743 0.0
-0.00190233108195 0.0
-0.00197150239895 0.0
-0.0020406739702 0.0
-0.00210984580886 0.0
-0.00217901791932 0.0
-0.00224819029718 0.0
-0.00231736292929 0.0
-0.00238653579386 0.0
-0.00245570886076 0.0
-0.0025248820918 0.0
-0.00259405544117 0.0
-0.00266322885593 0.0
-0.00273240227661 0.0
-0.00280157563783 0.0
-0.00287074886907 0.0
-0.00293992189538 0.0
-0.00300909463823 0.0
-0.00307826701639 0.0
-0.00314743894677 0.0
-0.00321661034539 0.0
-0.00328578112826 0.0
-0.0033549512123 0.0
-0.00342412051628 0.0
-0.00349328896168 0.0
-0.00356245647356 0.0
-0.00363162298138 0.0
-0.00370078841979 0.0
-0.00376995272932 0.0
-0.00383911585705 0.0
-0.00390827775717 0.0
-0.00397743839151 0.0
-0.00404659772994 0.0
-0.00411575575069 0.0
-0.00418491244062 0.0
-0.00425406779534 0.0
-0.00432322181926 0.0
-0.00439237452555 0.0
-0.00446152593599 0.0
-0.00453067608072 0.0
-0.00459982499795 0.0
-0.00466897273349 0.0
-0.00473811934029 0.0
-0.00480726487783 0.0
-0.00487640941149 0.0
-0.00494555301181 0.0
-0.00501469575374 0.0
-0.00508383771583 0.0
-0.0051529789793 0.0
-0.00522211962726 0.0
-0.00529125974369 0.0
-0.0053603994126 0.0
-0.00542953871707 0.0
-0.00549867773834 0.0
-0.00556781655495 0.0
-0.00563695524182 0.0
-0.00570609386952 0.0
-0.0057752325034 0.0
-0.00584437120295 0.0
-0.00591351002108 0.0
-0.00598264900362 0.0
-0.00605178818874 0.0
-0.00612092760659 0.0
-0.00619006727894 0.0
-0.00625920721893 0.0
-0.00632834743098 0.0
-0.00639748791068 0.0
-0.00646662864486 0.0
-0.00653576961176 0.0
-0.00660491078122 0.0
-0.00667405211508 0.0
-0.0067431935675 0.0
-0.00681233508556 0.0
-0.00688147660979 0.0
-0.00695061807481 0.0
-0.00701975941009 0.0
-0.00708890054068 0.0
-0.00715804138806 0.0
-0.00722718187099 0.0
-0.0072963219064 0.0
-0.00736546141028 0.0
-0.00743460029866 0.0
-0.00750373848846 0.0
-0.00757287589844 0.0
-0.00764201245008 0.0
-0.00771114806845 0.0
-0.007780282683 0.0
-0.0078494162284 0.0
-0.00791854864515 0.0
-0.00798767988035 0.0
-0.00805680988819 0.0
-0.00812593863049 0.0
-0.00819506607713 0.0
-0.00826419220633 0.0
-0.00833331700496 0.0
-0.00840244046863 0.0
-0.00847156260173 0.0
-0.00854068341745 0.0
-0.00860980293757 0.0
-0.00867892119222 0.0
-0.00874803821962 0.0
-0.00881715406558 0.0
-0.00888626878303 0.0
-0.00895538243148 0.0
-0.00902449507628 0.0
-0.009093606788 0.0
-0.00916271764157 0.0
-0.00923182771554 0.0
-0.00930093709114 0.0
-0.00937004585147 0.0
-0.00943915408053 0.0
-0.0095082618623 0.0
-0.00957736927988 0.0
-0.00964647641451 0.0
-0.00971558334471 0.0
-0.00978469014543 0.0
-0.00985379688722 0.0
-0.00992290363544 0.0
-0.00999201044956 0.0
-0.0100611173825 0.0
-0.0101302244801 0.0
-0.0101993317806 0.0
-0.010268439314 0.0
-0.0103375471021 0.0
-0.0104066551582 0.0
-0.0104757634865 0.0
-0.0105448720828 0.0
-0.0106139809337 0.0
-0.0106830900177 0.0
-0.0107521993044 0.0
-0.0108213087558 0.0
-0.010890418326 0.0
-0.010959527962 0.0
-0.0110286376045 0.0
-0.0110977471881 0.0
-0.0111668566421 0.0
-0.0112359658917 0.0
-0.0113050748583 0.0
-0.0113741834607 0.0
-0.0114432916158 0.0
-0.0115123992397 0.0
-0.0115815062483 0.0
-0.0116506125585 0.0
-0.0117197180892 0.0
-0.0117888227618 0.0
-0.0118579265014 0.0
-0.0119270292374 0.0
-0.0119961309045 0.0
-0.0120652314432 0.0
-0.0121343308005 0.0
-0.0122034289308 0.0
-0.0122725257958 0.0
-0.0123416213653 0.0
-0.0124107156177 0.0
-0.0124798085397 0.0
-0.012548900127 0.0
-0.012617990384 0.0
-0.0126870793239 0.0
-0.0127561669684 0.0
-0.0128252533477 0.0
-0.0128943384999 0.0
-0.012963422471 0.0
-0.0130325053138 0.0
-0.0131015870879 0.0
-0.0131706678586 0.0
-0.0132397476964 0.0
-0.0133088266763 0.0
-0.0133779048768 0.0
-0.0134469823793 0.0
-0.0135160592667 0.0
-0.0135851356231 0.0
-0.0136542115324 0.0
-0.0137232870778 0.0
-0.0137923623405 0.0
-0.013861437399 0.0
-0.0139305123283 0.0
-0.0139995871989 0.0
-0.0140686620761 0.0
-0.0141377370195 0.0
-0.014206812082 0.0
-0.0142758873094 0.0
-0.0143449627399 0.0
-0.0144140384035 0.0
-0.0144831143222 0.0
-0.014552190509 0.0
-0.0146212669683 0.0
-0.0146903436958 0.0
-0.0147594206783 0.0
-0.0148284978939 0.0
-0.0148975753127 0.0
-0.0149666528963 0.0
-0.0150357305989 0.0
-0.0151048083677 0.0
-0.0151738861432 0.0
-0.0152429638599 0.0
-0.0153120414474 0.0
-0.0153811188306 0.0
-0.0154501959312 0.0
-0.0155192726678 0.0
-0.0155883489574 0.0
-0.0156574247159 0.0
-0.0157264998594 0.0
-0.0157955743048 0.0
-0.0158646479709 0.0
-0.0159337207792 0.0
-0.0160027926546 0.0
-0.0160718635268 0.0
-0.0161409333303 0.0
-0.0162100020056 0.0
-0.0162790694998 0.0
-0.0163481357672 0.0
-0.0164172007696 0.0
-0.0164862644767 0.0
-0.016555326867 0.0
-0.0166243879271 0.0
-0.0166934476527 0.0
-0.0167625060483 0.0
-0.016831563127 0.0
-0.0169006189106 0.0
-0.0169696734292 0.0
-0.0170387267211 0.0
-0.017107778832 0.0
-0.0171768298149 0.0
-0.0172458797292 0.0
-0.0173149286404 0.0
-0.017383976619 0.0
-0.01745302374 0.0
-0.0175220700818 0.0
-0.0175911157258 0.0
-0.017660160755 0.0
-0.0177292052534 0.0
-0.017798249305 0.0
-0.0178672929929 0.0
-0.0179363363984 0.0
-0.0180053795999 0.0
-0.0180744226724 0.0
-0.0181434656865 0.0
-0.0182125087075 0.0
-0.0182815517949 0.0
-0.0183505950016 0.0
-0.0184196383734 0.0
-0.0184886819486 0.0
-0.0185577257572 0.0
-0.0186267698211 0.0
-0.0186958141534 0.0
-0.0187648587584 0.0
-0.0188339036318 0.0
-0.0189029487605 0.0
-0.0189719941226 0.0
-0.019041039688 0.0
-0.0191100854185 0.0
-0.0191791312683 0.0
-0.0192481771845 0.0
-0.0193172231076 0.0
-0.0193862689722 0.0
-0.0194553147079 0.0
-0.0195243602395 0.0
-0.0195934054887 0.0
-0.0196624503742 0.0
-0.0197314948129 0.0
-0.0198005387208 0.0
-0.0198695820139 0.0
-0.0199386246092 0.0
-0.0200076664254 0.0
-0.020076707384 0.0
-0.02014574741 0.0
-0.020214786433 0.0
-0.0202838243876 0.0
-0.0203528612142 0.0
-0.0204218968601 0.0
-0.0204909312793 0.0
-0.0205599644337 0.0
-0.0206289962931 0.0
-0.0206980268359 0.0
-0.0207670560488 0.0
-0.0208360839276 0.0
-0.0209051104764 0.0
-0.0209741357087 0.0
-0.021043159646 0.0
-0.0211121823187 0.0
-0.0211812037648 0.0
-0.0212502240302 0.0
-0.0213192431678 0.0
-0.0213882612372 0.0
-0.0214572783036 0.0
-0.0215262944377 0.0
-0.0215953097144 0.0
-0.0216643242122 0.0
-0.0217333380124 0.0
-0.0218023511981 0.0
-0.0218713638532 0.0
-0.0219403760618 0.0
-0.0220093879069 0.0
-0.0220783994698 0.0
-0.022147410829 0.0
-0.0222164220594 0.0
-0.0222854332317 0.0
-0.0223544444111 0.0
-0.0224234556572 0.0
-0.0224924670228 0.0
-0.0225614785538 0.0
-0.0226304902884 0.0
-0.0226995022567 0.0
-0.0227685144805 0.0
-0.0228375269729 0.0
-0.0229065397383 0.0
-0.0229755527723 0.0
-0.0230445660619 0.0
-0.0231135795851 0.0
-0.0231825933118 0.0
-0.023251607204 0.0
-0.0233206212156 0.0
-0.0233896352939 0.0
-0.0234586493794 0.0
-0.0235276634066 0.0
-0.0235966773051 0.0
-0.0236656909998 0.0
-0.0237347044123 0.0
-0.0238037174614 0.0
-0.0238727300639 0.0
-0.0239417421358 0.0
-0.0240107535932 0.0
-0.0240797643531 0.0
-0.0241487743341 0.0
-0.0242177834577 0.0
-0.024286791649 0.0
-0.0243557988375 0.0
-0.0244248049579 0.0
-0.0244938099505 0.0
-0.0245628137626 0.0
-0.0246318163483 0.0
-0.0247008176695 0.0
-0.0247698176959 0.0
-0.024838816406 0.0
-0.0249078137864 0.0
-0.0249768098328 0.0
-0.0250458045497 0.0
-0.0251147979501 0.0
-0.0251837900559 0.0
-0.0252527808973 0.0
-0.0253217705123 0.0
-0.0253907589469 0.0
-0.025459746254 0.0
-0.0255287324931 0.0
-0.0255977177294 0.0
-0.0256667020337 0.0
-0.0257356854808 0.0
-0.0258046681493 0.0
-0.0258736501204 0.0
-0.0259426314772 0.0
-0.0260116123037 0.0
-0.026080592684 0.0
-0.026149572701 0.0
-0.026218552436 0.0
-0.0262875319676 0.0
-0.0263565113706 0.0
-0.0264254907158 0.0
-0.0264944700683 0.0
-0.0265634494877 0.0
-0.0266324290269 0.0
-0.0267014087318 0.0
-0.0267703886405 0.0
-0.0268393687831 0.0
-0.0269083491814 0.0
-0.0269773298487 0.0
-0.0270463107892 0.0
-0.0271152919985 0.0
-0.0271842734636 0.0
-0.0272532551626 0.0
-0.0273222370654 0.0
-0.0273912191338 0.0
-0.0274602013221 0.0
-0.0275291835771 0.0
-0.0275981658396 0.0
-0.0276671480441 0.0
-0.0277361301201 0.0
-0.0278051119926 0.0
-0.0278740935831 0.0
-0.0279430748104 0.0
-0.0280120555914 0.0
-0.0280810358421 0.0
-0.0281500154785 0.0
-0.0282189944175 0.0
-0.028287972578 0.0
-0.0283569498813 0.0
-0.0284259262526 0.0
-0.0284949016214 0.0
-0.0285638759221 0.0
-0.0286328490955 0.0
-0.0287018210885 0.0
-0.0287707918554 0.0
-0.028839761358 0.0
-0.0289087295661 0.0
-0.0289776964581 0.0
-0.0290466620206 0.0
-0.0291156262495 0.0
-0.029184589149 0.0
-0.0292535507323 0.0
-0.0293225110213 0.0
-0.029391470046 0.0
-0.0294604278447 0.0
-0.0295293844632 0.0
-0.0295983399544 0.0
-0.0296672943778 0.0
-0.0297362477988 0.0
-0.0298052002879 0.0
-0.0298741519201 0.0
-0.0299431027739 0.0
-0.0300120529306 0.0
-0.0300810024733 0.0
-0.0301499514859 0.0
-0.0302189000524 0.0
-0.030287848256 0.0
-0.0303567961778 0.0
-0.0304257438964 0.0
-0.0304946914868 0.0
-0.0305636390195 0.0
-0.0306325865598 0.0
-0.0307015341672 0.0
-0.0307704818948 0.0
-0.0308394297881 0.0
-0.0309083778856 0.0
-0.0309773262172 0.0
-0.0310462748048 0.0
-0.0311152236615 0.0
-0.0311841727918 0.0
-0.0312531221911 0.0
-0.0313220718464 0.0
-0.0313910217359 0.0
-0.0314599718295 0.0
-0.0315289220888 0.0
-0.0315978724683 0.0
-0.0316668229148 0.0
-0.031735773369 0.0
-0.0318047237654 0.0
-0.0318736740336 0.0
-0.0319426240985 0.0
-0.0320115738817 0.0
-0.0320805233019 0.0
-0.0321494722761 0.0
-0.0322184207202 0.0
-0.0322873685503 0.0
-0.0323563156832 0.0
-0.0324252620378 0.0
-0.0324942075356 0.0
-0.0325631521015 0.0
-0.0326320956651 0.0
-0.032701038161 0.0
-0.0327699795297 0.0
-0.0328389197183 0.0
-0.0329078586811 0.0
-0.0329767963798 0.0
-0.0330457327843 0.0
