0 0.0 9.0
0 0.000104528463268 9.0
0 0.000207911690818 9.0
0 0.000309016994375 9.0
0 0.000406736643076 9.0
0 0.0005 9.0
0 0.000587785252292 9.0
0 0.000669130606359 9.0
0 0.000743144825477 9.0
0 0.000809016994375 9.0
0 0.000866025403784 9.0
0 0.000913545457643 9.0
0 0.000951056516295 9.0
0 0.000978147600734 9.0
0 0.000994521895368 9.0
0 0.001 9.0
0 0.000994521895368 9.0
0 0.000978147600734 9.0
0 0.000951056516295 9.0
0 0.000913545457643 9.0
0 0.000866025403784 9.0
0 0.000809016994375 9.0
0 0.000743144825477 9.0
0 0.000669130606359 9.0
0 0.000587785252292 9.0
0 0.0005 9.0
0 0.000406736643076 9.0
0 0.000309016994375 9.0
0 0.000207911690818 9.0
0 0.000104528463268 9.0
0 1.22464679915e-19 9.0
0 -0.000104528463268 9.0
0 -0.000207911690818 9.0
0 -0.000309016994375 9.0
0 -0.000406736643076 9.0
0 -0.0005 9.0
0 -0.000587785252292 9.0
0 -0.000669130606359 9.0
0 -0.000743144825477 9.0
0 -0.000809016994375 9.0
0 -0.000866025403784 9.0
0 -0.000913545457643 9.0
0 -0.000951056516295 9.0
0 -0.000978147600734 9.0
0 -0.000994521895368 9.0
0 -0.001 9.0
0 -0.000994521895368 9.0
0 -0.000978147600734 9.0
0 -0.000951056516295 9.0
0 -0.000913545457643 9.0
0 -0.000866025403784 9.0
0 -0.000809016994375 9.0
0 -0.000743144825477 9.0
0 -0.000669130606359 9.0
0 -0.000587785252292 9.0
0 -0.0005 9.0
0 -0.000406736643076 9.0
0 -0.000309016994375 9.0
0 -0.000207911690818 9.0
0 -0.000104528463268 9.0
0 -2.44929359829e-19 9.0
0 0.000104528463268 9.0
0 0.000207911690818 9.0
0 0.000309016994375 9.0
0 0.000406736643076 9.0
0 0.0005 9.0
0 0.000587785252292 9.0
0 0.000669130606359 9.0
0 0.000743144825477 9.0
0 0.000809016994375 9.0
0 0.000866025403784 9.0
0 0.000913545457643 9.0
0 0.000951056516295 9.0
0 0.000978147600734 9.0
0 0.000994521895368 9.0
0 0.001 9.0
0 0.000994521895368 9.0
0 0.000978147600734 9.0
0 0.000951056516295 9.0
0 0.000913545457643 9.0
0 0.000866025403784 9.0
0 0.000809016994375 9.0
0 0.000743144825477 9.0
0 0.000669130606359 9.0
0 0.000587785252292 9.0
0 0.0005 9.0
0 0.000406736643076 9.0
0 0.000309016994375 9.0
0 0.000207911690818 9.0
0 0.000104528463268 9.0
0 3.67394039744e-19 9.0
0 -0.000104528463268 9.0
0 -0.000207911690818 9.0
0 -0.000309016994375 9.0
0 -0.000406736643076 9.0
0 -0.0005 9.0
0 -0.000587785252292 9.0
0 -0.000669130606359 9.0
0 -0.000743144825477 9.0
0 -0.000809016994375 9.0
0 -0.000866025403784 9.0
0 -0.000913545457643 9.0
0 -0.000951056516295 9.0
0 -0.000978147600734 9.0
0 -0.000994521895368 9.0
0 -0.001 9.0
0 -0.000994521895368 9.0
0 -0.000978147600734 9.0
0 -0.000951056516295 9.0
0 -0.000913545457643 9.0
0 -0.000866025403784 9.0
0 -0.000809016994375 9.0
0 -0.000743144825477 9.0
0 -0.000669130606359 9.0
0 -0.000587785252292 9.0
0 -0.0005 9.0
0 -0.000406736643076 9.0
0 -0.000309016994375 9.0
0 -0.000207911690818 9.0
0 -0.000104528463268 9.0
0 -4.89858719659e-19 9.0
0 0.000104528463268 9.0
0 0.000207911690818 9.0
0 0.000309016994375 9.0
0 0.000406736643076 9.0
0 0.0005 9.0
0 0.000587785252292 9.0
0 0.000669130606359 9.0
0 0.000743144825477 9.0
0 0.000809016994375 9.0
0 0.000866025403784 9.0
0 0.000913545457643 9.0
0 0.000951056516295 9.0
0 0.000978147600734 9.0
0 0.000994521895368 9.0
0 0.001 9.0
0 0.000994521895368 9.0
0 0.000978147600734 9.0
0 0.000951056516295 9.0
0 0.000913545457643 9.0
0 0.000866025403784 9.0
0 0.000809016994375 9.0
0 0.000743144825477 9.0
0 0.000669130606359 9.0
0 0.000587785252292 9.0
0 0.0005 9.0
0 0.000406736643076 9.0
0 0.000309016994375 9.0
0 0.000207911690818 9.0
0 0.000104528463268 9.0
0 -1.16403343983e-18 9.0
0 -0.000104528463268 9.0
0 -0.000207911690818 9.0
0 -0.000309016994375 9.0
0 -0.000406736643076 9.0
0 -0.0005 9.0
0 -0.000587785252292 9.0
0 -0.000669130606359 9.0
0 -0.000743144825477 9.0
0 -0.000809016994375 9.0
0 -0.000866025403784 9.0
0 -0.000913545457643 9.0
0 -0.000951056516295 9.0
0 -0.000978147600734 9.0
0 -0.000994521895368 9.0
0 -0.001 9.0
0 -0.000994521895368 9.0
0 -0.000978147600734 9.0
0 -0.000951056516295 9.0
0 -0.000913545457643 9.0
0 -0.000866025403784 9.0
0 -0.000809016994375 9.0
0 -0.000743144825477 9.0
0 -0.000669130606359 9.0
0 -0.000587785252292 9.0
0 -0.0005 9.0
0 -0.000406736643076 9.0
0 -0.000309016994375 9.0
0 -0.000207911690818 9.0
0 -0.000104528463268 9.0
0 -7.34788079488e-19 9.0
0 0.000104528463268 9.0
0 0.000207911690818 9.0
0 0.000309016994375 9.0
0 0.000406736643076 9.0
0 0.0005 9.0
0 0.000587785252292 9.0
0 0.000669130606359 9.0
0 0.000743144825477 9.0
0 0.000809016994375 9.0
0 0.000866025403784 9.0
0 0.000913545457643 9.0
0 0.000951056516295 9.0
0 0.000978147600734 9.0
0 0.000994521895368 9.0
0 0.001 9.0
0 0.000994521895368 9.0
0 0.000978147600734 9.0
0 0.000951056516295 9.0
0 0.000913545457643 9.0
0 0.000866025403784 9.0
0 0.000809016994375 9.0
0 0.000743144825477 9.0
0 0.000669130606359 9.0
0 0.000587785252292 9.0
0 0.0005 9.0
0 0.000406736643076 9.0
0 0.000309016994375 9.0
0 0.000207911690818 9.0
0 0.000104528463268 9.0
0 -2.6954609194e-18 9.0
0 -0.000104528463268 9.0
0 -0.000207911690818 9.0
0 -0.000309016994375 9.0
0 -0.000406736643076 9.0
0 -0.0005 9.0
0 -0.000587785252292 9.0
0 -0.000669130606359 9.0
0 -0.000743144825477 9.0
0 -0.000809016994375 9.0
0 -0.000866025403784 9.0
0 -0.000913545457643 9.0
0 -0.000951056516295 9.0
0 -0.000978147600734 9.0
0 -0.000994521895368 9.0
0 -0.001 9.0
0 -0.000994521895368 9.0
0 -0.000978147600734 9.0
0 -0.000951056516295 9.0
0 -0.000913545457643 9.0
0 -0.000866025403784 9.0
0 -0.000809016994375 9.0
0 -0.000743144825477 9.0
0 -0.000669130606359 9.0
0 -0.000587785252292 9.0
0 -0.0005 9.0
0 -0.000406736643076 9.0
0 -0.000309016994375 9.0
0 -0.000207911690818 9.0
0 -0.000104528463268 9.0
0 -9.79717439318e-19 9.0
0 0.000104528463268 9.0
0 0.000207911690818 9.0
0 0.000309016994375 9.0
0 0.000406736643076 9.0
0 0.0005 9.0
0 0.000587785252292 9.0
0 0.000669130606359 9.0
0 0.000743144825477 9.0
0 0.000809016994375 9.0
0 0.000866025403784 9.0
0 0.000913545457643 9.0
0 0.000951056516295 9.0
0 0.000978147600734 9.0
0 0.000994521895368 9.0
0 0.001 9.0
0 0.000994521895368 9.0
0 0.000978147600734 9.0
0 0.000951056516295 9.0
0 0.000913545457643 9.0
0 0.000866025403784 9.0
0 0.000809016994375 9.0
0 0.000743144825477 9.0
0 0.000669130606359 9.0
0 0.000587785252292 9.0
0 0.0005 9.0
0 0.000406736643076 9.0
0 0.000309016994375 9.0
0 0.000207911690818 9.0
0 0.000104528463268 9.0
0 1.10218211923e-18 9.0
0 -0.000104528463268 9.0
0 -0.000207911690818 9.0
0 -0.000309016994375 9.0
0 -0.000406736643076 9.0
0 -0.0005 9.0
0 -0.000587785252292 9.0
0 -0.000669130606359 9.0
0 -0.000743144825477 9.0
0 -0.000809016994375 9.0
0 -0.000866025403784 9.0
0 -0.000913545457643 9.0
0 -0.000951056516295 9.0
0 -0.000978147600734 9.0
0 -0.000994521895368 9.0
0 -0.001 9.0
0 -0.000994521895368 9.0
0 -0.000978147600734 9.0
0 -0.000951056516295 9.0
0 -0.000913545457643 9.0
0 -0.000866025403784 9.0
0 -0.000809016994375 9.0
0 -0.000743144825477 9.0
0 -0.000669130606359 9.0
0 -0.000587785252292 9.0
0 -0.0005 9.0
0 -0.000406736643076 9.0
0 -0.000309016994375 9.0
0 -0.000207911690818 9.0
0 -0.000104528463268 9.0
0 2.32806687965e-18 9.0
0 0.000104528463268 9.0
0 0.000207911690818 9.0
0 0.000309016994375 9.0
0 0.000406736643076 9.0
0 0.0005 9.0
0 0.000587785252292 9.0
0 0.000669130606359 9.0
0 0.000743144825477 9.0
0 0.000809016994375 9.0
0 0.000866025403784 9.0
0 0.000913545457643 9.0
0 0.000951056516295 9.0
0 0.000978147600734 9.0
0 0.000994521895368 9.0
0 0.001 9.0
0 0.000994521895368 9.0
0 0.000978147600734 9.0
0 0.000951056516295 9.0
0 0.000913545457643 9.0
0 0.000866025403784 9.0
0 0.000809016994375 9.0
0 0.000743144825477 9.0
0 0.000669130606359 9.0
0 0.000587785252292 9.0
0 0.0005 9.0
0 0.000406736643076 9.0
0 0.000309016994375 9.0
0 0.000207911690818 9.0
0 0.000104528463268 9.0
0 -2.20560219974e-18 9.0
0 -0.000104528463268 9.0
0 -0.000207911690818 9.0
0 -0.000309016994375 9.0
0 -0.000406736643076 9.0
0 -0.0005 9.0
0 -0.000587785252292 9.0
0 -0.000669130606359 9.0
0 -0.000743144825477 9.0
0 -0.000809016994375 9.0
0 -0.000866025403784 9.0
0 -0.000913545457643 9.0
0 -0.000951056516295 9.0
0 -0.000978147600734 9.0
0 -0.000994521895368 9.0
0 -0.001 9.0
0 -0.000994521895368 9.0
0 -0.000978147600734 9.0
0 -0.000951056516295 9.0
0 -0.000913545457643 9.0
0 -0.000866025403784 9.0
0 -0.000809016994375 9.0
0 -0.000743144825477 9.0
0 -0.000669130606359 9.0
0 -0.000587785252292 9.0
0 -0.0005 9.0
0 -0.000406736643076 9.0
0 -0.000309016994375 9.0
0 -0.000207911690818 9.0
0 -0.000104528463268 9.0
0 -1.46957615898e-18 9.0
0 0.000104528463268 9.0
0 0.000207911690818 9.0
0 0.000309016994375 9.0
0 0.000406736643076 9.0
0 0.0005 9.0
0 0.000587785252292 9.0
0 0.000669130606359 9.0
0 0.000743144825477 9.0
0 0.000809016994375 9.0
0 0.000866025403784 9.0
0 0.000913545457643 9.0
0 0.000951056516295 9.0
0 0.000978147600734 9.0
0 0.000994521895368 9.0
0 0.001 9.0
0 0.000994521895368 9.0
0 0.000978147600734 9.0
0 0.000951056516295 9.0
0 0.000913545457643 9.0
0 0.000866025403784 9.0
0 0.000809016994375 9.0
0 0.000743144825477 9.0
0 0.000669130606359 9.0
0 0.000587785252292 9.0
0 0.0005 9.0
0 0.000406736643076 9.0
0 0.000309016994375 9.0
0 0.000207911690818 9.0
0 0.000104528463268 9.0
0 -1.96067283991e-18 9.0
0 -0.000104528463268 9.0
0 -0.000207911690818 9.0
0 -0.000309016994375 9.0
0 -0.000406736643076 9.0
0 -0.0005 9.0
0 -0.000587785252292 9.0
0 -0.000669130606359 9.0
0 -0.000743144825477 9.0
0 -0.000809016994375 9.0
0 -0.000866025403784 9.0
0 -0.000913545457643 9.0
0 -0.000951056516295 9.0
0 -0.000978147600734 9.0
0 -0.000994521895368 9.0
0 -0.001 9.0
0 -0.000994521895368 9.0
0 -0.000978147600734 9.0
0 -0.000951056516295 9.0
0 -0.000913545457643 9.0
0 -0.000866025403784 9.0
0 -0.000809016994375 9.0
0 -0.000743144825477 9.0
0 -0.000669130606359 9.0
0 -0.000587785252292 9.0
0 -0.0005 9.0
0 -0.000406736643076 9.0
0 -0.000309016994375 9.0
0 -0.000207911690818 9.0
0 -0.000104528463268 9.0
0 5.39092183879e-18 9.0
0 0.000104528463268 9.0
0 0.000207911690818 9.0
0 0.000309016994375 9.0
0 0.000406736643076 9.0
0 0.0005 9.0
0 0.000587785252292 9.0
0 0.000669130606359 9.0
0 0.000743144825477 9.0
0 0.000809016994375 9.0
0 0.000866025403784 9.0
0 0.000913545457643 9.0
0 0.000951056516295 9.0
0 0.000978147600734 9.0
0 0.000994521895368 9.0
0 0.001 9.0
0 0.000994521895368 9.0
0 0.000978147600734 9.0
0 0.000951056516295 9.0
0 0.000913545457643 9.0
0 0.000866025403784 9.0
0 0.000809016994375 9.0
0 0.000743144825477 9.0
0 0.000669130606359 9.0
0 0.000587785252292 9.0
0 0.0005 9.0
0 0.000406736643076 9.0
0 0.000309016994375 9.0
0 0.000207911690818 9.0
0 0.000104528463268 9.0
0 -1.71574348008e-18 9.0
0 -0.000104528463268 9.0
0 -0.000207911690818 9.0
0 -0.000309016994375 9.0
0 -0.000406736643076 9.0
0 -0.0005 9.0
0 -0.000587785252292 9.0
0 -0.000669130606359 9.0
0 -0.000743144825477 9.0
0 -0.000809016994375 9.0
0 -0.000866025403784 9.0
0 -0.000913545457643 9.0
0 -0.000951056516295 9.0
0 -0.000978147600734 9.0
0 -0.000994521895368 9.0
0 -0.001 9.0
0 -0.000994521895368 9.0
0 -0.000978147600734 9.0
0 -0.000951056516295 9.0
0 -0.000913545457643 9.0
0 -0.000866025403784 9.0
0 -0.000809016994375 9.0
0 -0.000743144825477 9.0
0 -0.000669130606359 9.0
0 -0.000587785252292 9.0
0 -0.0005 9.0
0 -0.000406736643076 9.0
0 -0.000309016994375 9.0
0 -0.000207911690818 9.0
0 -0.000104528463268 9.0
