-8.96675519149 3.45939610299e-05
-8.96658211678 0.000208309684789
-8.96641018441 0.000380878841784
-8.96624052287 0.000551168756908
-8.96607423579 0.000718071721078
-8.96591238981 0.000880517127526
-8.96575600295 0.00103748320159
-8.9656060334 0.0011880081955
-8.96546336905 0.00133120092547
-8.96532881778 0.00146625053572
-8.96520309856 0.00159243538235
-8.96508683361 0.00170913093985
-8.96498054158 0.00181581664351
-8.96488463186 0.00191208159285
-8.96479940007 0.00199762905355
-8.96472502488 0.00207227970847
-8.964661566 0.00213597362237
-8.96460896354 0.00218877089849
-8.9645670387 0.00223085102012
-8.96453549566 0.0022625108841
-8.96451392489 0.00228416154795
-8.96450180759 0.00229632372629
-8.9644985214 0.0022996220857
-8.96450334721 0.00229477840084
-8.96451547704 0.00228260364645
-8.96453402289 0.00226398911218
-8.96455802646 0.00223989663743
-8.96458646968 0.00221134807325
-8.96461828583 0.00217941408669
-8.96465237124 0.00214520243039
-8.9646875974 0.00210984580578
-8.96472282329 0.00207448945297
-8.9647569079 0.00204027860328
-8.96478872274 0.00200834593183
-8.96481716418 0.0019797991477
-8.96484116558 0.00195570885768
-8.96485970892 0.00193709683643
-8.96487183601 0.00192492483173
-8.96487665895 0.00192008402737
-8.96487336988 0.00192338527915
-8.96486124982 0.00193555023097
-8.96483967654 0.00195720340835
-8.96480813141 0.00198886537601
-8.96476620503 0.00203094703442
-8.96471360178 0.00208374511794
-8.96465014298 0.00214743894369
-8.96457576894 0.00222208844695
-8.96449053953 0.00230763352445
-8.96439463356 0.00240389469293
-8.96428834686 0.00251057505556
-8.96417208894 0.00262726355481
-8.96404637861 0.0027534394761
-8.96391183823 0.00288847815282
-8.96376918692 0.00303165781035
-8.96361923264 0.00318216747395
-8.9634628634 0.00333911585397
-8.9633010375 0.00350154111101
-8.96313477301 0.00366842139405
-8.96296513665 0.00383868603604
-8.96279323209 0.00401122728434
-8.96262018784 0.00418491243754
-8.96244714492 0.00435859625553
-8.96227524434 0.004531133507
-8.96210561459 0.00470139151684
-8.96193935929 0.00486826257598
-8.9617775451 0.00503067607764
-8.96162119002 0.00518761024716
-8.96147125226 0.00533810333677
-8.9613286197 0.00548126416269
-8.96119410021 0.00561628186913
-8.96106841278 0.00574243481219
-8.96095217962 0.00585909846637
-8.96084591937 0.00596575226696
-8.96075004143 0.00606198531348
-8.96066484143 0.00614750087159
-8.96059049802 0.00622211962418
-8.96052707092 0.00628578163598
-8.96047450026 0.00633854701025
-8.96043260719 0.00638059523028
-8.96040109594 0.0064122231929
-8.96037955695 0.00643384195565
-8.96036747144 0.00644597223312
-8.96036421703 0.00644923869191
-8.96036907462 0.00644436310668
-8.96038123624 0.00643215645215
-8.96039981386 0.006413510018
-8.96042384922 0.00638938564361
-8.96045232422 0.00636080518003
-8.96048417215 0.00632883929433
-8.96051828934 0.00629459573912
-8.96055354728 0.00625920721585
-8.96058880495 0.00622381896463
-8.96062292134 0.00618957621678
-8.96065476796 0.0061576116474
-8.96068324119 0.0061290329656
-8.96070727436 0.00610491077814
-8.96072584948 0.0060862668597
-8.96073800835 0.00607406295806
-8.96074286307 0.006069190257
-8.96073960578 0.00607245961233
-8.9607275175 0.00608459266795
-8.960705976 0.00610621394936
-8.96067446264 0.0061378440213
-8.96063256805 0.00617989378425
-8.96057999657 0.00623265997254
-8.96051656955 0.00629632190331
-8.96044222728 0.00637093951183
-8.96035702965 0.00645645269484
-8.96026115546 0.00655268196908
-8.96015490053 0.00665933043771
-8.96003867439 0.00677598704321
-8.95991299584 0.00690213107099
-8.95977848724 0.00703713785444
-8.95963586769 0.00718028561895
-8.95948594519 0.00733076338978
-8.95932960773 0.00748767987727
-8.9591678136 0.00765007324203
-8.95900158089 0.00781692163303
-8.9588319763 0.00798715438322
-8.95866010351 0.00815966373998
-8.95848709104 0.00833331700188
-8.95831407989 0.00850696892881
-8.95814221108 0.00867947428947
-8.9579726131 0.00884970040874
-8.95780638958 0.00901653957756
-8.95764460716 0.00917892118914
-8.95748828385 0.00933582346883
-8.95733837786 0.00948628466885
-8.95719577708 0.00962941360543
-8.95706128936 0.00976439942277
-8.9569356337 0.00989052047698
-8.95681943231 0.0100071522426
-8.95671320383 0.0101137741548
-8.95661735766 0.0102099753132
-8.95653218943 0.0102954589834
-8.95645787779 0.0103700458484
-8.95639448247 0.0104336759728
-8.95634194357 0.01048640946
-8.95630008228 0.0105284257931
-8.95626860279 0.0105600218691
-8.95624709557 0.0105816087454
-8.95623504182 0.0105937071367
-8.95623181918 0.0105969417096
-8.95623670855 0.0105920342387
-8.95624890193 0.0105797956988
-8.95626751132 0.0105611173794
-8.95629157844 0.0105369611201
-8.95632008521 0.0105083487719
-8.95635196491 0.0104763510017
-8.95638611387 0.0104420755623
-8.95642140358 0.0104066551551
-8.95645669301 0.0103712350202
-8.95649084117 0.0103369603889
-8.95652271955 0.0103049639363
-8.95655122454 0.0102763533715
-8.95657528948 0.0102521993013
-8.95659389637 0.0102335235004
-8.956606087 0.0102212877165
-8.95661097349 0.0102163831335
-8.95660774796 0.0102196206071
-8.95659569144 0.0102317217812
-8.9565741817 0.0102533111814
-8.95654270011 0.0102849093723
-8.95650083728 0.0103269272545
-8.95644829756 0.0103796615622
-8.95638490231 0.0104432916127
-8.9563105918 0.0105178773412
-8.95622542593 0.0106033586445
-8.95612958351 0.0106995560392
-8.95602336034 0.0108061726285
-8.95590716596 0.010922797355
-8.95578151917 0.0110489095039
-8.95564704233 0.0111838844088
-8.95550445454 0.011327000295
-8.9553545638 0.0114774461878
-8.9551982581 0.0116343307975
-8.95503649573 0.0117966922846
-8.95487029478 0.0119635087983
-8.95470072195 0.0121337096714
-8.95452888092 0.0123061871513
-8.9543559002 0.0124798085366
-8.95418292082 0.0126534285872
-8.95401108377 0.0128259020718
-8.95384151755 0.0129960963152
-8.95367532578 0.0131629036084
-8.95351357512 0.0133252533446
-8.95335728357 0.0134821237492
-8.95320740933 0.0136325530743
-8.95306484031 0.0137756501362
-8.95293038435 0.0139106040792
-8.95280476044 0.0140366932593
-8.95268859081 0.0141532931509
-8.95258239409 0.0142598831895
-8.95248657967 0.0143560524745
-8.9524014432 0.0144415042716
-8.95232716331 0.0145160592636
-8.95226379974 0.0145796575154
-8.9522112926 0.0146323591301
-8.95216946306 0.014674343591
-8.95213801533 0.0147059077951
-8.95211653986 0.0147274627997
-8.95210451787 0.0147395293196
-8.95210132699 0.0147427320212
-8.9521062481 0.0147377926794
-8.95211847323 0.0147255222687
-8.95213711438 0.0147068120789
-8.95216121326 0.0146826239494
-8.95218975178 0.0146539797311
-8.95222166323 0.0146219500913
-8.95225584394 0.0145876427824
-8.9522911654 0.0145521905059
-8.95232648658 0.014516738502
-8.95236066649 0.0144824320019
-8.95239257663 0.0144504036808
-8.95242111337 0.0144217612478
-8.95244521006 0.0143975753096
-8.95246384869 0.0143788676409
-8.95247607108 0.0143665999895
-8.95248098931 0.0143616635392
-8.95247779553 0.0143648691457
-8.95246577076 0.014376938453
-8.95244429278 0.0143984959866
-8.95241284293 0.0144300623113
-8.95237101185 0.0144720483274
-8.95231850388 0.0145247507693
-8.95225514037 0.0145883489543
-8.95218086162 0.0146629028174
-8.95209572749 0.0147483522556
-8.95199991682 0.0148445177854
-8.95189372539 0.0149511025102
-8.95177756276 0.0150676953723
-8.95165194772 0.0151937756572
-8.95151750262 0.0153287186982
-8.95137494658 0.0154718027208
-8.95122508759 0.0156222167502
-8.95106881363 0.0157790694967
-8.95090708301 0.0159413991211
-8.9507409138 0.0161081837721
-8.95057137272 0.0162783527828
-8.95039956343 0.0164507984006
-8.95022661446 0.016624387924
-8.95005366682 0.0167979761129
-8.94988186151 0.0169704177361
-8.94971232703 0.0171405801183
-8.94954616701 0.0173073555506
-8.94938444809 0.0174696734261
-8.94922818829 0.0176265119703
-8.94907834579 0.0177769094352
-8.94893580851 0.0179199746372
-8.94880138429 0.0180548967205
-8.94867579213 0.0181809540411
-8.94855965424 0.0182975220736
-8.94845348926 0.0184040802532
-8.94835770658 0.0185002176795
-8.94827260185 0.0185856376181
-8.94819835371 0.0186601607519
-8.94813502187 0.0187237271457
-8.94808254647 0.0187763969027
-8.94804074867 0.0188183495061
-8.94800933268 0.0188498818529
-8.94798788896 0.0188714050006
-8.9479758987 0.0188834396637
-8.94797273956 0.0188866105089
-8.94797769241 0.0188816393107
-8.94798994928 0.0188693370441
-8.94800862217 0.0188505949985
-8.94803275278 0.0188263750134
-8.94806132304 0.0187976989399
-8.94809326623 0.018765637445
-8.94812747868 0.0187312982813
-8.94816283187 0.0186958141503
-8.94819818479 0.018660330292
-8.94823239644 0.0186259919379
-8.94826433831 0.018593931763
-8.94829290679 0.0185652574764
-8.94831703521 0.0185410396849
-8.94833570558 0.0185223001631
-8.9483479597 0.0185100006589
-8.94835290967 0.0185050323559
-8.94834974763 0.0185082061101
-8.94833775459 0.0185202435654
-8.94831630834 0.0185417692471
-8.94828489023 0.0185733037201
-8.94824309088 0.0186152578849
-8.94819061465 0.0186679284757
-8.94812728287 0.0187314948098
-8.94805303585 0.0188060168223
-8.94796793346 0.0188914344101
-8.94787215451 0.0189875680898
-8.94776599482 0.0190941209647
-8.94764986392 0.0192106819771
-8.94752428061 0.0193367304126
-8.94738986725 0.0194716416045
-8.94724734294 0.0196146937781
-8.94709751568 0.0197650759588
-8.94694127345 0.019921896857
-8.94677957456 0.0200841946331
-8.94661343708 0.0202509474362
-8.94644392773 0.0204210845992
-8.94627215017 0.0205934983696
-8.94609923293 0.0207670560458
-8.94592631702 0.0209406123877
-8.94575454344 0.0211130221642
-8.94558504069 0.0212831526999
-8.94541891239 0.021449896286
-8.94525722521 0.0216121823156
-8.94510099713 0.021768989014
-8.94495118636 0.0219193546334
-8.94480868081 0.0220623879902
-8.94467428832 0.0221972782284
-8.94454872788 0.0223233037043
-8.94443262171 0.0224398398923
-8.94432648846 0.0225463662276
-8.94423073752 0.0226424718099
-8.94414566451 0.0227278599047
-8.94407144809 0.022802351195
-8.94400814799 0.0228658857455
-8.94395570431 0.0229185236594
-8.94391393824 0.0229604444201
-8.94388255397 0.0229919449243
-8.94386114197 0.0230134362297
-8.94384918344 0.0230254390507
-8.94384605602 0.0230285780541
-8.9438510406 0.0230235750144
-8.94386332919 0.0230112409064
-8.9438820338 0.0229924670197
-8.94390619614 0.0229682151938
-8.94393479812 0.0229395072797
-8.94396677303 0.0229074139444
-8.9440010172 0.0228730429406
-8.94403640212 0.0228375269698
-8.94407178676 0.0228020112719
-8.94410603013 0.0227676410784
-8.94413800372 0.0227355490644
-8.94416660392 0.0227068429389
-8.94419076407 0.0226825933087
-8.94420946616 0.0226638219486
-8.944221752 0.0226514906062
-8.94422673369 0.0226464904654
-8.94422360337 0.0226496323819
-8.94421164205 0.0226616379997
-8.94419022752 0.0226831318443
-8.94415884113 0.0227146344804
-8.94411707349 0.0227565568085
-8.94406462898 0.0228091955629
-8.94400132893 0.0228727300608
-8.94392711362 0.0229472202373
-8.94384204294 0.0230326059894
-8.94374629572 0.0231287078337
-8.94364016775 0.0232352288733
-8.94352406857 0.0233517580508
-8.94339851697 0.0234777746516
-8.94326413532 0.023612654009
-8.94312164273 0.0237556743484
-8.94297184718 0.0239060246951
-8.94281563668 0.0240628137595
-8.9426539695 0.0242250797022
-8.94248786374 0.024391800672
-8.9423183861 0.024561906002
-8.94214664026 0.0247342879396
-8.94197375473 0.0249078137833
-8.94180087053 0.025081338293
-8.94162912867 0.0252537162374
-8.94145965764 0.0254238149414
-8.94129356105 0.0255905266959
-8.94113190558 0.0257527808942
-8.94097570922 0.0259095557615
-8.94082593017 0.0260598895502
-8.94068345632 0.0262028910764
-8.94054909554 0.0263377494843
-8.94042356682 0.0264637431301
-8.94030749237 0.0265802474883
-8.94020139083 0.026686741994
-8.94010567159 0.0267828157469
-8.94002063029 0.0268681720127
-8.93994644559 0.0269426314741
-8.93988317719 0.027006134196
-8.93983076523 0.0270587402816
-8.93978903087 0.0271006292141
-8.93975767831 0.0271320978905
-8.93973629802 0.0271535573682
-8.9397243712 0.0271655283619
-8.93972127549 0.0271686355381
-8.93972629178 0.0271636006715
-8.93973861208 0.0271512347369
-8.9397573484 0.0271324290238
-8.93978154244 0.0271081453718
-8.93981017613 0.0270794056317
-8.93984218275 0.0270472804708
-8.93987645863 0.0270128776416
-8.93991187526 0.0269773298456
-8.93994729161 0.0269417823228
-8.93998156668 0.0269073803046
-8.94001357198 0.0268752564661
-8.94004220389 0.0268465185164
-8.94006639574 0.0268222370623
-8.94008512954 0.0268034338784
-8.94009744709 0.0267910707126
-8.94010246048 0.0267860387486
-8.94009936187 0.0267891488421
-8.94008743225 0.0268011226372
-8.94006604943 0.0268225846593
-8.94003469474 0.0268540554732
-8.93999295881 0.0268959459792
-8.939940546 0.0269485529119
-8.93987727765 0.0270120555883
-8.93980309405 0.0270865139436
-8.93971805508 0.0271718678746
-8.93962233956 0.0272679378981
-8.93951624329 0.0273744271172
-8.93940017581 0.0274909244745
-8.93927465592 0.0276169092552
-8.93914030597 0.0277517567928
-8.93899784508 0.0278947453127
-8.93884808124 0.0280450638401
-8.93869190243 0.0282018210854
-8.93853026696 0.0283640552092
-8.93836419289 0.0285307443605
-8.93819474696 0.0287008178722
-8.93802303282 0.0288731679917
-8.93785017899 0.0290466620175
-8.93767732649 0.0292201547096
-8.93750561633 0.0293925008367
-8.93733617699 0.0295625677236
-8.93717011211 0.0297292476612
-8.93700848834 0.0298914700429
-8.93685232367 0.0300482130939
-8.93670257632 0.0301985150664
-8.93656013417 0.0303414847767
-8.93642580509 0.0304763113691
-8.93630030807 0.0306022731995
-8.93618426531 0.0307187457424
-8.93607819547 0.0308252084333
-8.93598250793 0.0309212503716
-8.93589749833 0.0310065748229
-8.93582334532 0.0310810024702
-8.93576010863 0.0311444733781
-8.93570772836 0.03119704765
-8.93566602569 0.0312389047692
-8.93563470483 0.0312703416323
-8.93561335623 0.0312917692971
-8.93560146111 0.0313037084781
-8.93559839709 0.0313067838418
-8.93560344508 0.031301717163
-8.93561579707 0.0312893194164
-8.93563456509 0.0312704818916
-8.93565879083 0.0312461664281
-8.93568745621 0.0312173948768
-8.93571949452 0.0311852379049
-8.9357538021 0.031150803265
-8.93578925041 0.0311152236584
-8.93582469846 0.0310796443254
-8.93585900522 0.0310452104972
-8.93589104222 0.0310130548489
-8.93591970581 0.0309842850897
-8.93594392936 0.0309599718263
-8.93596269485 0.0309411368334
-8.93597504409 0.0309287418588
-8.93598008918 0.0309236780862
-8.93597702225 0.0309267563715
-8.93596512433 0.0309386983585
-8.93594377319 0.0309601285728
-8.9359124502 0.0309915675791
-8.93587074596 0.0310334262779
-8.93581836484 0.0310860014034
-8.93575512818 0.031149472273
-8.93568097627 0.0312238988217
-8.93559596898 0.0313092209464
-8.93550028515 0.0314052591638
-8.93539422057 0.0315117165771
-8.93527818478 0.0316281821287
-8.93515269657 0.031754135104
-8.93501837831 0.0318889508365
-8.93487594911 0.0320319075515
-8.93472621696 0.0321821942743
-8.93457006984 0.0323389197152
-8.93440846605 0.0325011220349
-8.93424242367 0.0326677793823
-8.93407300942 0.0328378210903
-8.93390132697 0.0330101394064
