0.0 0.0
-6.91879282176e-10 0.0
-1.38374520982e-09 0.0
-2.07559787108e-09 0.0
-2.76743744117e-09 0.0
-3.45926418046e-09 0.0
-4.15107843164e-09 0.0
-4.84288061594e-09 0.0
-5.5346712285e-09 0.0
-6.22645083302e-09 0.0
-6.91822005549e-09 0.0
-7.6099795774e-09 0.0
-8.30173012826e-09 0.0
-8.99347247756e-09 0.0
-9.68520742643e-09 0.0
-1.03769357988e-08 0.0
-1.10686584323e-08 0.0
-1.17603761693e-08 0.0
-1.24520898474e-08 0.0
-1.31438002907e-08 0.0
-1.38355083e-08 0.0
-1.45272146449e-08 0.0
-1.52189200549e-08 0.0
-1.59106252113e-08 0.0
-1.660233074e-08 0.0
-1.72940372047e-08 0.0
-1.79857451004e-08 0.0
-1.86774548483e-08 0.0
-1.93691667908e-08 0.0
-2.00608811883e-08 0.0
-2.07525982158e-08 0.0
-2.14443179614e-08 0.0
-2.2136040425e-08 0.0
-2.28277655186e-08 0.0
-2.35194930671e-08 0.0
-2.42112228101e-08 0.0
-2.49029544051e-08 0.0
-2.55946874309e-08 0.0
-2.62864213924e-08 0.0
-2.69781557261e-08 0.0
-2.7669889806e-08 0.0
-2.83616229507e-08 0.0
-2.90533544308e-08 0.0
-2.97450834768e-08 0.0
-3.04368092878e-08 0.0
-3.11285310399e-08 0.0
-3.18202478955e-08 0.0
-3.25119590124e-08 0.0
-3.32036635529e-08 0.0
-3.38953606932e-08 0.0
-3.45870496324e-08 0.0
-3.52787296011e-08 0.0
-3.597039987e-08 0.0
-3.66620597576e-08 0.0
-3.73537086382e-08 0.0
-3.80453459482e-08 0.0
-3.87369711927e-08 0.0
-3.94285839507e-08 0.0
-4.01201838795e-08 0.0
-4.08117707192e-08 0.0
-4.15033442946e-08 0.0
-4.21949045179e-08 0.0
-4.2886451389e-08 0.0
-4.35779849963e-08 0.0
-4.42695055148e-08 0.0
-4.49610132049e-08 0.0
-4.56525084095e-08 0.0
-4.63439915495e-08 0.0
-4.70354631203e-08 0.0
-4.77269236855e-08 0.0
-4.84183738711e-08 0.0
-4.91098143586e-08 0.0
-4.98012458775e-08 0.0
-5.04926691973e-08 0.0
-5.11840851192e-08 0.0
-5.18754944669e-08 0.0
-5.25668980783e-08 0.0
-5.32582967956e-08 0.0
-5.39496914565e-08 0.0
-5.46410828849e-08 0.0
-5.53324718819e-08 0.0
-5.6023859217e-08 0.0
-5.67152456195e-08 0.0
-5.74066317709e-08 0.0
-5.80980182971e-08 0.0
-5.87894057618e-08 0.0
-5.94807946598e-08 0.0
-6.01721854125e-08 0.0
-6.08635783623e-08 0.0
-6.15549737695e-08 0.0
-6.22463718092e-08 0.0
-6.29377725695e-08 0.0
-6.36291760502e-08 0.0
-6.43205821634e-08 0.0
-6.50119907338e-08 0.0
-6.57034015013e-08 0.0
-6.63948141232e-08 0.0
-6.70862281783e-08 0.0
-6.77776431717e-08 0.0
-6.84690585396e-08 0.0
-6.91604736562e-08 0.0
-6.98518878401e-08 0.0
-7.05433003618e-08 0.0
-7.12347104519e-08 0.0
-7.19261173094e-08 0.0
-7.26175201105e-08 0.0
-7.33089180175e-08 0.0
-7.40003101882e-08 0.0
-7.4691695785e-08 0.0
-7.53830739841e-08 0.0
-7.60744439846e-08 0.0
-7.6765805017e-08 0.0
-7.74571563519e-08 0.0
-7.81484973081e-08 0.0
-7.88398272598e-08 0.0
-7.95311456433e-08 0.0
-8.02224519637e-08 0.0
-8.09137458001e-08 0.0
-8.16050268098e-08 0.0
-8.22962947327e-08 0.0
-8.29875493939e-08 0.0
-8.36787907054e-08 0.0
-8.43700186672e-08 0.0
-8.50612333675e-08 0.0
-8.57524349816e-08 0.0
-8.64436237697e-08 0.0
-8.71348000747e-08 0.0
-8.78259643177e-08 0.0
-8.85171169938e-08 0.0
-8.92082586669e-08 0.0
-8.98993899627e-08 0.0
-9.05905115629e-08 0.0
-9.1281624197e-08 0.0
-9.19727286344e-08 0.0
-9.26638256763e-08 0.0
-9.33549161466e-08 0.0
-9.40460008829e-08 0.0
-9.47370807276e-08 0.0
-9.54281565184e-08 0.0
-9.61192290792e-08 0.0
-9.6810299211e-08 0.0
-9.75013676832e-08 0.0
-9.81924352254e-08 0.0
-9.8883502519e-08 0.0
-9.95745701898e-08 0.0
-1.00265638801e-07 0.0
-1.00956708849e-07 0.0
-1.01647780754e-07 0.0
-1.02338854858e-07 0.0
-1.03029931422e-07 0.0
-1.03721010621e-07 0.0
-1.04412092543e-07 0.0
-1.05103177188e-07 0.0
-1.05794264468e-07 0.0
-1.06485354207e-07 0.0
-1.07176446146e-07 0.0
-1.07867539942e-07 0.0
-1.08558635174e-07 0.0
-1.09249731346e-07 0.0
-1.09940827895e-07 0.0
-1.10631924196e-07 0.0
-1.11323019566e-07 0.0
-1.12014113276e-07 0.0
-1.12705204557e-07 0.0
-1.13396292608e-07 0.0
-1.14087376606e-07 0.0
-1.14778455711e-07 0.0
-1.15469529083e-07 0.0
-1.16160595883e-07 0.0
-1.16851655288e-07 0.0
-1.17542706497e-07 0.0
-1.1823374874e-07 0.0
-1.18924781288e-07 0.0
-1.1961580346e-07 0.0
-1.2030681463e-07 0.0
-1.20997814234e-07 0.0
-1.21688801777e-07 0.0
-1.22379776839e-07 0.0
-1.23070739077e-07 0.0
-1.2376168823e-07 0.0
-1.24452624124e-07 0.0
-1.25143546671e-07 0.0
-1.2583445587e-07 0.0
-1.26525351811e-07 0.0
-1.27216234667e-07 0.0
-1.27907104701e-07 0.0
-1.28597962253e-07 0.0
-1.29288807746e-07 0.0
-1.29979641675e-07 0.0
-1.30670464602e-07 0.0
-1.31361277156e-07 0.0
-1.32052080016e-07 0.0
-1.32742873912e-07 0.0
-1.33433659614e-07 0.0
-1.34124437923e-07 0.0
-1.34815209663e-07 0.0
-1.35505975671e-07 0.0
-1.3619673679e-07 0.0
-1.36887493858e-07 0.0
-1.37578247698e-07 0.0
-1.38268999112e-07 0.0
-1.38959748868e-07 0.0
-1.39650497697e-07 0.0
-1.4034124628e-07 0.0
-1.41031995242e-07 0.0
-1.41722745148e-07 0.0
-1.42413496492e-07 0.0
-1.43104249696e-07 0.0
-1.43795005101e-07 0.0
-1.44485762969e-07 0.0
-1.45176523475e-07 0.0
-1.45867286705e-07 0.0
-1.46558052661e-07 0.0
-1.47248821255e-07 0.0
-1.47939592311e-07 0.0
-1.48630365568e-07 0.0
-1.49321140685e-07 0.0
-1.5001191724e-07 0.0
-1.50702694738e-07 0.0
-1.51393472616e-07 0.0
-1.52084250247e-07 0.0
-1.52775026951e-07 0.0
-1.53465801997e-07 0.0
-1.54156574616e-07 0.0
-1.54847344008e-07 0.0
-1.55538109348e-07 0.0
-1.56228869799e-07 0.0
-1.56919624519e-07 0.0
-1.57610372669e-07 0.0
-1.58301113427e-07 0.0
-1.58991845991e-07 0.0
-1.59682569592e-07 0.0
-1.60373283501e-07 0.0
-1.61063987035e-07 0.0
-1.6175467957e-07 0.0
-1.62445360542e-07 0.0
-1.63136029455e-07 0.0
-1.63826685889e-07 0.0
-1.64517329502e-07 0.0
-1.65207960033e-07 0.0
-1.65898577306e-07 0.0
-1.66589181235e-07 0.0
-1.6727977182e-07 0.0
-1.67970349147e-07 0.0
-1.68660913394e-07 0.0
-1.69351464819e-07 0.0
-1.70042003766e-07 0.0
-1.70732530656e-07 0.0
-1.71423045984e-07 0.0
-1.72113550313e-07 0.0
-1.72804044271e-07 0.0
-1.73494528538e-07 0.0
-1.74185003843e-07 0.0
-1.74875470957e-07 0.0
-1.7556593068e-07 0.0
-1.76256383836e-07 0.0
-1.76946831264e-07 0.0
-1.77637273804e-07 0.0
-1.78327712296e-07 0.0
-1.79018147563e-07 0.0
-1.79708580405e-07 0.0
-1.80399011593e-07 0.0
-1.81089441855e-07 0.0
-1.81779871874e-07 0.0
-1.82470302275e-07 0.0
-1.83160733622e-07 0.0
-1.8385116641e-07 0.0
-1.84541601059e-07 0.0
-1.85232037913e-07 0.0
-1.85922477232e-07 0.0
-1.8661291919e-07 0.0
-1.87303363877e-07 0.0
-1.87993811291e-07 0.0
-1.88684261345e-07 0.0
-1.89374713864e-07 0.0
-1.90065168587e-07 0.0
-1.90755625172e-07 0.0
-1.91446083198e-07 0.0
-1.92136542169e-07 0.0
-1.92827001522e-07 0.0
-1.93517460631e-07 0.0
-1.94207918814e-07 0.0
-1.94898375343e-07 0.0
-1.95588829448e-07 0.0
-1.96279280327e-07 0.0
-1.96969727157e-07 0.0
-1.97660169101e-07 0.0
-1.98350605315e-07 0.0
-1.99041034963e-07 0.0
-1.99731457221e-07 0.0
-2.00421871287e-07 0.0
-2.01112276393e-07 0.0
-2.01802671808e-07 0.0
-2.02493056852e-07 0.0
-2.03183430899e-07 0.0
-2.03873793385e-07 0.0
-2.04564143816e-07 0.0
-2.05254481769e-07 0.0
-2.05944806904e-07 0.0
-2.06635118959e-07 0.0
-2.07325417759e-07 0.0
-2.08015703218e-07 0.0
-2.08705975333e-07 0.0
-2.09396234195e-07 0.0
-2.10086479978e-07 0.0
-2.10776712942e-07 0.0
-2.11466933431e-07 0.0
-2.12157141864e-07 0.0
-2.12847338739e-07 0.0
-2.13537524617e-07 0.0
-2.14227700126e-07 0.0
-2.14917865946e-07 0.0
-2.15608022808e-07 0.0
-2.1629817148e-07 0.0
-2.16988312764e-07 0.0
-2.17678447484e-07 0.0
-2.18368576478e-07 0.0
-2.19058700587e-07 0.0
-2.19748820649e-07 0.0
-2.20438937489e-07 0.0
-2.21129051907e-07 0.0
-2.21819164673e-07 0.0
-2.22509276516e-07 0.0
-2.23199388118e-07 0.0
-2.23889500104e-07 0.0
-2.24579613039e-07 0.0
-2.25269727417e-07 0.0
-2.25959843659e-07 0.0
-2.26649962109e-07 0.0
-2.27340083025e-07 0.0
-2.28030206584e-07 0.0
-2.28720332873e-07 0.0
-2.29410461893e-07 0.0
-2.30100593554e-07 0.0
-2.30790727683e-07 0.0
-2.31480864018e-07 0.0
-2.32171002218e-07 0.0
-2.32861141861e-07 0.0
-2.33551282452e-07 0.0
-2.34241423427e-07 0.0
-2.34931564161e-07 0.0
-2.35621703971e-07 0.0
-2.3631184213e-07 0.0
-2.37001977866e-07 0.0
-2.3769211038e-07 0.0
-2.38382238847e-07 0.0
-2.3907236243e-07 0.0
-2.39762480286e-07 0.0
-2.40452591579e-07 0.0
-2.41142695483e-07 0.0
-2.41832791198e-07 0.0
-2.42522877956e-07 0.0
-2.43212955025e-07 0.0
-2.43903021726e-07 0.0
-2.44593077432e-07 0.0
-2.45283121579e-07 0.0
-2.45973153673e-07 0.0
-2.46663173293e-07 0.0
-2.47353180096e-07 0.0
-2.48043173823e-07 0.0
-2.48733154297e-07 0.0
-2.49423121431e-07 0.0
-2.50113075225e-07 0.0
-2.50803015768e-07 0.0
-2.51492943234e-07 0.0
-2.52182857884e-07 0.0
-2.52872760061e-07 0.0
-2.53562650185e-07 0.0
-2.54252528753e-07 0.0
-2.54942396327e-07 0.0
-2.55632253534e-07 0.0
-2.56322101055e-07 0.0
-2.57011939619e-07 0.0
-2.57701769997e-07 0.0
-2.58391592989e-07 0.0
-2.59081409419e-07 0.0
-2.59771220125e-07 0.0
-2.6046102595e-07 0.0
-2.6115082773e-07 0.0
-2.61840626289e-07 0.0
-2.6253042243e-07 0.0
-2.63220216921e-07 0.0
-2.63910010492e-07 0.0
-2.64599803823e-07 0.0
-2.65289597542e-07 0.0
-2.65979392212e-07 0.0
-2.66669188327e-07 0.0
-2.67358986309e-07 0.0
-2.680487865e-07 0.0
-2.68738589162e-07 0.0
-2.69428394467e-07 0.0
-2.70118202506e-07 0.0
-2.70808013277e-07 0.0
-2.71497826693e-07 0.0
-2.72187642579e-07 0.0
-2.72877460673e-07 0.0
-2.73567280635e-07 0.0
-2.74257102042e-07 0.0
-2.74946924399e-07 0.0
-2.75636747143e-07 0.0
-2.76326569649e-07 0.0
-2.77016391233e-07 0.0
-2.77706211168e-07 0.0
-2.78396028683e-07 0.0
-2.79085842978e-07 0.0
-2.79775653229e-07 0.0
-2.80465458598e-07 0.0
-2.81155258243e-07 0.0
-2.81845051326e-07 0.0
-2.82534837024e-07 0.0
-2.83224614536e-07 0.0
-2.83914383091e-07 0.0
-2.84604141962e-07 0.0
-2.85293890466e-07 0.0
-2.85983627977e-07 0.0
-2.86673353933e-07 0.0
-2.87363067838e-07 0.0
-2.88052769271e-07 0.0
-2.88742457889e-07 0.0
-2.89432133433e-07 0.0
-2.90121795728e-07 0.0
-2.90811444685e-07 0.0
-2.91501080305e-07 0.0
-2.92190702675e-07 0.0
-2.92880311971e-07 0.0
-2.93569908454e-07 0.0
-2.94259492466e-07 0.0
-2.94949064428e-07 0.0
-2.95638624835e-07 0.0
-2.96328174252e-07 0.0
-2.97017713304e-07 0.0
-2.97707242672e-07 0.0
-2.98396763086e-07 0.0
-2.99086275316e-07 0.0
-2.99775780163e-07 0.0
-3.0046527845e-07 0.0
-3.01154771016e-07 0.0
-3.01844258702e-07 0.0
-3.02533742346e-07 0.0
-3.03223222773e-07 0.0
-3.03912700783e-07 0.0
-3.04602177146e-07 0.0
-3.05291652591e-07 0.0
-3.05981127799e-07 0.0
-3.06670603397e-07 0.0
-3.07360079948e-07 0.0
-3.08049557947e-07 0.0
-3.08739037816e-07 0.0
-3.09428519896e-07 0.0
-3.10118004448e-07 0.0
-3.10807491648e-07 0.0
-3.11496981583e-07 0.0
-3.12186474253e-07 0.0
-3.1287596957e-07 0.0
-3.13565467359e-07 0.0
-3.1425496736e-07 0.0
-3.14944469229e-07 0.0
-3.15633972547e-07 0.0
-3.16323476818e-07 0.0
-3.17012981478e-07 0.0
-3.17702485901e-07 0.0
-3.18391989407e-07 0.0
-3.19081491265e-07 0.0
-3.19770990705e-07 0.0
-3.20460486928e-07 0.0
-3.2114997911e-07 0.0
-3.21839466412e-07 0.0
-3.22528947992e-07 0.0
-3.23218423013e-07 0.0
-3.23907890651e-07 0.0
-3.24597350105e-07 0.0
-3.25286800606e-07 0.0
-3.25976241424e-07 0.0
-3.26665671878e-07 0.0
-3.27355091342e-07 0.0
-3.28044499252e-07 0.0
-3.28733895115e-07 0.0
-3.29423278507e-07 0.0
-3.30112649088e-07 0.0
-3.30802006597e-07 0.0
