8.96678978546 3.32102055444e-05 -3.32102145352e-05
8.96679042648 3.3209564527e-05 -3.32095735179e-05
8.96679106327 3.32089277404e-05 -3.32089367314e-05
8.96679169164 3.32082993643e-05 -3.32083083555e-05
8.96679230752 3.32076834862e-05 -3.32076924775e-05
8.96679290695 3.32070840566e-05 -3.32070930481e-05
8.96679348616 3.3206504846e-05 -3.32065138377e-05
8.9667940416 3.32059494032e-05 -3.3205958395e-05
8.96679456999 3.32054210167e-05 -3.32054300087e-05
8.96679506833 3.32049226787e-05 -3.32049316707e-05
8.96679553396 3.32044570519e-05 -3.32044660441e-05
8.96679596457 3.3204026441e-05 -3.32040354333e-05
8.96679635824 3.32036327668e-05 -3.32036417592e-05
8.96679671346 3.32032775455e-05 -3.32032865381e-05
8.96679702914 3.32029618722e-05 -3.32029708648e-05
8.9667973046 3.32026864086e-05 -3.32026954012e-05
8.96679753963 3.32024513757e-05 -3.32024603684e-05
8.96679773446 3.32022565518e-05 -3.32022655446e-05
8.96679788973 3.32021012745e-05 -3.32021102674e-05
8.96679800656 3.32019844485e-05 -3.32019934413e-05
8.96679808645 3.32019045567e-05 -3.32019135496e-05
8.96679813133 3.32018596778e-05 -3.32018686707e-05
8.9667981435 3.32018475068e-05 -3.32018564997e-05
8.96679812563 3.32018653801e-05 -3.3201874373e-05
8.9667980807 3.32019103054e-05 -3.32019192983e-05
8.96679801201 3.32019789938e-05 -3.32019879866e-05
8.96679792311 3.32020678959e-05 -3.32020768887e-05
8.96679781777 3.32021732411e-05 -3.3202182234e-05
8.96679769993 3.32022910787e-05 -3.32023000715e-05
8.96679757369 3.3202417321e-05 -3.32024263138e-05
8.96679744322 3.32025477883e-05 -3.3202556781e-05
8.96679731275 3.32026782545e-05 -3.32026872472e-05
8.96679718651 3.32028044938e-05 -3.32028134865e-05
8.96679706868 3.32029223266e-05 -3.32029313192e-05
8.96679696334 3.32030276653e-05 -3.32030366578e-05
8.96679687445 3.32031165593e-05 -3.32031255519e-05
8.96679680577 3.32031852384e-05 -3.32031942309e-05
8.96679676085 3.32032301535e-05 -3.3203239146e-05
8.96679674299 3.32032480163e-05 -3.32032570088e-05
8.96679675517 3.32032358345e-05 -3.32032448271e-05
8.96679680006 3.32031909454e-05 -3.32031999379e-05
8.96679687996 3.32031110444e-05 -3.32031200369e-05
8.9667969968 3.32029942105e-05 -3.32030032031e-05
8.96679715208 3.32028389277e-05 -3.32028479203e-05
8.96679734691 3.32026441008e-05 -3.32026530935e-05
8.96679758194 3.32024090682e-05 -3.3202418061e-05
8.9667978574 3.32021336088e-05 -3.32021426016e-05
8.96679817306 3.32018179443e-05 -3.32018269372e-05
8.96679852827 3.3201462737e-05 -3.320147173e-05
8.96679892192 3.32010690825e-05 -3.32010780756e-05
8.96679935251 3.32006384976e-05 -3.32006474909e-05
8.9667998181 3.32001729038e-05 -3.32001818972e-05
8.9668003164 3.31996746061e-05 -3.31996835996e-05
8.96680084474 3.31991462678e-05 -3.31991552615e-05
8.96680140012 3.31985908816e-05 -3.31985998754e-05
8.96680197927 3.31980117363e-05 -3.31980207302e-05
8.96680257862 3.31974123811e-05 -3.31974213752e-05
8.96680319442 3.31967965866e-05 -3.3196805581e-05
8.9668038227 3.31961683038e-05 -3.31961772983e-05
8.96680445939 3.31955316202e-05 -3.31955406149e-05
8.96680510029 3.31948907155e-05 -3.31948997104e-05
8.96680574119 3.31942498158e-05 -3.31942588109e-05
8.96680637786 3.3193613147e-05 -3.31936221422e-05
8.96680700612 3.31929848886e-05 -3.31929938841e-05
8.96680762188 3.31923691282e-05 -3.31923781239e-05
8.96680822119 3.31917698164e-05 -3.31917788122e-05
8.96680880028 3.31911907235e-05 -3.31911997195e-05
8.96680935561 3.31906353984e-05 -3.31906443946e-05
8.96680988387 3.31901071297e-05 -3.3190116126e-05
8.96681038209 3.31896089093e-05 -3.31896179058e-05
8.9668108476 3.31891434003e-05 -3.31891523969e-05
8.9668112781 3.31887129071e-05 -3.31887219038e-05
8.96681167165 3.31883193506e-05 -3.31883283475e-05
8.96681202676 3.31879642471e-05 -3.31879732441e-05
8.96681234231 3.31876486915e-05 -3.31876576886e-05
8.96681261766 3.31873733456e-05 -3.31873823428e-05
8.96681285257 3.31871384304e-05 -3.31871474276e-05
8.96681304728 3.31869437242e-05 -3.31869527215e-05
8.96681320244 3.31867885647e-05 -3.31867975621e-05
8.96681331915 3.31866718564e-05 -3.31866808538e-05
8.96681339892 3.31865920823e-05 -3.31866010798e-05
8.96681344368 3.31865473212e-05 -3.31865563186e-05
8.96681345573 3.31865352678e-05 -3.31865442652e-05
8.96681343774 3.31865532589e-05 -3.31865622563e-05
8.9668133927 3.31865983019e-05 -3.31866072993e-05
8.96681332389 3.31866671079e-05 -3.31866761053e-05
8.96681323487 3.31867561278e-05 -3.31867651251e-05
8.96681312941 3.31868615907e-05 -3.31868705881e-05
8.96681301146 3.3186979546e-05 -3.31869885433e-05
8.9668128851 3.3187105906e-05 -3.31871149033e-05
8.96681275451 3.3187236491e-05 -3.31872454882e-05
8.96681262393 3.31873670749e-05 -3.31873760721e-05
8.96681249757 3.3187493432e-05 -3.31875024291e-05
8.96681237962 3.31876113824e-05 -3.31876203795e-05
8.96681227416 3.31877168388e-05 -3.31877258359e-05
8.96681218515 3.31878058506e-05 -3.31878148476e-05
8.96681211636 3.31878746473e-05 -3.31878836443e-05
8.96681207132 3.31879196802e-05 -3.31879286772e-05
8.96681205334 3.31879376606e-05 -3.31879466576e-05
8.96681206541 3.31879255966e-05 -3.31879345936e-05
8.96681211018 3.31878808251e-05 -3.31878898222e-05
8.96681218996 3.31878010418e-05 -3.31878100388e-05
8.96681230668 3.31876843257e-05 -3.31876933227e-05
8.96681246184 3.31875291605e-05 -3.31875381576e-05
8.96681265655 3.31873344513e-05 -3.31873434485e-05
8.96681289147 3.31870995364e-05 -3.31871085337e-05
8.96681316681 3.31868241947e-05 -3.3186833192e-05
8.96681348235 3.31865086479e-05 -3.31865176453e-05
8.96681383744 3.31861535583e-05 -3.31861625558e-05
8.96681423098 3.31857600215e-05 -3.31857690192e-05
8.96681466145 3.31853295543e-05 -3.31853385521e-05
8.96681512692 3.31848640782e-05 -3.31848730761e-05
8.9668156251 3.31843658981e-05 -3.31843748963e-05
8.96681615332 3.31838376776e-05 -3.31838466759e-05
8.96681670859 3.3183282409e-05 -3.31832914075e-05
8.96681728762 3.31827033814e-05 -3.31827123801e-05
8.96681788686 3.31821041438e-05 -3.31821131427e-05
8.96681850253 3.31814884671e-05 -3.31814974662e-05
8.9668191307 3.31808603019e-05 -3.31808693013e-05
8.96681976726 3.3180223736e-05 -3.31802327356e-05
8.96682040805 3.31795829491e-05 -3.31795919488e-05
8.96682104883 3.3178942167e-05 -3.3178951167e-05
8.96682168538 3.31783056158e-05 -3.3178314616e-05
8.96682231352 3.31776774752e-05 -3.31776864756e-05
8.96682292917 3.31770618325e-05 -3.31770708331e-05
8.96682352836 3.31764626383e-05 -3.31764716391e-05
8.96682410734 3.31758836631e-05 -3.31758926641e-05
8.96682466254 3.31753284557e-05 -3.31753374569e-05
8.96682519069 3.31748003046e-05 -3.3174809306e-05
8.9668256888 3.31743022019e-05 -3.31743112035e-05
8.96682615419 3.31738368106e-05 -3.31738458123e-05
8.96682658456 3.3173406435e-05 -3.3173415437e-05
8.966826978 3.31730129962e-05 -3.31730219983e-05
8.96682733299 3.31726580104e-05 -3.31726670126e-05
8.96682764843 3.31723425725e-05 -3.31723515748e-05
8.96682792365 3.31720673442e-05 -3.31720763466e-05
8.96682815845 3.31718325467e-05 -3.31718415492e-05
8.96682835304 3.31716379581e-05 -3.31716469607e-05
8.96682850808 3.31714829163e-05 -3.3171491919e-05
8.96682862467 3.31713663256e-05 -3.31713753283e-05
8.96682870433 3.31712866693e-05 -3.3171295672e-05
8.96682874897 3.31712420257e-05 -3.31712510285e-05
8.96682876091 3.317123009e-05 -3.31712390928e-05
8.9668287428 3.31712481988e-05 -3.31712572015e-05
8.96682869764 3.31712933595e-05 -3.31713023622e-05
8.96682862871 3.31713622832e-05 -3.31713712858e-05
8.96682853958 3.31714514206e-05 -3.31714604233e-05
8.966828434 3.31715570013e-05 -3.31715660039e-05
8.96682831592 3.31716750742e-05 -3.31716840768e-05
8.96682818945 3.31718015519e-05 -3.31718105544e-05
8.96682805874 3.31719322545e-05 -3.3171941257e-05
8.96682792804 3.31720629561e-05 -3.31720719585e-05
8.96682780157 3.31721894308e-05 -3.31721984331e-05
8.9668276835 3.31723074988e-05 -3.31723165012e-05
8.96682757792 3.31724130729e-05 -3.31724220752e-05
8.9668274888 3.31725022023e-05 -3.31725112046e-05
8.96682741988 3.31725711167e-05 -3.31725801189e-05
8.96682737473 3.31726162672e-05 -3.31726252694e-05
8.96682735663 3.31726343653e-05 -3.31726433675e-05
8.96682736858 3.31726224189e-05 -3.31726314211e-05
8.96682741323 3.31725777651e-05 -3.31725867674e-05
8.9668274929 3.31724980994e-05 -3.31725071017e-05
8.9668276095 3.31723815009e-05 -3.31723905032e-05
8.96682776454 3.31722264534e-05 -3.31722354558e-05
8.96682795914 3.31720318618e-05 -3.31720408643e-05
8.96682819393 3.31717970646e-05 -3.31718060671e-05
8.96682846916 3.31715218405e-05 -3.31715308431e-05
8.96682878459 3.31712064113e-05 -3.31712154141e-05
8.96682913956 3.31708514394e-05 -3.31708604423e-05
8.96682953298 3.31704580202e-05 -3.31704670232e-05
8.96682996333 3.31700276706e-05 -3.31700366738e-05
8.96683042868 3.31695623121e-05 -3.31695713155e-05
8.96683092675 3.31690642497e-05 -3.31690732533e-05
8.96683145485 3.31685361468e-05 -3.31685451506e-05
8.96683201 3.31679809959e-05 -3.31679899999e-05
8.96683258891 3.31674020859e-05 -3.31674110901e-05
8.96683318803 3.3166802966e-05 -3.31668119704e-05
8.96683380359 3.31661874069e-05 -3.31661964116e-05
8.96683443164 3.31655593593e-05 -3.31655683643e-05
8.96683506808 3.31649229111e-05 -3.31649319162e-05
8.96683570875 3.31642822417e-05 -3.31642912472e-05
8.96683634942 3.31636415773e-05 -3.3163650583e-05
8.96683698585 3.31630051438e-05 -3.31630141497e-05
8.96683761387 3.31623771207e-05 -3.31623861269e-05
8.9668382294 3.31617615956e-05 -3.31617706021e-05
8.96683882847 3.31611625191e-05 -3.31611715258e-05
8.96683940733 3.31605836615e-05 -3.31605926684e-05
8.96683996242 3.31600285717e-05 -3.31600375789e-05
8.96684049045 3.31595005382e-05 -3.31595095456e-05
8.96684098844 3.31590025532e-05 -3.31590115608e-05
8.96684145371 3.31585372794e-05 -3.31585462872e-05
8.96684188397 3.31581070215e-05 -3.31581160295e-05
8.96684227729 3.31577137003e-05 -3.31577227085e-05
8.96684263216 3.31573588321e-05 -3.31573678404e-05
8.96684294748 3.31570435118e-05 -3.31570525203e-05
8.96684322259 3.31567684011e-05 -3.31567774097e-05
8.96684345727 3.31565337212e-05 -3.31565427299e-05
8.96684365174 3.31563392503e-05 -3.31563482591e-05
8.96684380667 3.31561843261e-05 -3.31561933349e-05
8.96684392314 3.3156067853e-05 -3.31560768619e-05
8.96684400268 3.31559883142e-05 -3.31559973232e-05
8.9668440472 3.31559437883e-05 -3.31559527973e-05
8.96684405902 3.31559319702e-05 -3.31559409792e-05
8.96684404079 3.31559501966e-05 -3.31559592055e-05
8.96684399552 3.31559954749e-05 -3.31560044838e-05
8.96684392647 3.31560645162e-05 -3.31560735251e-05
8.96684383722 3.31561537713e-05 -3.31561627801e-05
8.96684373152 3.31562594695e-05 -3.31562684783e-05
8.96684361333 3.315637766e-05 -3.31563866688e-05
8.96684348674 3.31565042553e-05 -3.3156513264e-05
8.96684335592 3.31566350755e-05 -3.31566440841e-05
8.9668432251 3.31567658947e-05 -3.31567749033e-05
8.9668430985 3.3156892487e-05 -3.31569014955e-05
8.96684298032 3.31570106726e-05 -3.31570196811e-05
8.96684287463 3.31571163643e-05 -3.31571253727e-05
8.96684278538 3.31572056113e-05 -3.31572146197e-05
8.96684271635 3.31572746433e-05 -3.31572836516e-05
8.96684267108 3.31573199114e-05 -3.31573289197e-05
8.96684265286 3.31573381271e-05 -3.31573471354e-05
8.96684266469 3.31573262982e-05 -3.31573353066e-05
8.96684270923 3.31572817621e-05 -3.31572907704e-05
8.96684278878 3.3157202214e-05 -3.31572112224e-05
8.96684290526 3.31570857331e-05 -3.31570947415e-05
8.96684306019 3.31569308031e-05 -3.31569398116e-05
8.96684325466 3.31567363291e-05 -3.31567453377e-05
8.96684348934 3.31565016495e-05 -3.31565106582e-05
8.96684376445 3.3156226543e-05 -3.31562355518e-05
8.96684407976 3.31559112314e-05 -3.31559202403e-05
8.96684443461 3.3155556377e-05 -3.31555653861e-05
8.96684482792 3.31551630754e-05 -3.31551720847e-05
8.96684525815 3.31547328434e-05 -3.31547418529e-05
8.96684572339 3.31542676025e-05 -3.31542766122e-05
8.96684622133 3.31537696577e-05 -3.31537786676e-05
8.96684674932 3.31532416724e-05 -3.31532506825e-05
8.96684730435 3.3152686639e-05 -3.31526956494e-05
8.96684788314 3.31521078466e-05 -3.31521168572e-05
8.96684848214 3.31515088442e-05 -3.31515178552e-05
8.96684909759 3.31508934027e-05 -3.31509024139e-05
8.96684972552 3.31502654728e-05 -3.31502744843e-05
8.96685036185 3.3149629142e-05 -3.31496381538e-05
8.9668510024 3.31489885903e-05 -3.31489976024e-05
8.96685164294 3.31483480434e-05 -3.31483570558e-05
8.96685227926 3.31477117274e-05 -3.31477207402e-05
8.96685290717 3.31470838219e-05 -3.3147092835e-05
8.96685352257 3.31464684144e-05 -3.31464774277e-05
8.96685412153 3.31458694554e-05 -3.3145878469e-05
8.96685470027 3.31452907154e-05 -3.31452997293e-05
8.96685525524 3.31447357432e-05 -3.31447447573e-05
8.96685578316 3.31442078273e-05 -3.31442168417e-05
8.96685628103 3.31437099598e-05 -3.31437189745e-05
8.96685674618 3.31432448036e-05 -3.31432538185e-05
8.96685717632 3.31428146633e-05 -3.31428236784e-05
8.96685756953 3.31424214596e-05 -3.3142430475e-05
8.96685792428 3.3142066709e-05 -3.31420757245e-05
8.96685823948 3.31417515062e-05 -3.31417605219e-05
8.96685851447 3.31414765131e-05 -3.31414855289e-05
8.96685874903 3.31412419508e-05 -3.31412509667e-05
8.96685894339 3.31410475974e-05 -3.31410566134e-05
8.96685909819 3.31408927908e-05 -3.31409018068e-05
8.96685921455 3.31407764352e-05 -3.31407854514e-05
8.96685929397 3.3140697014e-05 -3.31407060302e-05
8.96685933838 3.31406526057e-05 -3.31406616219e-05
8.96685935008 3.31406409051e-05 -3.31406499213e-05
8.96685933173 3.3140659249e-05 -3.31406682652e-05
8.96685928634 3.31407046449e-05 -3.3140713661e-05
8.96685921718 3.31407738037e-05 -3.31407828198e-05
8.96685912781 3.31408631763e-05 -3.31408721924e-05
8.96685902199 3.31409689921e-05 -3.31409780082e-05
8.96685890368 3.31410873002e-05 -3.31410963162e-05
8.96685877697 3.3141214013e-05 -3.31412230289e-05
8.96685864603 3.31413449508e-05 -3.31413539666e-05
8.9668585151 3.31414758875e-05 -3.31414849033e-05
8.96685838839 3.31416025973e-05 -3.3141611613e-05
8.96685827008 3.31417209005e-05 -3.31417299162e-05
8.96685816427 3.31418267097e-05 -3.31418357253e-05
8.96685807491 3.31419160743e-05 -3.31419250898e-05
8.96685800576 3.31419852238e-05 -3.31419942393e-05
8.96685796038 3.31420306094e-05 -3.31420396249e-05
8.96685794204 3.31420489426e-05 -3.31420579581e-05
8.96685795375 3.31420372314e-05 -3.31420462469e-05
8.96685799817 3.31419928127e-05 -3.31420018282e-05
8.9668580776 3.31419133822e-05 -3.31419223977e-05
8.96685819397 3.31417970188e-05 -3.31418060344e-05
8.96685834878 3.31416422064e-05 -3.31416512221e-05
8.96685854313 3.31414478499e-05 -3.31414568657e-05
8.9668587777 3.31412132878e-05 -3.31412223037e-05
8.96685905269 3.31409382988e-05 -3.31409473149e-05
8.96685936788 3.31406231048e-05 -3.3140632121e-05
8.96685972262 3.31402683679e-05 -3.31402773843e-05
8.9668601158 3.31398751839e-05 -3.31398842005e-05
8.96686054591 3.31394450694e-05 -3.31394540862e-05
8.96686101104 3.3138979946e-05 -3.31389889631e-05
8.96686150886 3.31384821187e-05 -3.3138491136e-05
8.96686203673 3.31379542509e-05 -3.31379632685e-05
8.96686259165 3.31373993351e-05 -3.3137408353e-05
8.96686317032 3.31368206602e-05 -3.31368296784e-05
8.96686376921 3.31362217753e-05 -3.31362307939e-05
8.96686438453 3.31356064513e-05 -3.31356154702e-05
8.96686501234 3.31349786389e-05 -3.31349876581e-05
8.96686564855 3.31343424257e-05 -3.31343514452e-05
8.96686628899 3.31337019914e-05 -3.31337110113e-05
8.96686692942 3.31330615621e-05 -3.31330705824e-05
8.96686756562 3.31324253636e-05 -3.31324343843e-05
8.9668681934 3.31317975757e-05 -3.31318065966e-05
8.96686880869 3.31311822857e-05 -3.3131191307e-05
8.96686940753 3.31305834442e-05 -3.31305924659e-05
8.96686998616 3.31300048217e-05 -3.31300138437e-05
8.96687054101 3.3129449967e-05 -3.31294589893e-05
8.96687106881 3.31289221686e-05 -3.31289311912e-05
8.96687156656 3.31284244186e-05 -3.31284334415e-05
8.9668720316 3.31279593799e-05 -3.31279684031e-05
8.96687246162 3.31275293571e-05 -3.31275383805e-05
8.96687285471 3.3127136271e-05 -3.31271452946e-05
8.96687320934 3.31267816378e-05 -3.31267906617e-05
8.96687352442 3.31264665526e-05 -3.31264755766e-05
8.9668737993 3.31261916769e-05 -3.31262007012e-05
8.96687403374 3.31259572321e-05 -3.31259662565e-05
8.96687422798 3.31257629962e-05 -3.31257720207e-05
8.96687438267 3.31256083071e-05 -3.31256173317e-05
8.96687449891 3.31254920691e-05 -3.31255010937e-05
8.96687457821 3.31254127653e-05 -3.312542179e-05
8.9668746225 3.31253684745e-05 -3.31253774992e-05
8.96687463408 3.31253568915e-05 -3.31253659162e-05
8.96687461562 3.31253753529e-05 -3.31253843776e-05
8.96687457011 3.31254208662e-05 -3.31254298908e-05
8.96687450083 3.31254901425e-05 -3.31254991671e-05
8.96687441134 3.31255796326e-05 -3.31255886572e-05
8.96687430541 3.31256855659e-05 -3.31256945904e-05
8.96687418698 3.31258039915e-05 -3.3125813016e-05
8.96687406015 3.31259308218e-05 -3.31259398462e-05
8.9668739291 3.3126061877e-05 -3.31260709013e-05
8.96687379804 3.31261929313e-05 -3.31262019555e-05
8.96687367122 3.31263197586e-05 -3.31263287827e-05
8.9668735528 3.31264381793e-05 -3.31264472033e-05
8.96687344687 3.31265441059e-05 -3.312655313e-05
8.96687335739 3.3126633588e-05 -3.31266426119e-05
8.96687328812 3.3126702855e-05 -3.31267118789e-05
8.96687324262 3.31267483581e-05 -3.3126757382e-05
8.96687322417 3.31267668088e-05 -3.31267758327e-05
8.96687323576 3.3126755215e-05 -3.31267642389e-05
8.96687328006 3.31267109138e-05 -3.31267199378e-05
8.96687335938 3.31266316008e-05 -3.31266406247e-05
8.96687347562 3.31265153549e-05 -3.31265243789e-05
8.96687363032 3.31263606599e-05 -3.3126369684e-05
8.96687382455 3.3126166421e-05 -3.31261754452e-05
8.966874059 3.31259319763e-05 -3.31259410007e-05
8.96687433387 3.31256571048e-05 -3.31256661293e-05
8.96687464895 3.31253420282e-05 -3.31253510529e-05
8.96687500357 3.31249874089e-05 -3.31249964338e-05
8.96687539663 3.31245943423e-05 -3.31246033674e-05
8.96687582663 3.31241643453e-05 -3.31241733707e-05
8.96687629163 3.31236993394e-05 -3.31237083651e-05
8.96687678934 3.31232016295e-05 -3.31232106556e-05
8.96687731709 3.31226738792e-05 -3.31226829055e-05
8.96687787189 3.31221190808e-05 -3.31221281075e-05
8.96687845045 3.31215405234e-05 -3.31215495504e-05
8.96687904922 3.3120941756e-05 -3.31209507835e-05
8.96687966442 3.31203265495e-05 -3.31203355773e-05
8.96688029212 3.31196988545e-05 -3.31197078827e-05
8.96688092821 3.31190627588e-05 -3.31190717874e-05
8.96688156853 3.3118422442e-05 -3.3118431471e-05
8.96688220884 3.31177821301e-05 -3.31177911596e-05
8.96688284492 3.31171460491e-05 -3.3117155079e-05
8.96688347259 3.31165183786e-05 -3.31165274089e-05
8.96688408776 3.31159032061e-05 -3.31159122367e-05
8.96688468649 3.31153044821e-05 -3.31153135131e-05
8.96688526499 3.3114725977e-05 -3.31147350085e-05
8.96688581973 3.31141712397e-05 -3.31141802716e-05
8.96688634741 3.31136435588e-05 -3.3113652591e-05
8.96688684504 3.31131459263e-05 -3.31131549588e-05
8.96688730996 3.31126810051e-05 -3.31126900379e-05
8.96688773987 3.31122510997e-05 -3.31122601328e-05
8.96688813284 3.3111858131e-05 -3.31118671644e-05
8.96688848735 3.31115036153e-05 -3.3111512649e-05
8.96688880232 3.31111886475e-05 -3.31111976814e-05
8.96688907708 3.31109138893e-05 -3.31109229234e-05
8.9668893114 3.31106795619e-05 -3.31106885962e-05
8.96688950552 3.31104854435e-05 -3.31104944779e-05
8.96688966009 3.31103308718e-05 -3.31103399063e-05
8.96688977621 3.31102147512e-05 -3.31102237858e-05
8.9668898554 3.3110135565e-05 -3.31101445996e-05
8.96688989957 3.31100913916e-05 -3.31101004262e-05
8.96688991104 3.3110079926e-05 -3.31100889606e-05
8.96688989246 3.31100985048e-05 -3.31101075395e-05
8.96688984683 3.31101441356e-05 -3.31101531702e-05
8.96688977744 3.31102135293e-05 -3.31102225639e-05
8.96688968783 3.31103031369e-05 -3.31103121714e-05
8.96688958178 3.31104091876e-05 -3.31104182221e-05
8.96688946323 3.31105277307e-05 -3.3110536765e-05
8.96688933629 3.31106546784e-05 -3.31106637126e-05
8.96688920511 3.31107858511e-05 -3.31107948852e-05
8.96688907394 3.31109170227e-05 -3.31109260568e-05
8.966888947 3.31110439675e-05 -3.31110530014e-05
8.96688882846 3.31111625056e-05 -3.31111715395e-05
8.96688872242 3.31112685497e-05 -3.31112775835e-05
8.96688863282 3.31113581492e-05 -3.31113671829e-05
8.96688856343 3.31114275336e-05 -3.31114365673e-05
8.96688851781 3.31114731542e-05 -3.31114821878e-05
8.96688849924 3.31114917223e-05 -3.3111500756e-05
8.96688851072 3.31114802459e-05 -3.31114892796e-05
8.9668885549 3.31114360622e-05 -3.31114450959e-05
8.9668886341 3.31113568665e-05 -3.31113659003e-05
8.96688875023 3.31112407381e-05 -3.31112497719e-05
8.96688890481 3.31110861605e-05 -3.31110951945e-05
8.96688909893 3.3110892039e-05 -3.31109010731e-05
8.96688933325 3.31106577118e-05 -3.3110666746e-05
8.96688960801 3.31103829577e-05 -3.31103919921e-05
8.96688992297 3.31100679985e-05 -3.31100770332e-05
8.96689027747 3.31097134966e-05 -3.31097225315e-05
8.96689067042 3.31093205474e-05 -3.31093295826e-05
8.9668911003 3.31088906679e-05 -3.31088997034e-05
8.96689156518 3.31084257793e-05 -3.31084348152e-05
8.96689206278 3.31079281869e-05 -3.31079372231e-05
8.96689259041 3.3107400554e-05 -3.31074095906e-05
8.96689314509 3.31068458731e-05 -3.310685491e-05
8.96689372353 3.3106267433e-05 -3.31062764704e-05
8.96689432218 3.31056687831e-05 -3.31056778209e-05
8.96689493727 3.3105053694e-05 -3.31050627322e-05
8.96689556484 3.31044261164e-05 -3.31044351552e-05
8.96689620082 3.31037901381e-05 -3.31037991773e-05
8.96689684102 3.31031499387e-05 -3.31031589784e-05
8.96689748122 3.31025097442e-05 -3.31025187844e-05
8.96689811718 3.31018737806e-05 -3.31018828213e-05
8.96689874473 3.31012462275e-05 -3.31012552687e-05
8.96689935979 3.31006311724e-05 -3.3100640214e-05
8.96689995839 3.31000325658e-05 -3.31000416079e-05
8.96690053678 3.30994541781e-05 -3.30994632207e-05
8.9669010914 3.30988995583e-05 -3.30989086013e-05
8.96690161896 3.30983719947e-05 -3.30983810382e-05
8.96690211648 3.30978744796e-05 -3.30978835234e-05
8.96690258128 3.30974096758e-05 -3.309741872e-05
8.96690301107 3.30969798878e-05 -3.30969889323e-05
8.96690340392 3.30965870365e-05 -3.30965960814e-05
8.96690375832 3.30962326382e-05 -3.30962416833e-05
8.96690407317 3.30959177878e-05 -3.30959268332e-05
8.96690434781 3.3095643147e-05 -3.30956521927e-05
8.96690458202 3.3095408937e-05 -3.30954179829e-05
8.96690477602 3.3095214936e-05 -3.3095223982e-05
8.96690493047 3.30950604817e-05 -3.30950695278e-05
8.96690504648 3.30949444785e-05 -3.30949535247e-05
8.96690512554 3.30948654096e-05 -3.30948744559e-05
8.9669051696 3.30948213536e-05 -3.30948303999e-05
8.96690518095 3.30948100054e-05 -3.30948190517e-05
8.96690516225 3.30948287016e-05 -3.30948377479e-05
8.9669051165 3.30948744498e-05 -3.3094883496e-05
8.96690504699 3.3094943961e-05 -3.30949530072e-05
8.96690495727 3.30950336859e-05 -3.3095042732e-05
8.9669048511 3.3095139854e-05 -3.30951489e-05
8.96690473244 3.30952585144e-05 -3.30952675604e-05
8.96690460537 3.30953855795e-05 -3.30953946254e-05
8.96690447408 3.30955168696e-05 -3.30955259153e-05
8.9669043428 3.30956481586e-05 -3.30956572043e-05
8.96690421573 3.30957752207e-05 -3.30957842663e-05
8.96690409708 3.30958938763e-05 -3.30959029217e-05
8.96690399092 3.30960000378e-05 -3.30960090831e-05
8.9669039012 3.30960897546e-05 -3.30960987999e-05
8.9669038317 3.30961592564e-05 -3.30961683016e-05
8.96690378596 3.30962049943e-05 -3.30962140395e-05
8.96690376728 3.30962236798e-05 -3.3096232725e-05
8.96690377863 3.30962123209e-05 -3.3096221366e-05
8.9669038227 3.30961682545e-05 -3.30961772997e-05
8.96690390178 3.30960891762e-05 -3.30960982215e-05
8.96690401779 3.30959731651e-05 -3.30959822105e-05
8.96690417225 3.3095818705e-05 -3.30958277504e-05
8.96690436625 3.30956247008e-05 -3.30956337464e-05
8.96690460046 3.30953904909e-05 -3.30953995368e-05
8.9669048751 3.30951158542e-05 -3.30951249003e-05
8.96690518994 3.30948010124e-05 -3.30948100587e-05
8.96690554433 3.30944466278e-05 -3.30944556744e-05
8.96690593716 3.3094053796e-05 -3.3094062843e-05
8.96690636692 3.30936240338e-05 -3.30936330811e-05
8.96690683169 3.30931592627e-05 -3.30931683104e-05
8.96690732916 3.30926617876e-05 -3.30926708357e-05
8.96690785668 3.30921342721e-05 -3.30921433206e-05
8.96690841124 3.30915797085e-05 -3.30915887575e-05
8.96690898956 3.30910013858e-05 -3.30910104353e-05
8.9669095881 3.30904028532e-05 -3.30904119033e-05
8.96691020307 3.30897878814e-05 -3.3089796932e-05
8.96691083053 3.30891604212e-05 -3.30891694723e-05
8.96691146639 3.30885245603e-05 -3.30885336119e-05
