-1.01221907334e-11 8.99072164156e-12
-1.01223290645e-11 8.99088288622e-12
-1.01224675348e-11 8.99104412234e-12
-1.0122605211e-11 8.99120426719e-12
-1.01227411528e-11 8.9913622342e-12
-1.01228744244e-11 8.99151694605e-12
-1.01230041065e-11 8.99166734818e-12
-1.01231293081e-11 8.99181242256e-12
-1.01232491797e-11 8.9919512015e-12
-1.0123362925e-11 8.99208278124e-12
-1.01234698129e-11 8.99220633496e-12
-1.01235691888e-11 8.99232112514e-12
-1.01236604848e-11 8.99242651474e-12
-1.01237432289e-11 8.99252197717e-12
-1.01238170532e-11 8.9926071047e-12
-1.01238816993e-11 8.99268161511e-12
-1.01239370237e-11 8.99274535652e-12
-1.01239829999e-11 8.99279831012e-12
-1.01240197193e-11 8.9928405909e-12
-1.01240473903e-11 8.99287244629e-12
-1.01240663352e-11 8.99289425272e-12
-1.01240769852e-11 8.99290651026e-12
-1.01240798745e-11 8.99290983546e-12
-1.01240756317e-11 8.9929049525e-12
-1.01240649714e-11 8.99289268301e-12
-1.01240486832e-11 8.99287393458e-12
-1.01240276213e-11 8.99284968847e-12
-1.01240026925e-11 8.99282098655e-12
-1.01239748442e-11 8.99278891786e-12
-1.01239450526e-11 8.992754605e-12
-1.01239143106e-11 8.99271919058e-12
-1.01238836161e-11 8.99268382393e-12
-1.01238539612e-11 8.99264964827e-12
-1.01238263209e-11 8.99261778847e-12
-1.01238016439e-11 8.99258933951e-12
-1.01237808432e-11 8.99256535574e-12
-1.01237647877e-11 8.99254684103e-12
-1.01237542946e-11 8.99253473974e-12
-1.01237501231e-11 8.99252992861e-12
-1.01237529678e-11 8.99253320953e-12
-1.01237634541e-11 8.9925453031e-12
-1.0123782133e-11 8.99256684304e-12
-1.01238094778e-11 8.99259837133e-12
-1.012384588e-11 8.992640334e-12
-1.01238916468e-11 8.9926930777e-12
-1.01239469988e-11 8.99275684677e-12
-1.01240120675e-11 8.99283178097e-12
-1.01240868939e-11 8.99291791382e-12
-1.01241714277e-11 8.99301517145e-12
-1.0124265526e-11 8.99312337217e-12
-1.01243689532e-11 8.99324222657e-12
-1.01244813815e-11 8.99337133839e-12
-1.01246023915e-11 8.99351020613e-12
-1.0124731474e-11 8.99365822547e-12
-1.01248680318e-11 8.99381469261e-12
-1.01250113835e-11 8.99397880857e-12
-1.01251607671e-11 8.99414968458e-12
-1.01253153455e-11 8.99432634861e-12
-1.01254742126e-11 8.99450775305e-12
-1.01256364003e-11 8.99469278362e-12
-1.01258008878e-11 8.99488026956e-12
-1.01259666108e-11 8.99506899496e-12
-1.01261324723e-11 8.9952577113e-12
-1.01262973551e-11 8.99544515104e-12
-1.01264601339e-11 8.99563004213e-12
-1.01266196897e-11 8.99581112332e-12
-1.01267749235e-11 8.99598715998e-12
-1.01269247714e-11 8.99615696021e-12
-1.0127068219e-11 8.99631939106e-12
-1.0127204316e-11 8.99647339436e-12
-1.01273321907e-11 8.99661800206e-12
-1.01274510628e-11 8.99675235061e-12
-1.0127560256e-11 8.99687569411e-12
-1.01276592086e-11 8.99698741598e-12
-1.01277474832e-11 8.99708703878e-12
-1.01278247733e-11 8.99717423203e-12
-1.01278909095e-11 8.99724881785e-12
-1.0127945862e-11 8.99731077417e-12
-1.01279897419e-11 8.9973602356e-12
-1.01280227995e-11 8.99739749176e-12
-1.01280454211e-11 8.99742298337e-12
-1.01280581233e-11 8.99743729587e-12
-1.01280615449e-11 8.99744115109e-12
-1.01280564379e-11 8.99743539688e-12
-1.01280436567e-11 8.99742099516e-12
-1.01280241454e-11 8.99739900853e-12
-1.01279989251e-11 8.99737058577e-12
-1.01279690799e-11 8.99733694667e-12
-1.01279357426e-11 8.99729936619e-12
-1.01279000804e-11 8.9972591586e-12
-1.01278632804e-11 8.99721766157e-12
-1.01278265364e-11 8.99717622062e-12
-1.01277910346e-11 8.99713617411e-12
-1.01277579415e-11 8.99709883891e-12
-1.01277283921e-11 8.99706549686e-12
-1.01277034787e-11 8.99703738226e-12
-1.01276842408e-11 8.99701567028e-12
-1.01276716564e-11 8.99700146641e-12
-1.01276666336e-11 8.99699579702e-12
-1.01276700035e-11 8.9969996008e-12
-1.0127682514e-11 8.99701372133e-12
-1.01277048239e-11 8.99703890046e-12
-1.01277374986e-11 8.99707577264e-12
-1.01277810055e-11 8.99712486007e-12
-1.01278357109e-11 8.99718656854e-12
-1.01279018768e-11 8.99726118415e-12
-1.01279796586e-11 8.99734887056e-12
-1.01280691032e-11 8.99744966707e-12
-1.01281701476e-11 8.99756348729e-12
-1.01282826181e-11 8.99769011861e-12
-1.01284062302e-11 8.99782922233e-12
-1.01285405886e-11 8.99798033467e-12
-1.01286851889e-11 8.99814286866e-12
-1.01288394189e-11 8.99831611692e-12
-1.01290025621e-11 8.99849925564e-12
-1.01291738011e-11 8.99869134956e-12
-1.01293522229e-11 8.99889135831e-12
-1.01295368251e-11 8.99909814398e-12
-1.01297265232e-11 8.99931048019e-12
-1.012992016e-11 8.99952706249e-12
-1.01301165152e-11 8.99974652025e-12
-1.01303143175e-11 8.99996742995e-12
-1.01305122578e-11 9.00018832991e-12
-1.01307090029e-11 9.00040773609e-12
-1.0130903211e-11 9.0006241592e-12
-1.01310935485e-11 9.00083612253e-12
-1.01312787061e-11 9.00104218051e-12
-1.01314574169e-11 9.00124093761e-12
-1.01316284736e-11 9.00143106726e-12
-1.01317907457e-11 9.00161133048e-12
-1.01319431966e-11 9.00178059376e-12
-1.01320848988e-11 9.00193784593e-12
-1.01322150491e-11 9.00208221361e-12
-1.01323329807e-11 9.00221297477e-12
-1.01324381746e-11 9.00232957034e-12
-1.01325302683e-11 9.00243161335e-12
-1.01326090619e-11 9.00251889544e-12
-1.01326745218e-11 9.00259139075e-12
-1.0132726782e-11 9.00264925683e-12
-1.01327661421e-11 9.0026928328e-12
-1.01327930635e-11 9.00272263463e-12
-1.01328081623e-11 9.00273934781e-12
-1.01328122004e-11 9.00274381747e-12
-1.01328060741e-11 9.00273703635e-12
-1.01327908015e-11 9.00272013068e-12
-1.01327675077e-11 9.00269434462e-12
-1.01327374095e-11 9.00266102323e-12
-1.01327017986e-11 9.00262159465e-12
-1.01326620247e-11 9.00257755167e-12
-1.01326194789e-11 9.00253043303e-12
-1.01325755762e-11 9.0024818049e-12
-1.0132531739e-11 9.00243324261e-12
-1.01324893815e-11 9.00238631309e-12
-1.01324498945e-11 9.00234255807e-12
-1.0132414631e-11 9.00230347831e-12
-1.01323848932e-11 9.00227051886e-12
-1.01323619208e-11 9.00224505553e-12
-1.01323468797e-11 9.00222838258e-12
-1.01323408529e-11 9.00222170159e-12
-1.0132344831e-11 9.00222611151e-12
-1.01323597055e-11 9.00224259995e-12
-1.01323862614e-11 9.00227203541e-12
-1.01324251721e-11 9.00231516067e-12
-1.01324769939e-11 9.00237258709e-12
-1.0132542162e-11 9.00244478977e-12
-1.01326209873e-11 9.00253210369e-12
-1.01327136531e-11 9.00263472051e-12
-1.01328202129e-11 9.00275268628e-12
-1.01329405892e-11 9.00288589996e-12
-1.01330745722e-11 9.00303411269e-12
-1.01332218197e-11 9.00319692804e-12
-1.01333818577e-11 9.00337380313e-12
-1.0133554082e-11 9.00356405085e-12
-1.01337377601e-11 9.00376684316e-12
-1.01339320353e-11 9.00398121563e-12
-1.01341359313e-11 9.00420607339e-12
-1.01343483581e-11 9.00444019845e-12
-1.01345681194e-11 9.00468225867e-12
-1.01347939224e-11 9.00493081825e-12
-1.01350243875e-11 9.00518434995e-12
-1.01352580614e-11 9.00544124907e-12
-1.01354934304e-11 9.00569984895e-12
-1.01357289364e-11 9.00595843816e-12
-1.01359629936e-11 9.00621527915e-12
-1.01361940067e-11 9.00646862814e-12
-1.01364203904e-11 9.00671675605e-12
-1.01366405893e-11 9.00695797029e-12
-1.01368530988e-11 9.00719063678e-12
-1.01370564855e-11 9.00741320221e-12
-1.0137249408e-11 9.00762421579e-12
-1.01374306363e-11 9.00782235023e-12
-1.0137599071e-11 9.00800642149e-12
-1.01377537596e-11 9.00817540682e-12
-1.01378939126e-11 9.00832846077e-12
-1.01380189156e-11 9.00846492863e-12
-1.01381283402e-11 9.00858435724e-12
-1.01382219508e-11 9.0086865026e-12
-1.01382997095e-11 9.0087713344e-12
-1.01383617771e-11 9.00883903708e-12
-1.01384085109e-11 9.00889000772e-12
-1.01384404603e-11 9.00892485046e-12
-1.0138458358e-11 9.00894436796e-12
-1.01384631099e-11 9.00894954981e-12
-1.01384557816e-11 9.00894155841e-12
-1.01384375828e-11 9.00892171251e-12
-1.01384098507e-11 9.00889146888e-12
-1.0138374031e-11 9.00885240248e-12
-1.01383316588e-11 9.00880618551e-12
-1.0138284338e-11 9.00875456587e-12
-1.01382337218e-11 9.00869934525e-12
-1.01381814917e-11 9.00864235741e-12
-1.01381293387e-11 9.00858544686e-12
-1.01380789436e-11 9.00853044824e-12
-1.01380319596e-11 9.00847916667e-12
-1.01379899953e-11 9.00843335927e-12
-1.0137954599e-11 9.00839471795e-12
-1.01379272445e-11 9.00836485352e-12
-1.01379093181e-11 9.00834528131e-12
-1.01379021072e-11 9.00833740812e-12
-1.01379067896e-11 9.0083425206e-12
-1.01379244248e-11 9.00836177503e-12
-1.01379559457e-11 9.00839618824e-12
-1.01380021521e-11 9.00844662989e-12
-1.01380637044e-11 9.00851381575e-12
-1.01381411187e-11 9.00859830211e-12
-1.01382347629e-11 9.00870048117e-12
-1.0138344853e-11 9.00882057736e-12
-1.01384714503e-11 9.00895864467e-12
-1.01386144603e-11 9.00911456483e-12
-1.01387736308e-11 9.00928804658e-12
-1.01389485523e-11 9.00947862582e-12
-1.01391386585e-11 9.00968566705e-12
-1.0139343228e-11 9.00990836586e-12
-1.01395613877e-11 9.01014575284e-12
-1.01397921169e-11 9.01039669891e-12
-1.01400342526e-11 9.01065992223e-12
-1.01402864977e-11 9.0109339968e-12
-1.01405474292e-11 9.01121736295e-12
-1.01408155097e-11 9.01150833961e-12
-1.01410890997e-11 9.01180513865e-12
-1.01413664726e-11 9.01210588117e-12
-1.0141645831e-11 9.01240861575e-12
-1.01419253252e-11 9.01271133849e-12
-1.01422030734e-11 9.01301201488e-12
-1.01424771835e-11 9.0133086031e-12
-1.01427457753e-11 9.01359907854e-12
-1.01430070054e-11 9.01388145923e-12
-1.01432590906e-11 9.01415383177e-12
-1.01435003328e-11 9.01441437727e-12
-1.01437291435e-11 9.01466139688e-12
-1.01439440665e-11 9.01489333637e-12
-1.01441438005e-11 9.01510880922e-12
-1.01443272189e-11 9.01530661781e-12
-1.0144493388e-11 9.01548577208e-12
-1.01446415818e-11 9.01564550536e-12
-1.01447712945e-11 9.01578528698e-12
-1.01448822491e-11 9.0159048312e-12
-1.01449744026e-11 9.01600410248e-12
-1.01450479469e-11 9.01608331683e-12
-1.01451033072e-11 9.01614293916e-12
-1.01451411357e-11 9.01618367693e-12
-1.01451623021e-11 9.01620647001e-12
-1.01451678806e-11 9.01621247718e-12
-1.0145159135e-11 9.01620305956e-12
-1.01451374997e-11 9.01617976137e-12
-1.01451045601e-11 9.01614428843e-12
-1.01450620302e-11 9.01609848491e-12
-1.014501173e-11 9.01604430889e-12
-1.01449555612e-11 9.01598380701e-12
-1.01448954837e-11 9.01591908892e-12
-1.01448334917e-11 9.01585230182e-12
-1.014477159e-11 9.01578560544e-12
-1.01447117722e-11 9.01572114793e-12
-1.01446559987e-11 9.01566104292e-12
-1.01446061775e-11 9.01560734776e-12
-1.01445641448e-11 9.01556204344e-12
-1.01445316489e-11 9.01552701601e-12
-1.01445103341e-11 9.01550403968e-12
-1.01445017271e-11 9.01549476159e-12
-1.0144507225e-11 9.01550068824e-12
-1.01445280841e-11 9.01552317339e-12
-1.01445654105e-11 9.01556340762e-12
-1.01446201519e-11 9.01562240915e-12
-1.01446930906e-11 9.01570101603e-12
-1.01447848375e-11 9.0157998796e-12
-1.01448958273e-11 9.01591945908e-12
-1.01450263142e-11 9.01606001728e-12
-1.01451763688e-11 9.01622161745e-12
-1.01453458764e-11 9.01640412118e-12
-1.01455345354e-11 9.01660718746e-12
-1.01457418572e-11 9.01683027302e-12
-1.01459671674e-11 9.0170726338e-12
-1.01462096079e-11 9.01733332806e-12
-1.01464681403e-11 9.0176112208e-12
-1.01467415517e-11 9.01790499011e-12
-1.01470284612e-11 9.01821313516e-12
-1.01473273286e-11 9.01853398637e-12
-1.01476364655e-11 9.01886571755e-12
-1.01479540481e-11 9.01920636043e-12
-1.01482781325e-11 9.01955382131e-12
-1.0148606672e-11 9.0199059002e-12
-1.01489375369e-11 9.02026031215e-12
-1.0149268536e-11 9.02061471077e-12
-1.01495974412e-11 9.02096671379e-12
-1.01499220122e-11 9.02131393032e-12
-1.01502400242e-11 9.02165398965e-12
-1.01505492957e-11 9.02198457097e-12
-1.01508477178e-11 9.02230343371e-12
-1.01511332823e-11 9.02260844801e-12
-1.01514041112e-11 9.02289762451e-12
-1.01516584836e-11 9.0231691432e-12
-1.01518948616e-11 9.02342138048e-12
-1.01521119147e-11 9.02365293391e-12
-1.01523085402e-11 9.02386264412e-12
-1.01524838818e-11 9.02404961333e-12
-1.01526373431e-11 9.02421322009e-12
-1.01527685984e-11 9.02435312981e-12
-1.01528775984e-11 9.02446930085e-12
-1.01529645722e-11 9.02456198616e-12
-1.0153030024e-11 9.02463173015e-12
-1.01530747267e-11 9.02467936125e-12
-1.01530997098e-11 9.02470598004e-12
-1.01531062455e-11 9.02471294345e-12
-1.01530958292e-11 9.02470184535e-12
-1.01530701585e-11 9.02467449397e-12
-1.01530311096e-11 9.02463288681e-12
-1.01529807106e-11 9.02457918334e-12
-1.01529211151e-11 9.02451567638e-12
-1.01528545736e-11 9.02444476248e-12
-1.01527834055e-11 9.02436891194e-12
-1.01527099706e-11 9.02429063896e-12
-1.01526366418e-11 9.02421247245e-12
-1.01525657784e-11 9.02413692775e-12
-1.0152499701e-11 9.0240664797e-12
-1.01524406679e-11 9.02400353727e-12
-1.01523908529e-11 9.02395041999e-12
-1.01523523252e-11 9.02390933621e-12
-1.01523270314e-11 9.02388236331e-12
-1.01523167788e-11 9.02387142989e-12
-1.0152323221e-11 9.02387829983e-12
-1.01523478446e-11 9.02390455824e-12
-1.01523919586e-11 9.02395159909e-12
-1.01524566842e-11 9.02402061457e-12
-1.01525429462e-11 9.02411258594e-12
-1.01526514666e-11 9.02422827583e-12
-1.01527827581e-11 9.02436822192e-12
-1.01529371198e-11 9.02453273197e-12
-1.01531146332e-11 9.02472188005e-12
-1.01533151599e-11 9.02493550412e-12
-1.01535383402e-11 9.02517320497e-12
-1.01537835933e-11 9.02543434652e-12
-1.01540501179e-11 9.02571805765e-12
-1.01543368956e-11 9.02602323572e-12
-1.01546426949e-11 9.02634855187e-12
-1.01549660778e-11 9.0266924583e-12
-1.01553054077e-11 9.02705319778e-12
-1.01556588601e-11 9.02742881544e-12
-1.01560244358e-11 9.02781717303e-12
-1.01563999756e-11 9.02821596589e-12
-1.0156783179e-11 9.02862274252e-12
-1.01571716246e-11 9.02903492692e-12
-1.01575627933e-11 9.02944984355e-12
-1.01579540945e-11 9.02986474496e-12
-1.01583428939e-11 9.03027684162e-12
-1.0158726544e-11 9.03068333392e-12
-1.01591024161e-11 9.03108144584e-12
-1.01594679332e-11 9.03146845975e-12
-1.01598206046e-11 9.03184175203e-12
-1.01601580592e-11 9.0321988286e-12
-1.01604780799e-11 9.03253735997e-12
-1.01607786357e-11 9.03285521491e-12
-1.01610579121e-11 9.03315049218e-12
-1.01613143394e-11 9.03342154951e-12
-1.01615466175e-11 9.03366702928e-12
-1.01617537369e-11 9.03388588019e-12
-1.01619349954e-11 9.03407737452e-12
-1.01620900103e-11 9.03424112047e-12
-1.01622187253e-11 9.03437706929e-12
-1.01623214123e-11 9.03448551717e-12
-1.01623986687e-11 9.03456710166e-12
-1.01624514081e-11 9.03462279285e-12
-1.01624808482e-11 9.03465387952e-12
-1.01624884919e-11 9.03466195066e-12
-1.01624761065e-11 9.03464887267e-12
-1.01624456978e-11 9.034616763e-12
-1.01623994821e-11 9.03456796066e-12
-1.01623398558e-11 9.03450499438e-12
-1.0162269363e-11 9.03443054897e-12
-1.01621906626e-11 9.0343474307e-12
-1.01621064948e-11 9.03425853218e-12
-1.01620196478e-11 9.03416679742e-12
-1.01619329253e-11 9.03407518761e-12
-1.01618491151e-11 9.03398664804e-12
-1.01617709594e-11 9.03390407654e-12
-1.01617011269e-11 9.03383029383e-12
-1.01616421862e-11 9.03376801584e-12
-1.0161596583e-11 9.03371982833e-12
-1.01615666174e-11 9.03368816366e-12
-1.01615544253e-11 9.03367528002e-12
-1.01615619605e-11 9.03368324269e-12
-1.01615909799e-11 9.03371390762e-12
-1.01616430296e-11 9.03376890697e-12
-1.01617194337e-11 9.03384963663e-12
-1.01618212844e-11 9.03395724552e-12
-1.01619494334e-11 9.03409262658e-12
-1.0162104485e-11 9.03425640938e-12
-1.01622867907e-11 9.03444895425e-12
-1.01624964445e-11 9.03467034793e-12
-1.01627332807e-11 9.03492040072e-12
-1.01629968715e-11 9.03519864522e-12
-1.01632865277e-11 9.03550433667e-12
-1.01636012998e-11 9.03583645515e-12
-1.01639399816e-11 9.0361937096e-12
-1.01643011154e-11 9.03657454412e-12
-1.01646829995e-11 9.03697714645e-12
-1.01650836981e-11 9.03739945907e-12
-1.01655010539e-11 9.03783919303e-12
-1.01659327032e-11 9.03829384469e-12
-1.01663760945e-11 9.0387607155e-12
-1.01668285097e-11 9.03923693496e-12
-1.01672870884e-11 9.03971948676e-12
-1.01677488561e-11 9.04020523806e-12
-1.01682107537e-11 9.04069097173e-12
-1.0168669672e-11 9.04117342141e-12
-1.01691224864e-11 9.04164930887e-12
-1.01695660951e-11 9.0421153835e-12
-1.01699974583e-11 9.04256846306e-12
-1.0170413638e-11 9.04300547537e-12
-1.01708118383e-11 9.04342349992e-12
-1.01711894451e-11 9.04381980893e-12
-1.01715440642e-11 9.04419190676e-12
-1.01718735571e-11 9.0445375671e-12
-1.01721760744e-11 9.04485486688e-12
-1.01724500845e-11 9.04514221635e-12
-1.01726943988e-11 9.04539838447e-12
-1.01729081912e-11 9.0456225191e-12
-1.01730910121e-11 9.04581416144e-12
-1.0173242797e-11 9.04597325447e-12
-1.01733638684e-11 9.04610014504e-12
-1.01734549321e-11 9.04619557972e-12
-1.01735170674e-11 9.04626069452e-12
-1.01735517113e-11 9.04629699863e-12
-1.01735606378e-11 9.04630635273e-12
-1.0173545932e-11 9.04629094238e-12
-1.01735099606e-11 9.04625324708e-12
-1.01734553387e-11 9.04619600577e-12
-1.01733848932e-11 9.04612217951e-12
-1.0173301626e-11 9.04603491213e-12
-1.01732086739e-11 9.04593748966e-12
-1.017310927e-11 9.04583329919e-12
-1.01730067041e-11 9.04572578799e-12
-1.01729042843e-11 9.04561842342e-12
-1.01728053001e-11 9.04551465419e-12
-1.01727129874e-11 9.04541787342e-12
-1.01726304952e-11 9.04533138392e-12
-1.01725608549e-11 9.04525836579e-12
-1.01725069523e-11 9.04520184664e-12
-1.0172471502e-11 9.04516467454e-12
-1.01724570244e-11 9.04514949352e-12
-1.01724658251e-11 9.04515872177e-12
-1.01724999767e-11 9.04519453235e-12
-1.01725613036e-11 9.04525883631e-12
-1.01726513675e-11 9.04535326804e-12
-1.01727714562e-11 9.04547917274e-12
-1.01729225733e-11 9.04563759592e-12
-1.01731054306e-11 9.04582927469e-12
-1.01733204406e-11 9.04605463096e-12
-1.01735677124e-11 9.04631376627e-12
-1.01738470477e-11 9.04660645852e-12
-1.01741579393e-11 9.04693216044e-12
-1.01744995711e-11 9.04729000003e-12
-1.017487082e-11 9.04767878307e-12
-1.01752702599e-11 9.04809699794e-12
-1.01756961681e-11 9.04854282284e-12
-1.01761465343e-11 9.04901413585e-12
-1.01766190723e-11 9.04950852785e-12
-1.01771112349e-11 9.05002331874e-12
-1.01776202321e-11 9.050555577e-12
-1.01781430527e-11 9.05110214289e-12
