0.0 0.0
6.5747185623693073e-10 3.4243325845673483e-09
1.5313404272388656e-09 1.4824396561003783e-08
2.6915493822757898e-09 3.6818614318892615e-08
4.2328262448422334e-09 7.2883070710132326e-08
6.2778809114397144e-09 1.2762633714910084e-07
8.9926970090176096e-09 2.0716059715148277e-07
1.2591952645272418e-08 3.1958064743424338e-07
1.7365596275520324e-08 4.75609548063372e-07
2.3687943376932588e-08 6.8943006708656447e-07
3.2063622668699994e-08 9.7980280690756715e-07
4.314267537522965e-08 1.3715022758863673e-06
5.779941755323111e-08 1.8972423432221011e-06
7.7157205430436001e-08 2.600141421262034e-06
1.0272238928661445e-07 3.5370143104133383e-06
1.3642442584592446e-07 4.7825706392286443e-06
1.8083985848546924e-07 6.4349887867879871e-06
2.3925649508251629e-07 8.6229906282879147e-06
3.1603883999097221e-07 1.1515153831795664e-05
4.1672968546388217e-07 1.5331656568539692e-05
5.486234335494687e-07 2.0359537396734229e-05
7.2092541528915484e-07 2.6971770984435396e-05
9.4559640334451601e-07 3.5651572123152437e-05
1.2375983310605957e-06 4.7022378031512382e-05
1.6160183294084848e-06 6.1884964804788856e-05
2.1044277350826955e-06 8.1262288057347055e-05
2.7321530956488324e-06 0.00010645281321740707
3.5347228289764516e-06 0.0001390927919914971
4.5549573582801808e-06 0.00018122654296679201
5.8433192131682654e-06 0.00023538423344308609
7.4583932959029146e-06 0.00030466398609449848
9.4667600484487916e-06 0.00039281582642966344
1.1942561968656941e-05 0.00050432271193542237
1.4966562827716171e-05 0.00064447440358319922
1.8624793593706378e-05 0.00081942938494477494
2.3006838779716178e-05 0.0010362608035563508
2.820387708970062e-05 0.0013029832820428972
3.4306601987483143e-05 0.0016285586939032278
4.1403145832034846e-05 0.0020228802971298844
4.9577113328638367e-05 0.0024967358135917239
5.8905803373754883e-05 0.003061751004750023
6.945866934487633e-05 0.003730315966826229
8.1296041405706502e-05 0.0045154967519855111
9.4468113246351266e-05 0.0054309350574649794
0.00010901418074545437 0.0064907386720056345
0.00012496211090662682 0.0077093651910268889
0.00014232801498457228 0.0091015012633768929
0.00016111609868026981 0.010681939355381266
0.00018131866345255448 0.012465453741489729
0.00020291623540428768 0.01446667717303579
0.00022587780115870015 0.016699979446801325
0.00025016113318558972 0.019179348896511201
0.00027571318989373363 0.021918277662549338
0.00030247057833424513 0.0249296514554034
0.00033036006950691214 0.028225644412909416
0.00035929915802898599 0.03181761955632556
0.00038919665934429522 0.035716035271811344
0.00041995333876449615 0.039930358178628049
0.00045146256749210574 0.044468982690381118
0.00048361100142337769 0.0493391575284826
0.00051627927901001433 0.054546919405739885
0.00054934273480851511 0.060097034061044767
0.00058267212559501888 0.065992944792313199
0.00061613436609678272 0.072236728603207886
0.00064959327150919551 0.078829060049072475
0.00068291030404539423 0.085769182838419319
0.00071594532081708465 0.093054889217911399
0.00074855732037961689 0.10068250714081063
0.000780605185299934 0.10864689519122521
0.00081194841812806337 0.11694144520907923
0.00084244786817638557 0.1255580925335818
0.00087196644653903205 0.13448733375605768
0.00090036982681906226 0.14371825184646447
0.00092752712907567976 0.15323854849174962
0.00095331158455819914 0.16303458345859242
0.00097760117886009669 0.17309142076806311
0.001000279271203859 0.18339288144547944
0.0010212351876578453 0.19392160258538396
0.0010403647861889967 0.20465910244916996
0.0010575709915696444 0.21558585129166252
0.0010727642982842774 0.22668134759298508
0.0010858632397212531 0.23792419935343009
0.0010967948220852142 0.24929221009200656
0.0011054949216295765 0.26076246917385476
0.0011119086439817631 0.27231144607807983
0.0011159906445200934 0.28391508820569344
0.0011177054089582877 0.29554892181755948
0.0011170274934994588 0.30718815568452768
0.001113941724144033 0.31880778702642093
0.0011084433549619808 0.3303827093134305
0.0011005381853856327 0.34188782150274183
0.0010902426368319734 0.35329813828512308
0.001077583789231453 0.36458890092087098
0.0010625993783223435 0.37573568825188253
0.0010453377548677331 0.38671452748724666
0.0010258578072685758 0.39750200437337269
0.0010042288493809005 0.4080753723767559
0.00098053047570628021 0.41841266052824982
0.00095485238650865783 0.42849277960228782
0.0009272941858277596 0.43829562633320623
0.00089796515580937541 0.44780218540423233
0.00086698401126186547 0.45699462898272875
0.00083447863887960855 0.46585641361888347
0.00080058582614850457 0.47437237437423568
0.00076545098556448157 0.48252881610191134
0.00072922788044288845 0.49031360186236411
0.00069207835925137154 0.49771623852744173
0.0006541721060139479 0.50472795970070017
0.00061568641482221526 0.51134180616338054
0.00057680599669290638 0.51755270414002152
0.00053772282665578075 0.52335754176163174
0.00049863603757042767 0.52875524417946873
0.00045975186395272213 0.53374684783324522
0.00042128363268675861 0.53833557437824642
0.0003834517856300147 0.54252690468197073
0.00034648389799653908 0.54632865303419176
0.0003106146197768522 0.54975104114760276
0.00027608540522936327 0.55280677044451487
0.00024314379191182894 0.55551108917961689
0.00021204182285071167 0.55788184758983905
0.0001830329442789581 0.55993952866865004
0.00015636633318814844 0.56170723323878458
0.00013227713446261157 0.56321058463277784
0.00011097068187226837 0.56447750034287891
9.2598941960690678e-05 0.56553775880034807
7.7229190923901867e-05 0.56642228032579256
6.4809605394872141e-05 0.56716206572325489
5.5143820168372457e-05 0.56778682314803208
4.7891774326374334e-05 0.56832346686936752
4.2608369840586341e-05 0.5687948217869998
3.8811941071638061e-05 0.56921888590632674
3.6055486480324638e-05 0.56960882042471872
3.3973821591713162e-05 0.56997355640440017
3.2298021987741795e-05 0.57031872225635227
3.0845968749857379e-05 0.57064759720805458
2.950280090284893e-05 0.57096191371664151
2.8201034506414941e-05 0.57126245452600855
2.6904540645006495e-05 0.57154946273001639
2.5597049508106567e-05 0.57182290851203321
2.4274413988664437e-05 0.5720826557178772
2.2939586206329404e-05 0.57232856196878223
2.1599417363923411e-05 0.57256053594570588
2.0262638121712199e-05 0.57277856748470946
1.8938590233106609e-05 0.57298274054930498
1.7636435057454792e-05 0.57317323547228005
1.6364667870819509e-05 0.57335032454995716
1.5130832425217877e-05 0.57351436361433239
1.3941370233731753e-05 0.57366578133653168
1.280156272352427e-05 0.5738050674452424
1.1715538072602516e-05 0.57393276067900711
1.0686322496644992e-05 0.57404943703619904
9.7159206940633923e-06 0.57415569871955463
8.8054136714012121e-06 0.5742521640021101
7.9550650169485842e-06 0.57433945816225562
7.1644291257127241e-06 0.57441820552806444
6.4324569130418177e-06 0.57448902264248991
5.7575961584413562e-06 0.57455251250285055
5.1378847967940187e-06 0.57460925979813104
4.5710362836516398e-06 0.57465982709694108
4.0545167010536335e-06 0.57470475185164571
3.5856136126602519e-06 0.57474454419737597
3.16149689249008e-06 0.57477968539588387
2.7792718815007148e-06 0.57481062690177942
2.436025307317656e-06 0.5748377899069399
2.1288644397695298e-06 0.57486156537616384
1.8549499797783502e-06 0.57488231440939397
1.6115231861391923e-06 0.57490036895417762
1.3959277385694396e-06 0.57491603276565106
1.2056268353486243e-06 0.57492958252315174
1.0382160054449422e-06 0.57494126920918265
8.914321042085115e-07 0.57495131945770017
7.6315894564062933e-07 0.5749599371266344
6.5143000182377798e-07 0.57496730476585889
5.5442858072775446e-07 0.57497358528145959
4.7048587296027689e-07 0.5749789233716307
3.980772262659762e-07 0.57498344714284177
3.358169887980992e-07 0.57498726951685608
2.8245222574652996e-07 0.57499048965268296
2.3685559314460339e-07 0.57499319439214125
1.9801761737909945e-07 0.57499545935980645
1.650386028239989e-07 0.57499735026086352
1.3712036118257741e-07 0.57499892400110408
1.135579250503301e-07 0.57500022960581643
9.3731387226164833e-08 0.57500130926671533
7.7097974677515507e-08 0.57500219901274496
6.3184447964907163e-08 0.57500292970538813
5.1579894512502289e-08 0.5750035272984827
4.1928961329717523e-08 0.57500401445648641
3.3925562434191049e-08 0.57500440943409614
2.7307073168877456e-08 0.57500472843130401
2.1849020345350972e-08 0.57500498431077685
1.7360258447313296e-08 0.57500518851566362
1.3678620156198481e-08 0.57500535033623801
1.0667019955529371e-08 0.57500547683348791
8.2099844746051983e-09 0.57500557503078353
6.2105840878611236e-09 0.57500565085778765
4.5877322567943781e-09 0.5750057060325493
3.273822254729564e-09 0.57500574819645256
2.2126726277576795e-09 0.57500577616476856
1.357745360239032e-09 0.57500579350959613
6.7061311381521974e-10 0.57500580485963027
1.1964402490053818e-10 0.57500579375239125
-3.2112096879345301e-10 0.57500581391281569
-6.7292278905586226e-10 0.57500580210411556
-9.5309013669780407e-10 0.57500579378401739
-1.1757196076656236e-09 0.57500578126487067
-1.3522469017031744e-09 0.57500576920626023
-1.491923161445489e-09 0.57500575619464578
-1.6022123945064672e-09 0.57500573846941216
-1.6891206789107942e-09 0.57500572173053699
-1.7574685665968513e-09 0.57500570572845089
-1.8111152831266082e-09 0.57500568506627669
-1.8531427800196541e-09 0.57500566919927354
-1.8860063044109872e-09 0.57500564681901134
-1.9116572973048652e-09 0.57500562790494547
-1.9316431060467113e-09 0.57500560780706733
-1.9471879073075753e-09 0.57500558708762206
-1.959258077184739e-09 0.57500556463673691
-1.9686148294839279e-09 0.57500554660733527
-1.9758564983503764e-09 0.57500552593106202
-1.9814524400426206e-09 0.5750055038801023
-1.9857700914789196e-09 0.57500548496602788
-1.989096537239094e-09 0.57500546512819528
-1.9916556587546761e-09 0.57500544385224184
-1.9936217246908236e-09 0.57500542380107467
-1.9951301393934617e-09 0.57500540037861103
-1.9962859283060253e-09 0.57500538072293594
-1.9971704122055725e-09 0.57500536170970074
-1.9978464554899524e-09 0.57500533939809872
-1.9983625766061359e-09 0.57500531905019903
-1.9987561630678029e-09 0.57500529795597399
-1.9990559825414518e-09 0.57500527533677614
-1.9992841374613608e-09 0.57500525705616579
-1.999457585479033e-09 0.57500523648491175
-1.9995893195643099e-09 0.57500521225268908
-1.9996892816961937e-09 0.57500519491642643
-1.9997650697559575e-09 0.57500517270370888
-1.9998224831947164e-09 0.57500515411026665
-1.9998659435576771e-09 0.57500513085302341
-1.9998988181058575e-09 0.57500511062330184
-1.9999236684385145e-09 0.57500508878590917
-1.9999424412922358e-09 0.57500506596564549
-1.9999566146908422e-09 0.57500505048530204
-1.9999673096899581e-09 0.57500502622892891
-1.9999753764868846e-09 0.57500500670847232
-1.999981456949926e-09 0.57500498650539911
-1.9999847546756515e-09 0.57500496504552523
-1.8007662768902579e-06 0.57500494131965085
2637.2499607441237 0.57498618571945859
nan nan
nan nan
nan nan
nan nan
nan nan
nan nan
nan nan
nan nan
nan nan
nan nan
nan nan
nan nan
nan nan
nan nan
nan nan
nan nan
nan nan
nan nan
nan nan
nan nan
nan nan
nan nan
nan nan
nan nan
nan nan
nan nan
nan nan
nan nan
nan nan
nan nan
nan nan
nan nan
nan nan
nan nan
nan nan
nan nan
nan nan
nan nan
nan nan
nan nan
nan nan
nan nan
nan nan
nan nan
nan nan
nan nan
nan nan
nan nan
nan nan
nan nan
nan nan
nan nan
nan nan
nan nan
nan nan
nan nan
nan nan
nan nan
nan nan
nan nan
nan nan
nan nan
nan nan
nan nan
nan nan
nan nan
nan nan
nan nan
nan nan
nan nan
nan nan
nan nan
nan nan
nan nan
nan nan
nan nan
nan nan
nan nan
nan nan
nan nan
nan nan
nan nan
nan nan
nan nan
nan nan
nan nan
nan nan
nan nan
nan nan
nan nan
nan nan
nan nan
nan nan
nan nan
nan nan
nan nan
nan nan
nan nan
nan nan
nan nan
nan nan
nan nan
nan nan
nan nan
nan nan
nan nan
nan nan
nan nan
nan nan
nan nan
nan nan
nan nan
nan nan
nan nan
nan nan
nan nan
nan nan
nan nan
nan nan
nan nan
nan nan
nan nan
nan nan
nan nan
nan nan
nan nan
nan nan
nan nan
nan nan
nan nan
nan nan
nan nan
nan nan
nan nan
nan nan
nan nan
nan nan
nan nan
nan nan
nan nan
nan nan
nan nan
nan nan
nan nan
nan nan
nan nan
nan nan
nan nan
nan nan
nan nan
nan nan
nan nan
nan nan
nan nan
nan nan
nan nan
nan nan
nan nan
nan nan
nan nan
nan nan
nan nan
nan nan
nan nan
nan nan
nan nan
nan nan
nan nan
nan nan
nan nan
nan nan
nan nan
nan nan
nan nan
nan nan
nan nan
nan nan
nan nan
nan nan
nan nan
nan nan
nan nan
nan nan
nan nan
nan nan
nan nan
nan nan
nan nan
nan nan
nan nan
nan nan
nan nan
nan nan
nan nan
nan nan
nan nan
nan nan
nan nan
nan nan
nan nan
nan nan
nan nan
nan nan
nan nan
nan nan
nan nan
nan nan
nan nan
nan nan
nan nan
nan nan
nan nan
nan nan
nan nan
nan nan
nan nan
nan nan
nan nan
nan nan
nan nan
nan nan
nan nan
nan nan
nan nan
nan nan
nan nan
nan nan
nan nan
nan nan
nan nan
nan nan
nan nan
nan nan
nan nan
nan nan
nan nan
nan nan
nan nan
nan nan
nan nan
nan nan
nan nan
nan nan
nan nan
nan nan
nan nan
nan nan
nan nan
nan nan
nan nan
nan nan
nan nan
nan nan
nan nan
nan nan
nan nan
nan nan
nan nan
nan nan
nan nan
nan nan
nan nan
nan nan
nan nan
nan nan
nan nan
nan nan
nan nan
nan nan
nan nan
nan nan
nan nan
nan nan
nan nan
nan nan
nan nan
nan nan
nan nan
nan nan
nan nan
nan nan
nan nan
nan nan
nan nan
nan nan
nan nan
nan nan
nan nan
nan nan
nan nan
nan nan
nan nan
nan nan
nan nan
nan nan
nan nan
nan nan
nan nan
nan nan
nan nan
nan nan
nan nan
nan nan
nan nan
nan nan
nan nan
nan nan
nan nan
nan nan
nan nan
nan nan
nan nan
nan nan
nan nan
nan nan
nan nan
nan nan
nan nan
nan nan
nan nan
nan nan
nan nan
nan nan
nan nan
nan nan
nan nan
nan nan
nan nan
nan nan
nan nan
nan nan
nan nan
nan nan
nan nan
nan nan
nan nan
nan nan
nan nan
nan nan
nan nan
nan nan
nan nan
nan nan
nan nan
nan nan
nan nan
nan nan
nan nan
nan nan
nan nan
nan nan
nan nan
nan nan
nan nan
nan nan
nan nan
nan nan
nan nan
nan nan
nan nan
nan nan
nan nan
nan nan
nan nan
nan nan
nan nan
nan nan
nan nan
nan nan
nan nan
nan nan
nan nan
nan nan
nan nan
nan nan
nan nan
nan nan
nan nan
nan nan
nan nan
nan nan
nan nan
nan nan
nan nan
nan nan
nan nan
nan nan
nan nan
nan nan
nan nan
nan nan
nan nan
nan nan
nan nan
nan nan
nan nan
nan nan
nan nan
nan nan
nan nan
nan nan
nan nan
nan nan
nan nan
nan nan
nan nan
nan nan
nan nan
nan nan
nan nan
nan nan
nan nan
nan nan
nan nan
nan nan
nan nan
nan nan
nan nan
nan nan
nan nan
nan nan
nan nan
nan nan
nan nan
nan nan
nan nan
nan nan
nan nan
nan nan
nan nan
nan nan
nan nan
nan nan
nan nan
nan nan
nan nan
nan nan
nan nan
nan nan
nan nan
nan nan
nan nan
nan nan
nan nan
nan nan
nan nan
nan nan
nan nan
nan nan
nan nan
nan nan
nan nan
nan nan
nan nan
nan nan
nan nan
nan nan
nan nan
nan nan
nan nan
nan nan
nan nan
nan nan
nan nan
nan nan
nan nan
nan nan
nan nan
nan nan
nan nan
nan nan
nan nan
nan nan
nan nan
nan nan
nan nan
nan nan
nan nan
nan nan
nan nan
nan nan
nan nan
nan nan
nan nan
nan nan
nan nan
nan nan
nan nan
nan nan
nan nan
nan nan
nan nan
nan nan
nan nan
nan nan
nan nan
nan nan
nan nan
nan nan
nan nan
nan nan
nan nan
nan nan
nan nan
nan nan
nan nan
nan nan
nan nan
nan nan
nan nan
nan nan
nan nan
nan nan
nan nan
nan nan
nan nan
nan nan
nan nan
nan nan
nan nan
nan nan
nan nan
nan nan
nan nan
nan nan
nan nan
nan nan
nan nan
nan nan
nan nan
nan nan
nan nan
nan nan
nan nan
nan nan
nan nan
nan nan
nan nan
nan nan
nan nan
nan nan
nan nan
nan nan
nan nan
nan nan
nan nan
nan nan
nan nan
nan nan
nan nan
nan nan
nan nan
nan nan
nan nan
nan nan
nan nan
nan nan
nan nan
nan nan
nan nan
nan nan
nan nan
nan nan
nan nan
nan nan
nan nan
nan nan
nan nan
nan nan
nan nan
nan nan
nan nan
nan nan
nan nan
nan nan
nan nan
nan nan
nan nan
nan nan
nan nan
nan nan
nan nan
nan nan
nan nan
nan nan
nan nan
nan nan
nan nan
nan nan
nan nan
nan nan
nan nan
nan nan
nan nan
nan nan
nan nan
nan nan
nan nan
nan nan
nan nan
nan nan
nan nan
nan nan
nan nan
nan nan
nan nan
nan nan
nan nan
nan nan
nan nan
nan nan
nan nan
nan nan
nan nan
nan nan
nan nan
nan nan
nan nan
nan nan
nan nan
nan nan
nan nan
nan nan
nan nan
nan nan
nan nan
nan nan
nan nan
nan nan
nan nan
nan nan
nan nan
nan nan
nan nan
nan nan
nan nan
nan nan
nan nan
nan nan
nan nan
nan nan
nan nan
nan nan
nan nan
nan nan
nan nan
nan nan
nan nan
nan nan
nan nan
nan nan
nan nan
nan nan
nan nan
nan nan
nan nan
nan nan
nan nan
nan nan
nan nan
nan nan
nan nan
nan nan
nan nan
nan nan
nan nan
nan nan
nan nan
nan nan
nan nan
nan nan
nan nan
nan nan
nan nan
nan nan
nan nan
nan nan
nan nan
nan nan
nan nan
nan nan
nan nan
nan nan
nan nan
nan nan
nan nan
nan nan
nan nan
nan nan
nan nan
nan nan
nan nan
nan nan
nan nan
nan nan
nan nan
nan nan
nan nan
nan nan
nan nan
nan nan
nan nan
nan nan
nan nan
nan nan
nan nan
nan nan
nan nan
nan nan
nan nan
nan nan
nan nan
nan nan
nan nan
nan nan
nan nan
nan nan
nan nan
nan nan
nan nan
nan nan
nan nan
nan nan
nan nan
nan nan
nan nan
nan nan
nan nan
nan nan
nan nan
nan nan
nan nan
nan nan
nan nan
nan nan
nan nan
nan nan
nan nan
nan nan
nan nan
nan nan
nan nan
nan nan
nan nan
nan nan
nan nan
nan nan
nan nan
nan nan
nan nan
nan nan
