-0.0
-0.012566039883352607
-0.025130095443337479
-0.037690182669934541
-0.050244318179769556
-0.062790519529313374
-0.075326805527932722
-0.087851196550743166
-0.10036171485121489
-0.11285638487348168
-0.12533323356430426
-0.13779029068463808
-0.15022558912075706
-0.16263716519488358
-0.17502305897527604
-0.1873813145857246
-0.19970998051440703
-0.21200710992205465
-0.22427076094938117
-0.23649899702372468
-0.24868988716485479
-0.26084150628989694
-0.27295193551732522
-0.28501926246997611
-0.29704158157703492
-0.3090169943749474
-0.32094360980720948
-0.33281954452298662
-0.34464292317451706
-0.3564118787132507
-0.36812455268467792
-0.37977909552180106
-0.39137366683720243
-0.40290643571366264
-0.41437558099328414
-0.4257792915650726
-0.43711576665093288
-0.44838321609003218
-0.45957986062148787
-0.47070393216533257
-0.48175367410171532
-0.49272734154829151
-0.5036232016357608
-0.51443953378150642
-0.52517462996129571
-0.53582679497899666
-0.54639434673426912
-0.55687561648818795
-0.56726894912675652
-0.57757270342226763
-0.58778525229247314
-0.59790498305751882
-0.60793029769460538
-0.61785961309033433
-0.62769136129070047
-0.63742398974868963
-0.64705596156944423
-0.65658575575295652
-0.66601186743425156
-0.67533280812102447
-0.68454710592868862
-0.69365330581280504
-0.70264996979884919
-0.71153567720928534
-0.72030902488790693
-0.72896862742141133
-0.73751311735817371
-0.74594114542418199
-0.75425138073610376
-0.76244251101144789
-0.77051324277578914
-0.77846230156702334
-0.78628843213661881
-0.79399039864783538
-0.80156698487087641
-0.80901699437494734
-0.81633925071718394
-0.82353259762842745
-0.83059589919581256
-0.83752804004214165
-0.84432792550201508
-0.85099448179469173
-0.85752665619365209
-0.86392341719283527
-0.87018375466952569
-0.87630668004386347
-0.88229122643495328
-0.88813644881354448
-0.89384142415126377
-0.89940525156637097
-0.90482705246601958
-0.91010597068499566
-0.91524117262091753
-0.92023184736587027
-0.92507720683445804
-0.92977648588825146
-0.93432894245661202
-0.93873385765387407
-0.94299053589286441
-0.94709830499474434
-0.95105651629515353
-0.95486454474664295
-0.95852178901737584
-0.96202767158608593
-0.96538163883327388
-0.96858316112863108
-0.97163173291467397
-0.97452687278657713
-0.97726812356819348
-0.97985505238424686
-0.98228725072868861
-0.98456433452920533
-0.98668594420786804
-0.98865174473791406
-0.99046142569665119
-0.99211470131447776
-0.9936113105200084
-0.99495101698130017
-0.9961336091431725
-0.99715890026061393
-0.99802672842827156
-0.99873695660601747
-0.9992894726405892
-0.99968418928329994
-0.99992104420381611
-1.0
-0.99992104420381611
-0.99968418928329994
-0.9992894726405892
-0.99873695660601747
-0.99802672842827156
-0.99715890026061393
-0.9961336091431725
-0.99495101698130017
-0.9936113105200084
-0.99211470131447776
-0.99046142569665119
-0.98865174473791406
-0.98668594420786804
-0.98456433452920544
-0.98228725072868872
-0.97985505238424686
-0.97726812356819348
-0.97452687278657713
-0.97163173291467397
-0.96858316112863119
-0.96538163883327388
-0.96202767158608593
-0.95852178901737595
-0.95486454474664295
-0.95105651629515364
-0.94709830499474434
-0.94299053589286452
-0.93873385765387418
-0.93432894245661202
-0.92977648588825135
-0.92507720683445804
-0.92023184736587038
-0.91524117262091764
-0.91010597068499577
-0.90482705246601947
-0.89940525156637108
-0.89384142415126377
-0.88813644881354459
-0.88229122643495339
-0.87630668004386347
-0.8701837546695258
-0.86392341719283539
-0.85752665619365231
-0.85099448179469206
-0.84432792550201519
-0.83752804004214176
-0.83059589919581267
-0.82353259762842734
-0.81633925071718405
-0.80901699437494745
-0.80156698487087663
-0.79399039864783527
-0.78628843213661903
-0.77846230156702356
-0.77051324277578925
-0.76244251101144811
-0.75425138073610398
-0.74594114542418222
-0.73751311735817393
-0.72896862742141155
-0.72030902488790716
-0.71153567720928557
-0.70264996979884919
-0.69365330581280527
-0.6845471059286885
-0.67533280812102459
-0.66601186743425167
-0.65658575575295641
-0.64705596156944456
-0.63742398974868952
-0.62769136129070058
-0.61785961309033466
-0.60793029769460527
-0.59790498305751905
-0.58778525229247325
-0.57757270342226763
-0.56726894912675674
-0.55687561648818784
-0.54639434673426912
-0.53582679497899666
-0.5251746299612956
-0.51443953378150664
-0.50362320163576091
-0.49272734154829156
-0.48175367410171521
-0.47070393216533279
-0.45957986062148798
-0.44838321609003229
-0.43711576665093282
-0.42577929156507288
-0.41437558099328431
-0.40290643571366269
-0.39137366683720237
-0.37977909552180139
-0.36812455268467814
-0.35641187871325075
-0.34464292317451706
-0.33281954452298651
-0.32094360980720971
-0.30901699437494751
-0.29704158157703492
-0.28501926246997644
-0.272951935517325
-0.26084150628989705
-0.24868988716485524
-0.23649899702372459
-0.22427076094938142
-0.21200710992205477
-0.19970998051440705
-0.18738131458572499
-0.17502305897527587
-0.16263716519488375
-0.15022558912075712
-0.13779029068463802
-0.12533323356430454
-0.11285638487348187
-0.10036171485121498
-0.087851196550743596
-0.075326805527932597
-0.062790519529313582
-0.050244318179769661
-0.037690182669934541
-0.025130095443337813
-0.012566039883352836
-1.2246467991473532e-16
0.01256603988335259
0.02513009544333757
0.037690182669934291
0.050244318179769411
0.062790519529313332
0.075326805527932791
0.087851196550742902
0.10036171485121473
0.11285638487348162
0.12533323356430387
0.1377902906846378
0.1502255891207569
0.16263716519488311
0.17502305897527565
0.18738131458572477
0.19970998051440683
0.21200710992205457
0.22427076094938078
0.23649899702372437
0.24868988716485502
0.26084150628989683
0.27295193551732522
0.28501926246997583
0.2970415815770347
0.3090169943749469
0.32094360980720948
0.33281954452298673
0.34464292317451684
0.35641187871325059
0.36812455268467753
0.37977909552180117
0.39137366683720259
0.40290643571366253
0.41437558099328409
0.42577929156507227
0.43711576665093305
0.44838321609003251
0.45957986062148781
0.47070393216533257
0.48175367410171499
0.49272734154829101
0.50362320163576113
0.51443953378150642
0.52517462996129538
0.53582679497899643
0.54639434673426868
0.55687561648818795
0.56726894912675663
0.57757270342226741
0.58778525229247303
0.59790498305751849
0.60793029769460505
0.61785961309033444
0.62769136129070036
0.63742398974868963
0.647055961569444
0.65658575575295619
0.66601186743425178
0.67533280812102436
0.68454710592868873
0.69365330581280471
0.70264996979884908
0.7115356772092849
0.72030902488790693
0.72896862742141155
0.73751311735817371
0.74594114542418199
0.75425138073610354
0.76244251101144789
0.77051324277578936
0.77846230156702356
0.78628843213661859
0.79399039864783505
0.80156698487087641
0.80901699437494734
0.81633925071718394
0.82353259762842745
0.83059589919581223
0.83752804004214132
0.8443279255020153
0.85099448179469162
0.85752665619365209
0.86392341719283516
0.87018375466952558
0.87630668004386358
0.88229122643495339
0.88813644881354459
0.89384142415126355
0.89940525156637086
0.90482705246601935
0.91010597068499566
0.91524117262091753
0.92023184736587038
0.92507720683445804
0.92977648588825113
0.93432894245661213
0.93873385765387418
0.9429905358928643
0.94709830499474423
0.95105651629515353
0.95486454474664295
0.95852178901737595
0.96202767158608593
0.96538163883327399
0.96858316112863097
0.97163173291467386
0.97452687278657724
0.97726812356819337
0.97985505238424686
0.98228725072868872
0.98456433452920522
0.98668594420786793
0.98865174473791406
0.99046142569665119
0.99211470131447776
0.9936113105200084
0.99495101698130017
0.9961336091431725
0.99715890026061393
0.99802672842827156
0.99873695660601747
0.9992894726405892
0.99968418928329994
0.99992104420381611
1.0
0.99992104420381611
0.99968418928329994
0.99928947264058932
0.99873695660601747
0.99802672842827156
0.99715890026061393
0.9961336091431725
0.99495101698130017
0.9936113105200084
0.99211470131447788
0.99046142569665119
0.98865174473791395
0.98668594420786815
0.98456433452920544
0.98228725072868861
0.97985505238424697
0.97726812356819348
0.97452687278657713
0.97163173291467408
0.96858316112863108
0.96538163883327377
0.96202767158608604
0.95852178901737595
0.95486454474664306
0.95105651629515364
0.94709830499474434
0.94299053589286441
0.93873385765387407
0.93432894245661224
0.92977648588825157
0.92507720683445793
0.92023184736587049
0.91524117262091764
0.91010597068499577
0.90482705246601958
0.89940525156637141
0.89384142415126366
0.88813644881354437
0.8822912264349535
0.87630668004386381
0.8701837546695258
0.86392341719283539
0.85752665619365231
0.85099448179469184
0.84432792550201508
0.8375280400421421
0.830595899195813
0.82353259762842712
0.81633925071718416
0.80901699437494756
0.80156698487087663
0.79399039864783583
0.78628843213661881
0.77846230156702334
0.77051324277578959
0.76244251101144822
0.75425138073610409
0.74594114542418233
0.73751311735817404
0.72896862742141155
0.72030902488790693
0.71153567720928579
0.70264996979884964
0.69365330581280471
0.68454710592868895
0.67533280812102459
0.66601186743425178
0.65658575575295652
0.64705596156944423
0.63742398974868963
0.62769136129070024
0.61785961309033477
0.60793029769460571
0.59790498305751916
0.58778525229247325
0.57757270342226763
0.56726894912675652
0.55687561648818795
0.54639434673426968
0.53582679497899632
0.52517462996129538
0.51443953378150675
0.50362320163576102
0.49272734154829168
0.4817536741017161
0.47070393216533252
0.4595798606214877
0.44838321609003279
0.43711576665093332
0.42577929156507299
0.41437558099328436
0.4029064357136628
0.39137366683720248
0.37977909552180106
0.36812455268467864
0.35641187871325131
0.34464292317451672
0.33281954452298707
0.32094360980720976
0.30901699437494762
0.29704158157703503
0.28501926246997611
0.27295193551732511
0.26084150628989672
0.24868988716485535
0.23649899702372515
0.22427076094938156
0.2120071099220549
0.19970998051440719
0.18738131458572468
0.17502305897527687
0.16263716519488433
0.15022558912075681
0.13779029068463772
0.12533323356430467
0.112856384873482
0.1003617148512151
0.087851196550743277
0.075326805527932722
0.062790519529313263
0.050244318179770223
0.037690182669935096
0.025130095443337937
0.012566039883352958
2.4492935982947064e-16
-0.012566039883352469
-0.025130095443337445
-0.037690182669933729
-0.050244318179769737
-0.062790519529313651
-0.075326805527932222
-0.087851196550742777
-0.1003617148512146
-0.1128563848734815
-0.12533323356430418
-0.13779029068463811
-0.1502255891207572
-0.16263716519488297
-0.17502305897527551
-0.18738131458572507
-0.19970998051440669
-0.21200710992205443
-0.22427076094938106
-0.23649899702372382
-0.24868988716485405
-0.26084150628989716
-0.27295193551732472
-0.28501926246997572
-0.29704158157703459
-0.30901699437494717
-0.32094360980720854
-0.33281954452298579
-0.34464292317451628
-0.35641187871325086
-0.36812455268467825
-0.3797790955218015
-0.39137366683720209
-0.40290643571366241
-0.41437558099328398
-0.4257792915650726
-0.43711576665093216
-0.44838321609003162
-0.45957986062148731
-0.47070393216533213
-0.48175367410171571
-0.49272734154829206
-0.50362320163576069
-0.51443953378150642
-0.52517462996129571
-0.53582679497899666
-0.54639434673426857
-0.55687561648818751
-0.56726894912675607
-0.57757270342226663
-0.58778525229247225
-0.59790498305751949
-0.60793029769460538
-0.61785961309033444
-0.62769136129070058
-0.6374239897486893
-0.64705596156944389
-0.65658575575295619
-0.66601186743425145
-0.6753328081210237
-0.68454710592868795
-0.69365330581280438
-0.70264996979884931
-0.71153567720928557
-0.72030902488790716
-0.72896862742141111
-0.73751311735817371
-0.74594114542418199
-0.75425138073610376
-0.76244251101144722
-0.7705132427757887
-0.77846230156702301
-0.78628843213661903
-0.7939903986478356
-0.80156698487087685
-0.80901699437494723
-0.81633925071718383
-0.82353259762842734
-0.83059589919581267
-0.83752804004214132
-0.84432792550201474
-0.85099448179469162
-0.85752665619365165
-0.86392341719283561
-0.87018375466952602
-0.87630668004386347
-0.88229122643495328
-0.88813644881354459
-0.89384142415126344
-0.89940525156637074
-0.90482705246601935
-0.91010597068499555
-0.91524117262091709
-0.92023184736586994
-0.92507720683445804
-0.92977648588825146
-0.93432894245661213
-0.93873385765387418
-0.9429905358928643
-0.94709830499474412
-0.95105651629515342
-0.95486454474664284
-0.95852178901737561
-0.9620276715860856
-0.96538163883327366
-0.96858316112863119
-0.97163173291467397
-0.97452687278657724
-0.97726812356819337
-0.97985505238424686
-0.98228725072868861
-0.98456433452920533
-0.98668594420786793
-0.98865174473791395
-0.99046142569665119
-0.99211470131447765
-0.99361131052000851
-0.99495101698130017
-0.9961336091431725
-0.99715890026061393
-0.99802672842827156
-0.99873695660601747
-0.9992894726405892
-0.99968418928329994
-0.99992104420381611
-1.0
-0.99992104420381611
-0.99968418928329994
-0.9992894726405892
-0.99873695660601747
-0.99802672842827156
-0.99715890026061393
-0.9961336091431725
-0.99495101698130017
-0.9936113105200084
-0.99211470131447799
-0.9904614256966513
-0.98865174473791417
-0.98668594420786804
-0.98456433452920544
-0.98228725072868861
-0.97985505238424697
-0.97726812356819337
-0.97452687278657724
-0.9716317329146742
-0.96858316112863108
-0.9653816388332741
-0.96202767158608626
-0.95852178901737606
-0.95486454474664284
-0.95105651629515364
-0.94709830499474412
-0.94299053589286452
-0.9387338576538744
-0.93432894245661202
-0.92977648588825168
-0.9250772068344586
-0.92023184736587049
-0.91524117262091809
-0.91010597068499577
-0.90482705246601924
-0.89940525156637108
-0.89384142415126422
-0.88813644881354448
-0.88229122643495361
-0.87630668004386347
-0.87018375466952591
-0.86392341719283594
-0.85752665619365231
-0.85099448179469239
-0.84432792550201508
-0.83752804004214121
-0.83059589919581256
-0.82353259762842779
-0.81633925071718372
-0.80901699437494767
-0.8015669848708773
-0.79399039864783538
-0.78628843213661948
-0.77846230156702445
-0.7705132427757897
-0.76244251101144767
-0.7542513807361042
-0.74594114542418177
-0.73751311735817415
-0.72896862742141222
-0.72030902488790693
-0.71153567720928601
-0.70264996979884908
-0.69365330581280538
-0.68454710592868961
-0.6753328081210247
-0.66601186743425123
-0.65658575575295652
-0.64705596156944367
-0.63742398974868963
-0.62769136129070102
-0.6178596130903341
-0.60793029769460583
-0.59790498305751993
-0.58778525229247336
-0.57757270342226852
-0.56726894912675663
-0.55687561648818729
-0.54639434673426901
-0.53582679497899721
-0.52517462996129538
-0.51443953378150686
-0.50362320163576035
-0.49272734154829179
-0.48175367410171616
-0.47070393216533263
-0.45957986062148865
-0.44838321609003373
-0.43711576665093188
-0.42577929156507233
-0.41437558099328453
-0.40290643571366214
-0.39137366683720265
-0.37977909552180206
-0.36812455268467797
-0.35641187871325147
-0.34464292317451856
-0.33281954452298718
-0.32094360980721076
-0.30901699437494778
-0.29704158157703431
-0.28501926246997628
-0.27295193551732616
-0.26084150628989689
-0.24868988716485549
-0.2364989970237244
-0.22427076094938167
-0.21200710992205588
-0.1997099805144073
-0.18738131458572568
-0.17502305897527612
-0.16263716519488269
-0.15022558912075692
-0.13779029068463869
-0.1253332335643039
-0.11285638487348211
-0.10036171485121609
-0.087851196550743388
-0.075326805527933721
-0.06279051952931515
-0.050244318179770348
-0.03769018266993434
-0.025130095443338059
-0.012566039883352193
-3.6739403974420594e-16
0.012566039883351459
0.025130095443337323
0.037690182669933604
0.050244318179769612
0.062790519529312652
0.075326805527931223
0.087851196550742666
0.10036171485121538
0.11285638487348139
0.12533323356430495
0.13779029068463799
0.1502255891207562
0.16263716519488372
0.1750230589752754
0.18738131458572321
0.19970998051440658
0.21200710992205346
0.22427076094938098
0.23649899702372543
0.24868988716485474
0.26084150628989611
0.27295193551732538
0.28501926246997555
0.29704158157703525
0.30901699437494706
0.32094360980720837
0.33281954452298645
0.34464292317451617
0.35641187871325075
0.36812455268467892
0.37977909552180134
0.39137366683720193
0.40290643571366308
0.41437558099328381
0.42577929156507166
0.43711576665093282
0.44838321609003146
0.45957986062148637
0.47070393216533196
0.4817536741017156
0.49272734154829118
0.50362320163576135
0.51443953378150631
0.52517462996129483
0.53582679497899666
0.54639434673426845
0.55687561648818817
0.56726894912675607
0.57757270342226652
0.5877852522924728
0.59790498305751938
0.60793029769460527
0.61785961309033499
0.62769136129070058
0.63742398974868919
0.64705596156944456
0.65658575575295608
0.66601186743425067
0.67533280812102425
0.68454710592868795
0.6936533058128036
0.70264996979884986
0.71153567720928534
0.72030902488790649
0.72896862742141177
0.7375131173581736
0.74594114542418133
0.75425138073610365
0.76244251101144722
0.77051324277578914
0.7784623015670229
0.78628843213661792
0.79399039864783494
0.80156698487087685
0.80901699437494723
0.81633925071718427
0.82353259762842734
0.83059589919581212
0.83752804004214165
0.84432792550201463
0.85099448179469106
0.85752665619365198
0.86392341719283461
0.87018375466952547
0.87630668004386392
0.88229122643495317
0.88813644881354414
0.89384142415126377
0.89940525156637074
0.90482705246601969
0.91010597068499544
0.91524117262091709
0.92023184736587027
0.9250772068344576
0.92977648588825135
0.93432894245661235
0.93873385765387418
0.9429905358928643
0.94709830499474434
0.95105651629515342
0.95486454474664262
0.95852178901737584
0.9620276715860856
0.96538163883327344
0.96858316112863097
0.97163173291467397
0.97452687278657701
0.97726812356819359
0.97985505238424675
0.9822872507286885
0.98456433452920533
0.98668594420786793
0.98865174473791406
0.99046142569665108
0.99211470131447765
0.9936113105200084
0.99495101698130017
0.99613360914317239
0.99715890026061393
0.99802672842827156
0.99873695660601747
0.9992894726405892
0.99968418928329994
0.99992104420381611
1.0
0.99992104420381611
0.99968418928329994
0.9992894726405892
0.99873695660601747
0.99802672842827156
0.99715890026061393
0.9961336091431725
0.99495101698130028
0.9936113105200084
0.99211470131447799
0.99046142569665119
0.98865174473791417
0.98668594420786804
0.98456433452920555
0.98228725072868861
0.97985505238424697
0.97726812356819337
0.97452687278657724
0.9716317329146742
0.96858316112863119
0.9653816388332741
0.96202767158608637
0.95852178901737606
0.95486454474664284
0.95105651629515375
0.94709830499474412
0.94299053589286452
0.9387338576538744
0.93432894245661202
0.92977648588825168
0.92507720683445793
0.9202318473658706
0.91524117262091809
0.91010597068499588
0.90482705246601924
0.89940525156637108
0.89384142415126344
0.88813644881354448
0.88229122643495361
0.87630668004386347
0.87018375466952591
0.86392341719283594
0.85752665619365243
0.85099448179469239
0.84432792550201607
0.83752804004214121
0.83059589919581256
0.82353259762842779
0.81633925071718383
0.80901699437494767
0.8015669848708773
0.79399039864783549
0.78628843213661948
0.77846230156702345
0.7705132427757897
0.76244251101144889
0.7542513807361042
0.74594114542418188
0.73751311735817415
0.72896862742141111
0.72030902488790705
0.71153567720928601
0.70264996979884919
0.69365330581280549
0.68454710592868973
0.67533280812102481
0.66601186743425256
0.65658575575295663
0.64705596156944378
0.63742398974868975
0.62769136129070113
0.61785961309033421
0.60793029769460594
0.59790498305752005
0.58778525229247347
0.57757270342226863
0.56726894912675663
0.55687561648818884
0.54639434673426912
0.53582679497899732
0.52517462996129549
0.51443953378150697
0.50362320163576046
0.4927273415482919
0.48175367410171627
0.47070393216533274
0.4595798606214887
0.44838321609003384
0.4371157666509336
0.42577929156507244
0.41437558099328464
0.40290643571366225
0.39137366683720276
0.37977909552180217
0.36812455268467809
0.35641187871325153
0.34464292317451867
0.33281954452298729
0.32094360980721087
0.3090169943749479
0.29704158157703442
0.28501926246997639
0.27295193551732455
0.260841506289897
0.2486898871648556
0.23649899702372454
0.22427076094938181
0.21200710992205601
0.19970998051440744
0.18738131458572582
0.17502305897527626
0.16263716519488283
0.15022558912075706
0.13779029068463883
0.12533323356430404
0.11285638487348224
0.10036171485121621
0.087851196550743513
0.075326805527933846
0.062790519529313499
0.050244318179770472
0.037690182669934465
0.02513009544333818
0.012566039883352314
