0.0
6.5747185623693073e-10
1.5313404272388656e-09
2.6915493822757898e-09
4.2328262448422334e-09
6.2778809114397144e-09
8.9926970090176096e-09
1.2591952645272418e-08
1.7365596275520324e-08
2.3687943376932588e-08
3.2063622668699994e-08
4.314267537522965e-08
5.779941755323111e-08
7.7157205430436001e-08
1.0272238928661445e-07
1.3642442584592446e-07
1.8083985848546924e-07
2.3925649508251629e-07
3.1603883999097221e-07
4.1672968546388217e-07
5.486234335494687e-07
7.2092541528915484e-07
9.4559640334451601e-07
1.2375983310605957e-06
1.6160183294084848e-06
2.1044277350826955e-06
2.7321530956488324e-06
3.5347228289764516e-06
4.5549573582801808e-06
5.8433192131682654e-06
7.4583932959029146e-06
9.4667600484487916e-06
1.1942561968656941e-05
1.4966562827716171e-05
1.8624793593706378e-05
2.3006838779716178e-05
2.820387708970062e-05
3.4306601987483143e-05
4.1403145832034846e-05
4.9577113328638367e-05
5.8905803373754883e-05
6.945866934487633e-05
8.1296041405706502e-05
9.4468113246351266e-05
0.00010901418074545437
0.00012496211090662682
0.00014232801498457228
0.00016111609868026981
0.00018131866345255448
0.00020291623540428768
0.00022587780115870015
0.00025016113318558972
0.00027571318989373363
0.00030247057833424513
0.00033036006950691214
0.00035929915802898599
0.00038919665934429522
0.00041995333876449615
0.00045146256749210574
0.00048361100142337769
0.00051627927901001433
0.00054934273480851511
0.00058267212559501888
0.00061613436609678272
0.00064959327150919551
0.00068291030404539423
0.00071594532081708465
0.00074855732037961689
0.000780605185299934
0.00081194841812806337
0.00084244786817638557
0.00087196644653903205
0.00090036982681906226
0.00092752712907567976
0.00095331158455819914
0.00097760117886009669
0.001000279271203859
0.0010212351876578453
0.0010403647861889967
0.0010575709915696444
0.0010727642982842774
0.0010858632397212531
0.0010967948220852142
0.0011054949216295765
0.0011119086439817631
0.0011159906445200934
0.0011177054089582877
0.0011170274934994588
0.001113941724144033
0.0011084433549619808
0.0011005381853856327
0.0010902426368319734
0.001077583789231453
0.0010625993783223435
0.0010453377548677331
0.0010258578072685758
0.0010042288493809005
0.00098053047570628021
0.00095485238650865783
0.0009272941858277596
0.00089796515580937541
0.00086698401126186547
0.00083447863887960855
0.00080058582614850457
0.00076545098556448157
0.00072922788044288845
0.00069207835925137154
0.0006541721060139479
0.00061568641482221526
0.00057680599669290638
0.00053772282665578075
0.00049863603757042767
0.00045975186395272213
0.00042128363268675861
0.0003834517856300147
0.00034648389799653908
0.0003106146197768522
0.00027608540522936327
0.00024314379191182894
0.00021204182285071167
0.0001830329442789581
0.00015636633318814844
0.00013227713446261157
0.00011097068187226837
9.2598941960690678e-05
7.7229190923901867e-05
6.4809605394872141e-05
5.5143820168372457e-05
4.7891774326374334e-05
4.2608369840586341e-05
3.8811941071638061e-05
3.6055486480324638e-05
3.3973821591713162e-05
3.2298021987741795e-05
3.0845968749857379e-05
2.950280090284893e-05
2.8201034506414941e-05
2.6904540645006495e-05
2.5597049508106567e-05
2.4274413988664437e-05
2.2939586206329404e-05
2.1599417363923411e-05
2.0262638121712199e-05
1.8938590233106609e-05
1.7636435057454792e-05
1.6364667870819509e-05
1.5130832425217877e-05
1.3941370233731753e-05
1.280156272352427e-05
1.1715538072602516e-05
1.0686322496644992e-05
9.7159206940633923e-06
8.8054136714012121e-06
7.9550650169485842e-06
7.1644291257127241e-06
6.4324569130418177e-06
5.7575961584413562e-06
5.1378847967940187e-06
4.5710362836516398e-06
4.0545167010536335e-06
3.5856136126602519e-06
3.16149689249008e-06
2.7792718815007148e-06
2.436025307317656e-06
2.1288644397695298e-06
1.8549499797783502e-06
1.6115231861391923e-06
1.3959277385694396e-06
1.2056268353486243e-06
1.0382160054449422e-06
8.914321042085115e-07
7.6315894564062933e-07
6.5143000182377798e-07
5.5442858072775446e-07
4.7048587296027689e-07
3.980772262659762e-07
3.358169887980992e-07
2.8245222574652996e-07
2.3685559314460339e-07
1.9801761737909945e-07
1.650386028239989e-07
1.3712036118257741e-07
1.135579250503301e-07
9.3731387226164833e-08
7.7097974677515507e-08
6.3184447964907163e-08
5.1579894512502289e-08
4.1928961329717523e-08
3.3925562434191049e-08
2.7307073168877456e-08
2.1849020345350972e-08
1.7360258447313296e-08
1.3678620156198481e-08
1.0667019955529371e-08
8.2099844746051983e-09
6.2105840878611236e-09
4.5877322567943781e-09
3.273822254729564e-09
2.2126726277576795e-09
1.357745360239032e-09
6.7061311381521974e-10
1.1964402490053818e-10
-3.2112096879345301e-10
-6.7292278905586226e-10
-9.5309013669780407e-10
-1.1757196076656236e-09
-1.3522469017031744e-09
-1.491923161445489e-09
-1.6022123945064672e-09
-1.6891206789107942e-09
-1.7574685665968513e-09
-1.8111152831266082e-09
-1.8531427800196541e-09
-1.8860063044109872e-09
-1.9116572973048652e-09
-1.9316431060467113e-09
-1.9471879073075753e-09
-1.959258077184739e-09
-1.9686148294839279e-09
-1.9758564983503764e-09
-1.9814524400426206e-09
-1.9857700914789196e-09
-1.989096537239094e-09
-1.9916556587546761e-09
-1.9936217246908236e-09
-1.9951301393934617e-09
-1.9962859283060253e-09
-1.9971704122055725e-09
-1.9978464554899524e-09
-1.9983625766061359e-09
-1.9987561630678029e-09
-1.9990559825414518e-09
-1.9992841374613608e-09
-1.999457585479033e-09
-1.9995893195643099e-09
-1.9996892816961937e-09
-1.9997650697559575e-09
-1.9998224831947164e-09
-1.9998659435576771e-09
-1.9998988181058575e-09
-1.9999236684385145e-09
-1.9999424412922358e-09
-1.9999566146908422e-09
-1.9999673096899581e-09
-1.9999753764868846e-09
-1.999981456949926e-09
-1.9999847546756515e-09
-1.8007662768902579e-06
2637.2499607441237
nan
nan
nan
nan
nan
nan
nan
nan
nan
nan
nan
nan
nan
nan
nan
nan
nan
nan
nan
nan
nan
nan
nan
nan
nan
nan
nan
nan
nan
nan
nan
nan
nan
nan
nan
nan
nan
nan
nan
nan
nan
nan
nan
nan
nan
nan
nan
nan
nan
nan
nan
nan
nan
nan
nan
nan
nan
nan
nan
nan
nan
nan
nan
nan
nan
nan
nan
nan
nan
nan
nan
nan
nan
nan
nan
nan
nan
nan
nan
nan
nan
nan
nan
nan
nan
nan
nan
nan
nan
nan
nan
nan
nan
nan
nan
nan
nan
nan
nan
nan
nan
nan
nan
nan
nan
nan
nan
nan
nan
nan
nan
nan
nan
nan
nan
nan
nan
nan
nan
nan
nan
nan
nan
nan
nan
nan
nan
nan
nan
nan
nan
nan
nan
nan
nan
nan
nan
nan
nan
nan
nan
nan
nan
nan
nan
nan
nan
nan
nan
nan
nan
nan
nan
nan
nan
nan
nan
nan
nan
nan
nan
nan
nan
nan
nan
nan
nan
nan
nan
nan
nan
nan
nan
nan
nan
nan
nan
nan
nan
nan
nan
nan
nan
nan
nan
nan
nan
nan
nan
nan
nan
nan
nan
nan
nan
nan
nan
nan
nan
nan
nan
nan
nan
nan
nan
nan
nan
nan
nan
nan
nan
nan
nan
nan
nan
nan
nan
nan
nan
nan
nan
nan
nan
nan
nan
nan
nan
nan
nan
nan
nan
nan
nan
nan
nan
nan
nan
nan
nan
nan
nan
nan
nan
nan
nan
nan
nan
nan
nan
nan
nan
nan
nan
nan
nan
nan
nan
nan
nan
nan
nan
nan
nan
nan
nan
nan
nan
nan
nan
nan
nan
nan
nan
nan
nan
nan
nan
nan
nan
nan
nan
nan
nan
nan
nan
nan
nan
nan
nan
nan
nan
nan
nan
nan
nan
nan
nan
nan
nan
nan
nan
nan
nan
nan
nan
nan
nan
nan
nan
nan
nan
nan
nan
nan
nan
nan
nan
nan
nan
nan
nan
nan
nan
nan
nan
nan
nan
nan
nan
nan
nan
nan
nan
nan
nan
nan
nan
nan
nan
nan
nan
nan
nan
nan
nan
nan
nan
nan
nan
nan
nan
nan
nan
nan
nan
nan
nan
nan
nan
nan
nan
nan
nan
nan
nan
nan
nan
nan
nan
nan
nan
nan
nan
nan
nan
nan
nan
nan
nan
nan
nan
nan
nan
nan
nan
nan
nan
nan
nan
nan
nan
nan
nan
nan
nan
nan
nan
nan
nan
nan
nan
nan
nan
nan
nan
nan
nan
nan
nan
nan
nan
nan
nan
nan
nan
nan
nan
nan
nan
nan
nan
nan
nan
nan
nan
nan
nan
nan
nan
nan
nan
nan
nan
nan
nan
nan
nan
nan
nan
nan
nan
nan
nan
nan
nan
nan
nan
nan
nan
nan
nan
nan
nan
nan
nan
nan
nan
nan
nan
nan
nan
nan
nan
nan
nan
nan
nan
nan
nan
nan
nan
nan
nan
nan
nan
nan
nan
nan
nan
nan
nan
nan
nan
nan
nan
nan
nan
nan
nan
nan
nan
nan
nan
nan
nan
nan
nan
nan
nan
nan
nan
nan
nan
nan
nan
nan
nan
nan
nan
nan
nan
nan
nan
nan
nan
nan
nan
nan
nan
nan
nan
nan
nan
nan
nan
nan
nan
nan
nan
nan
nan
nan
nan
nan
nan
nan
nan
nan
nan
nan
nan
nan
nan
nan
nan
nan
nan
nan
nan
nan
nan
nan
nan
nan
nan
nan
nan
nan
nan
nan
nan
nan
nan
nan
nan
nan
nan
nan
nan
nan
nan
nan
nan
nan
nan
nan
nan
nan
nan
nan
nan
nan
nan
nan
nan
nan
nan
nan
nan
nan
nan
nan
nan
nan
nan
nan
nan
nan
nan
nan
nan
nan
nan
nan
nan
nan
nan
nan
nan
nan
nan
nan
nan
nan
nan
nan
nan
nan
nan
nan
nan
nan
nan
nan
nan
nan
nan
nan
nan
nan
nan
nan
nan
nan
nan
nan
nan
nan
nan
nan
nan
nan
nan
nan
nan
nan
nan
nan
nan
nan
nan
nan
nan
nan
nan
nan
nan
nan
nan
nan
nan
nan
nan
nan
nan
nan
nan
nan
nan
nan
nan
nan
nan
nan
nan
nan
nan
nan
nan
nan
nan
nan
nan
nan
nan
nan
nan
nan
nan
nan
nan
nan
nan
nan
nan
nan
nan
nan
nan
nan
nan
nan
nan
nan
nan
nan
nan
nan
nan
nan
nan
nan
nan
nan
nan
nan
nan
nan
nan
nan
nan
nan
nan
nan
nan
nan
nan
nan
nan
nan
nan
nan
nan
nan
nan
nan
nan
nan
nan
nan
nan
nan
nan
nan
nan
nan
nan
nan
nan
nan
nan
