0.0 0.0 0.0
1.87516875543e-08 1.80213405769e-06 1.95330078691e-12
6.82504446769e-08 2.96280295188e-06 1.10160228943e-11
1.3702793731e-07 3.68345682988e-06 3.23991876846e-11
2.1700731819e-07 4.09659481763e-06 6.92778601326e-11
3.02352588548e-07 4.28972620719e-06 1.23377850418e-10
3.88720952575e-07 4.32107034104e-06 1.95364677618e-10
4.72779064332e-07 4.22983882797e-06 2.85104262713e-10
5.51891911493e-07 4.04296425581e-06 3.91840822694e-10
6.23924447427e-07 3.77949752636e-06 5.14321693415e-10
6.87116649573e-07 3.45347508856e-06 6.50888474353e-10
7.40006169175e-07 3.07578149172e-06 7.99547101306e-10
7.81381584585e-07 2.65535186895e-06 9.58024992322e-10
8.10255076412e-07 2.19994045334e-06 1.12382047784e-09
8.25847155959e-07 1.71660355694e-06 1.29424779371e-09
8.27578585505e-07 1.2119945407e-06 1.46647964178e-09
8.15066280454e-07 6.9253494307e-07 1.63758848199e-09
7.8812107404e-07 1.64504075242e-07 1.80458716475e-09
7.46745948627e-07 -3.65924936818e-07 1.96446914628e-09
6.91133820252e-07 -8.92684072299e-07 2.11424828887e-09
6.21664287799e-07 -1.40983186437e-06 2.25099809179e-09
5.38898979443e-07 -1.911588984e-06 2.37189009879e-09
4.43575282085e-07 -2.39238222164e-06 2.4742311677e-09
3.36598347756e-07 -2.84689287841e-06 2.55549925414e-09
2.19031349329e-07 -3.27010673915e-06 2.61337734759e-09
9.20840162765e-08 -3.65736357278e-06 2.64578519818e-09
-4.29004740249e-08 -4.00440463061e-06 2.65090848383e-09
-1.84460138762e-07 -4.30741697433e-06 2.62722508666e-09
-3.31030226972e-07 -4.56307372396e-06 2.57352817356e-09
-4.80960489687e-07 -4.76856950658e-06 2.48894580724e-09
-6.32533502233e-07 -4.92165053483e-06 2.37295684975e-09
-7.83983842789e-07 -5.02063886647e-06 2.22540295965e-09
-9.33517919362e-07 -5.06445050061e-06 2.04649652609e-09
-1.07933422835e-06 -5.05260706109e-06 1.83682442737e-09
-1.21964382172e-06 -4.98524090534e-06 1.59734754715e-09
-1.35269075637e-06 -4.86309358073e-06 1.3293960286e-09
-1.47677229878e-06 -4.68750763097e-06 1.03466029369e-09
-1.5902586595e-06 -4.46041183283e-06 7.15177902204e-10
-1.69161203715e-06 -4.18430001882e-06 3.73316371303e-10
-1.77940475808e-06 -3.86220371404e-06 1.1752121801e-11
-1.85233630745e-06 -3.49765888407e-06 -3.66554239191e-10
-1.9092490592e-06 -3.0946671571e-06 -7.58386048217e-10
-1.9491425261e-06 -2.65765194355e-06 -1.16030183835e-09
-1.97118596695e-06 -2.19140993397e-06 -1.56866938971e-09
-1.97472920564e-06 -1.70105850572e-06 -1.97970222019e-09
-1.95931153615e-06 -1.1919796149e-06 -2.38949813079e-09
-1.92466860798e-06 -6.69760787897e-07 -2.79407939581e-09
-1.87073720879e-06 -1.40133859515e-07 -3.18943416839e-09
-1.79765788345e-06 3.9108787156e-07 -3.57155865716e-09
-1.7057753526e-06 9.18073380695e-07 -3.93649961925e-09
-1.59563671746e-06 1.43503785074e-06 -4.28039670988e-09
-1.46798746212e-06 1.93630609969e-06 -4.59952422859e-09
-1.3237652882e-06 2.41637480817e-06 -4.89033180674e-09
-1.16409184105e-06 2.86997286398e-06 -5.14948359104e-09
-9.90262409124e-07 3.29211916312e-06 -5.3738954921e-09
-8.0373370109e-07 3.67817723307e-06 -5.56077008692e-09
-6.06109825762e-07 4.02390608038e-06 -5.70762878763e-09
-3.99126620277e-07 4.32550670461e-06 -5.81234091742e-09
-1.84634489874e-07 4.57966376913e-06 -5.8731493664e-09
3.54200607318e-08 4.78358197214e-06 -5.8886925361e-09
2.5901400983e-07 4.93501671882e-06 -5.85802232042e-09
4.84068308037e-07 5.03229875869e-06 -5.78061791231e-09
7.08469057221e-07 5.07435251791e-06 -5.65639527009e-09
9.30089153872e-07 5.0607079256e-06 -5.4857121231e-09
1.14681016635e-06 4.9915056042e-06 -5.26936844391e-09
1.35654421242e-06 4.86749536705e-06 -5.00860236279e-09
1.55725560324e-06 4.69002803941e-06 -4.70508154866e-09
1.7469820217e-06 4.46104069239e-06 -4.3608901294e-09
1.92385500824e-06 4.18303545123e-06 -3.97851127211e-09
2.08611953376e-06 3.8590521105e-06 -3.56080559065e-09
2.23215244915e-06 3.49263485539e-06 -3.11098559243e-09
2.36047961258e-06 3.08779345428e-06 -2.63258641934e-09
2.46979150974e-06 2.64895934714e-06 -2.12943317743e-09
2.55895719801e-06 2.18093711126e-06 -1.60560518704e-09
2.62703642361e-06 1.68885183546e-06 -1.06539751812e-09
2.67328977999e-06 1.1780929798e-06 -5.13280205243e-10
2.69718679672e-06 6.54255335454e-07 4.61444381648e-11
2.69841187031e-06 1.23077731836e-07 6.0818596598e-10
2.67686797134e-06 -4.09619837752e-07 1.16811094949e-09
2.63267808613e-06 -9.37999982775e-07 1.7211886638e-09
2.56618437548e-06 -1.4562718762e-06 2.26273683689e-09
2.47794505739e-06 -1.95875470798e-06 2.78816698615e-09
2.36872904514e-06 -2.43993993667e-06 3.29302887183e-09
2.2395083961e-06 -2.89455165641e-06 3.77305360529e-09
2.09144865025e-06 -3.31760441849e-06 4.22419496428e-09
1.92589715975e-06 -3.70445787322e-06 4.64266848616e-09
1.74436953273e-06 -4.05086763413e-06 5.02498793329e-09
1.5485343345e-06 -4.35303180629e-06 5.3679987528e-09
1.34019620801e-06 -4.60763266951e-06 5.66890818431e-09
1.12127759246e-06 -4.81187305934e-06 5.92531170519e-09
8.93799233821e-07 -4.96350704706e-06 6.13521554126e-09
6.59859693793e-07 -5.06086458255e-06 6.29705501289e-09
4.21614074736e-07 -5.10286982981e-06 6.40970853044e-09
1.81252185987e-07 -5.08905299405e-06 6.47250709927e-09
-5.90236168711e-08 -5.01955551064e-06 6.48523924188e-09
-2.97020685005e-07 -4.89512853884e-06 6.44815129377e-09
-5.30578185927e-07 -4.71712477673e-06 6.36194307805e-09
-7.57588835799e-07 -4.48748368668e-06 6.22775901329e-09
-9.76020024769e-07 -4.20871029305e-06 6.04717475698e-09
-1.18393411242e-06 -3.88384778447e-06 5.82217953435e-09
-1.37950767956e-06 -3.51644422019e-06 5.55515434769e-09
-1.56104953394e-06 -3.11051370557e-06 5.24884630462e-09
-1.72701728133e-06 -2.67049246137e-06 4.90633934469e-09
-1.87603228869e-06 -2.2011902686e-06 4.53102168115e-09
-2.00689288403e-06 -1.70773781979e-06 4.12655030899e-09
-2.11858565659e-06 -1.19553055429e-06 3.69681296101e-09
-2.21029474145e-06 -6.70169591921e-07 3.24588791954e-09
-2.28140899493e-06 -1.37400412498e-07 2.77800211367e-09
-2.33152698963e-06 3.9695004759e-07 2.29748794861e-09
-2.3604597818e-06 9.27037192298e-07 1.80873932659e-09
-2.36823142774e-06 1.44706275808e-06 1.3161673256e-09
-2.35507725029e-06 1.95133829975e-06 8.24156004968e-10
-2.32143988067e-06 2.43434747537e-06 3.37018803827e-10
-2.26796312514e-06 2.89080644713e-06 -1.41044009278e-10
-2.19548372898e-06 3.31572173744e-06 -6.05986389916e-10
-2.10502113331e-06 3.70444490569e-06 -1.05395564641e-09
-1.9977653414e-06 4.05272344757e-06 -1.48132923752e-09
-1.87506303169e-06 4.35674735865e-06 -1.88474885972e-09
-1.73840207325e-06 4.61319085279e-06 -2.26115147482e-09
-1.58939461631e-06 4.81924877808e-06 -2.60779696331e-09
-1.42975894597e-06 4.97266733148e-06 -2.92229212605e-09
-1.26130029962e-06 5.07176873578e-06 -3.20261079747e-09
-1.08589085994e-06 5.11546960862e-06 -3.44710987659e-09
-9.05449143536e-07 5.10329282216e-06 -3.65454112695e-09
-7.2191901141e-07 5.03537272382e-06 -3.82405864309e-09
-5.37248530953e-07 4.9124536606e-06 -3.95522192875e-09
-3.53368920431e-07 4.73588182341e-06 -4.04799457994e-09
-1.72173805216e-07 4.50759050065e-06 -4.10273861386e-09
4.50098876381e-09 4.23007890253e-06 -4.12020453224e-09
1.7489688542e-07 3.90638478837e-06 -4.10151725368e-09
3.37351042554e-07 3.5400511963e-06 -4.04815809451e-09
4.90313670541e-07 3.13508764035e-06 -3.96194302023e-09
6.32363999831e-07 2.69592619944e-06 -3.84499742957e-09
7.62224726818e-07 2.22737297993e-06 -3.69972777054e-09
8.78774784683e-07 1.73455548265e-06 -3.52879032143e-09
9.81060304687e-07 1.22286645173e-06 -3.33505749962e-09
1.06830365359e-06 6.97904819726e-07 -3.1215820873e-09
1.13991045435e-06 1.65414396355e-07 -2.89155978439e-09
1.19547451981e-06 -3.68779027949e-07 -2.64829051625e-09
1.23478065205e-06 -8.98831474259e-07 -2.39513893584e-09
1.25780528411e-06 -1.41894476491e-06 -2.13549456749e-09
1.26471496448e-06 -1.92343000927e-06 -1.8727320416e-09
1.25586270855e-06 -2.40676989084e-06 -1.61017186733e-09
1.23178226523e-06 -2.86367907264e-06 -1.35104218256e-09
1.19318036935e-06 -3.2891620601e-06 -1.09844190812e-09
1.1409270732e-06 -3.67856788684e-06 -8.55305716188e-10
1.07604427147e-06 -4.02764102517e-06 -6.24371201118e-10
9.99692553672e-07 -4.33256796317e-06 -4.08148615165e-10
9.13156536652e-07 -4.59001893845e-06 -2.08893501589e-10
8.17828846342e-07 -4.79718437167e-06 -2.85825241942e-11
7.15192932651e-07 -4.95180560062e-06 1.31107244451e-10
6.06804914163e-07 -5.05219957851e-06 2.68815353494e-10
4.94274659788e-07 -5.09727726598e-06 3.83511142447e-10
3.7924632274e-07 -5.08655551569e-06 4.74502911461e-10
2.63378548017e-07 -5.02016231922e-06 5.41443002165e-10
1.48324577932e-07 -4.89883535924e-06 5.84328744451e-10
3.57124811081e-08 -4.72391388289e-06 6.03499271434e-10
-7.2874271286e-08 -4.49732398568e-06 5.99628251624e-10
-1.75915662411e-07 -4.22155746708e-06 5.73712633531e-10
-2.71973206629e-07 -3.89964449017e-06 5.27057543006e-10
-3.59707042195e-07 -3.53512034436e-06 4.61257517087e-10
-4.37891846761e-07 -3.13198667625e-06 3.78174299487e-10
-5.05431396e-07 -2.69466761274e-06 2.799114617e-10
-5.6137160099e-07 -2.22796125817e-06 1.68786149513e-10
-6.04911877111e-07 -1.73698709612e-06 4.72982872109e-11
-6.35414715967e-07 -1.22712987304e-06 -8.1902399568e-11
-6.52413352079e-07 -7.03980578043e-07 -2.16051156656e-10
-6.55617437421e-07 -1.73275166108e-07 -3.52304363896e-10
-6.44916659277e-07 3.59168304329e-07 -4.87776665635e-10
-6.2038225995e-07 8.87513430109e-07 -6.19578636388e-10
-5.82266440385e-07 1.40596942031e-06 -7.44854542673e-10
-5.30999653511e-07 1.90885455008e-06 -8.60819760787e-10
-4.67185816772e-07 2.3906584167e-06 -9.64797413941e-10
-3.91595496689e-07 2.84610231519e-06 -1.05425380076e-09
-3.05157141048e-07 3.27019707248e-06 -1.12683220052e-09
-2.08946456245e-07 3.65829770595e-06 -1.18038465858e-09
-1.04174048213e-07 4.00615430821e-06 -1.21300137779e-09
7.82853512155e-09 4.30995859985e-06 -1.22303736874e-09
1.25624203855e-07 4.5663856408e-06 -1.20913604176e-09
2.47686996281e-07 4.77263024311e-06 -1.17024945841e-09
3.7241983251e-07 4.92643768619e-06 -1.10565499708e-09
4.98173152471e-07 5.02612839822e-06 -1.01496822781e-09
6.23264229096e-07 5.0706163334e-06 -8.98151833899e-10
7.45996939637e-07 5.05942084369e-06 -7.55520462155e-10
8.64681772679e-07 4.99267191523e-06 -5.87741429623e-10
9.77655845391e-07 4.87110871204e-06 -3.95831261074e-10
1.08330270515e-06 4.69607144331e-06 -1.81148078726e-10
1.18007169164e-06 4.46948664333e-06 5.4620087606e-11
1.26649664016e-06 4.19384602555e-06 3.09470955501e-10
1.34121371361e-06 3.87217914277e-06 5.81107450685e-10
1.4029781603e-06 3.50802015286e-06 8.66960770885e-10
1.45067980582e-06 3.10536905476e-06 1.16421680902e-09
1.48335710139e-06 2.66864781907e-06 1.46984565352e-09
1.50020956644e-06 2.20265189477e-06 1.78063384809e-09
1.50060848092e-06 1.71249762282e-06 2.09321906136e-09
1.48410570168e-06 1.20356613368e-06 2.40412678871e-09
1.45044049811e-06 6.81444343067e-07 2.70980868452e-09
1.39954432377e-06 1.51863693053e-07 3.00668210346e-09
1.33154346331e-06 -3.79362690513e-07 3.29117041462e-09
1.24675951764e-06 -9.06403735116e-07 3.5597436418e-09
1.1457077137e-06 -1.42347435519e-06 3.8089589784e-09
1.02909304974e-06 -1.92489888099e-06 4.03550072459e-09
8.97804310258e-07 -2.4051732882e-06 4.23621919959e-09
7.52906008852e-07 -2.85902554568e-06 4.40816819117e-09
5.95628339989e-07 -3.28147342052e-06 4.54864051917e-09
4.27355242711e-07 -3.66787910633e-06 4.65520130903e-09
2.49610700494e-07 -4.01400007673e-06 4.72571859479e-09
6.40434210074e-08 -4.31603560599e-06 4.75839089911e-09
-1.27589942283e-07 -4.57066844749e-06 4.75177146981e-09
-3.23442848377e-07 -4.77510121305e-06 4.70478888745e-09
-5.21598014122e-07 -4.92708705428e-06 4.6167637976e-09
-7.20087441609e-07 -5.02495430977e-06 4.48742156263e-09
-9.16913112353e-07 -5.06762484798e-06 4.3169006716e-09
-1.11006812523e-06 -5.05462590467e-06 4.10575679268e-09
-1.29755804976e-06 -4.98609528508e-06 3.85496239945e-09
-1.4774222636e-06 -4.86277987377e-06 3.56590195014e-09
-1.64775504237e-06 -4.68602746843e-06 3.24036264744e-09
-1.80672617275e-06 -4.45777202696e-06 2.8805208542e-09
-1.9526008637e-06 -4.18051248937e-06 2.4889242879e-09
-2.08375873856e-06 -3.85728540678e-06 2.06847016266e-09
-2.19871169969e-06 -3.49163167685e-06 1.62237949201e-09
-2.29612046943e-06 -3.08755775064e-06 1.15416780773e-09
-2.37480962519e-06 -2.64949173539e-06 6.6761258954e-10
-2.43378096213e-06 -2.18223487477e-06 1.66717736695e-10
-2.47222503492e-06 -1.69090893752e-06 -3.44324554664e-10
-2.48953074954e-06 -1.18090009158e-06 -8.61174115546e-10
-2.48529289661e-06 -6.57799878216e-07 -1.37938491202e-09
-2.45931754025e-06 -1.27343933258e-07 -1.89444849919e-09
-2.4116251991e-06 4.04650873449e-07 -2.40183836787e-09
-2.34245178005e-06 9.3235019117e-07 -2.89705471987e-09
-2.25224724934e-06 1.44996613588e-06 -3.3756692021e-09
-2.1416720502e-06 1.95182073099e-06 -3.83336912913e-09
-2.01159130022e-06 2.43240814678e-06 -4.26600072813e-09
-1.86306682586e-06 2.88645505564e-06 -4.6696109496e-09
-1.69734711478e-06 3.30897844252e-06 -5.04048740175e-09
-1.51585528907e-06 3.69534023636e-06 -5.37519598549e-09
-1.32017522399e-06 4.04129816438e-06 -5.6706158306e-09
-1.11203595691e-06 4.34305227142e-06 -5.92397116194e-09
-8.93294549466e-07 4.59728659479e-06 -6.13285975636e-09
-6.65917582927e-07 4.80120553767e-06 -6.29527768681e-09
-4.31961481516e-07 4.95256454251e-06 -6.40964008936e-09
-1.93551871064e-07 5.04969472796e-06 -6.47479773025e-09
4.71378090068e-08 5.09152121945e-06 -6.49004919505e-09
2.87908214302e-07 5.07757497224e-06 -6.45514856762e-09
5.26556292921e-07 5.00799795723e-06 -6.37030851479e-09
7.6089753679e-07 4.88354165244e-06 -6.23619874086e-09
9.88788051268e-07 4.70555885668e-06 -6.05393982544e-09
1.20814620928e-06 4.47598891476e-06 -5.82509250663e-09
1.41697366071e-06 4.19733651571e-06 -5.55164252017e-09
1.61337547462e-06 3.87264429674e-06 -5.23598115191e-09
1.79557920121e-06 3.50545955201e-06 -4.88088170651e-09
1.96195265201e-06 3.09979541158e-06 -4.48947213846e-09
2.1110202106e-06 2.66008691511e-06 -4.06520413194e-09
2.24147750189e-06 2.19114246181e-06 -3.61181895356e-09
2.35220426583e-06 1.69809116795e-06 -3.13331043609e-09
2.44227530036e-06 1.18632670901e-06 -2.63388548128e-09
2.51096935976e-06 6.61448261126e-07 -2.11792249585e-09
2.55777591598e-06 1.29199189135e-07 -1.58992819629e-09
2.58239971387e-06 -4.04595847575e-07 -1.05449323485e-09
2.58476307484e-06 -9.34094682017e-07 -5.16247111026e-10
2.56500592774e-06 -1.45350162114e-06 2.01871600763e-11
2.52348357003e-06 -1.95713092046e-06 5.50238149428e-10
2.46076218681e-06 -2.43946905715e-06 1.06943041577e-09
2.3776121794e-06 -2.89523511864e-06 1.57342774558e-09
2.27499937831e-06 -3.31943864595e-06 2.05807478284e-09
2.15407423855e-06 -3.70743429728e-06 2.51943661793e-09
2.01615913636e-06 -4.05497273387e-06 2.95383592782e-09
1.86273390707e-06 -4.35824716981e-06 3.35788728651e-09
1.69541978226e-06 -4.61393507641e-06 3.72852829581e-09
1.51596190144e-06 -4.81923458405e-06 4.0630472212e-09
1.32621058877e-06 -4.97189518249e-06 4.35910685559e-09
1.12810159805e-06 -5.07024238361e-06 4.61476437506e-09
9.23635540079e-07 -5.11319607606e-06 4.82848699361e-09
7.14856715048e-07 -5.10028237088e-06 4.99916327019e-09
5.03831578539e-07 -5.03163880807e-06 5.12610996744e-09
2.92627073209e-07 -4.90801286713e-06 5.20907441033e-09
8.32890593317e-08 -4.73075379786e-06 5.2482323408e-09
-1.22178924238e-07 -4.50179786068e-06 5.2441813132e-09
-3.2183634111e-07 -4.22364713806e-06 5.19792972306e-09
-5.13825559414e-07 -3.89934214947e-06 5.11088160843e-09
-6.96390762735e-07 -3.53242856911e-06 4.9848174082e-09
-8.67895669063e-07 -3.12691841168e-06 4.82187090489e-09
-1.02683987022e-06 -2.68724611053e-06 4.62450261955e-09
-1.17187361971e-06 -2.21821997012e-06 4.39546996435e-09
-1.30181091414e-06 -1.72496952353e-06 4.13779449207e-09
-1.41564073236e-06 -1.21288937267e-06 3.85472661223e-09
-1.51253631676e-06 -6.87580125294e-07 3.54970816961e-09
-1.59186240297e-06 -1.54787076676e-07 3.22633330297e-09
-1.65318032654e-06 3.79662693236e-07 2.88830801865e-09
-1.69625095886e-06 9.09924117523e-07 2.53940892642e-09
-1.72103544822e-06 1.43019813667e-06 2.18344159235e-09
-1.72769376597e-06 1.93479518803e-06 1.82419896587e-09
-1.71658108204e-06 2.41819749578e-06 1.46542033587e-09
-1.68824201748e-06 2.87511947815e-06 1.110751263e-09
-1.6434028451e-06 3.30056561125e-06 7.6370492315e-10
-1.58296173169e-06 3.68988511489e-06 4.27625279734e-10
-1.50797713632e-06 4.03882286219e-06 1.05652480984e-10
-1.4196544997e-06 4.34356595471e-06 -1.99309147769e-10
-1.31933137763e-06 4.60078545354e-06 -4.84620176658e-10
-1.20846118874e-06 4.80767280907e-06 -7.47931902322e-10
-1.08859576137e-06 4.96197059052e-06 -9.87208667958e-10
-9.61366877596e-07 5.06199717875e-06 -1.20074644285e-09
-8.28467022579e-07 5.10666515203e-06 -1.38718747412e-09
-6.91629556392e-07 5.09549316343e-06 -1.54553086776e-09
-5.52608530861e-07 5.02861117988e-06 -1.67513900185e-09
-4.1315837778e-07 4.90675902563e-06 -1.7757397215e-09
-2.75013695717e-07 4.73127824628e-06 -1.84742431249e-09
-1.39869361113e-07 4.50409738258e-06 -1.89064129758e-09
-9.36118536059e-09 4.22771081539e-06 -1.90618614617e-09
1.14952666906e-07 3.90515141401e-06 -1.89518703351e-09
2.31609291928e-07 3.5399572871e-06 -1.85908682946e-09
3.39257498072e-07 3.13613300123e-06 -1.79962153884e-09
4.36672912191e-07 2.69810569131e-06 -1.71879545443e-09
5.2277157434e-07 2.23067654461e-06 -1.61885332042e-09
5.96621871185e-07 1.7389681891e-06 -1.50224983651e-09
6.57454677178e-07 1.22836856346e-06 -1.37161686272e-09
7.04671592724e-07 7.04471882965e-07 -1.22972870961e-09
7.37851189997e-07 1.73017348672e-07 -1.07946591974e-09
7.56753199346e-07 -3.60173729083e-07 -9.23777962519e-10
7.61320592387e-07 -8.89261703536e-07 -7.6564527588e-10
7.51679541397e-07 -1.40845256253e-06 -6.08041095277e-10
7.28137258393e-07 -1.9120613963e-06 -4.53893511966e-10
6.91177741027e-07 -2.39457466736e-06 -3.06048199526e-10
6.41455475805e-07 -2.85071059969e-06 -1.67232239439e-10
5.79787171999e-07 -3.27547702616e-06 -4.00194636264e-11
5.07141621612e-07 -3.66422606008e-06 7.32022857081e-11
4.24627801734e-07 -4.01270499246e-06 1.7026160064e-10
3.33481355237e-07 -4.31710285696e-06 2.49231304491e-10
2.35049603939e-07 -4.57409215278e-06 3.08453279405e-10
1.3077526475e-07 -4.7808652685e-06 3.4656003656e-10
2.21790538625e-08 -4.93516520777e-06 3.62492778082e-10
-8.91586234958e-08 -5.03531028053e-06 3.55515739579e-10
-2.01616689939e-07 -5.08021248934e-06 3.2522664443e-10
-3.13552903677e-07 -5.06938940954e-06 2.71563145095e-10
-4.23323635798e-07 -5.00296943326e-06 1.94805172233e-10
-5.29303692641e-07 -4.88169031992e-06 9.55731588536e-11
-6.29905958185e-07 -4.70689106959e-06 -2.51778464408e-11
-7.2360063327e-07 -4.48049720799e-06 -1.66168116384e-10
-8.08933852818e-07 -4.20499964483e-06 -3.25807125352e-10
-8.84545469029e-07 -3.88342733743e-06 -5.02211221377e-10
-9.49185797661e-07 -3.51931405888e-06 -6.93224894991e-10
-1.00173113593e-06 -3.11665963557e-06 -8.96445408906e-10
-1.04119787407e-06 -2.67988607847e-06 -1.10925051411e-09
-1.06675503822e-06 -2.21378908953e-06 -1.32882894248e-09
-1.07773511944e-06 -1.72348547408e-06 -1.5522133339e-09
-1.07364306288e-06 -1.21435703623e-06 -1.7763152279e-09
-1.05416331131e-06 -6.91991571574e-07 -1.99796172521e-09
-1.01916481878e-06 -1.62121604367e-07 -2.21393340542e-09
-9.68703972933e-07 3.69438459845e-07 -2.42100307123e-09
-9.03025387339e-07 8.96856077003e-07 -2.61597487959e-09
-8.22560549195e-07 1.41434450464e-06 -2.79572341464e-09
-7.27924331501e-07 1.91622623803e-06 -2.95723225638e-09
-6.19909402546e-07 2.39699524787e-06 -3.09763160368e-09
-4.99478589048e-07 2.85137733681e-06 -3.21423451947e-09
-3.6775527213e-07 3.27438795398e-06 -3.30457138001e-09
-2.26011917301e-07 3.66138683346e-06 -3.36642212891e-09
-7.56568605353e-08 4.00812885845e-06 -3.39784595993e-09
8.17805078816e-08 4.31081059328e-06 -3.39720808e-09
2.44666002003e-07 4.56611197369e-06 -3.36320323522e-09
4.11278165347e-07 4.77123269842e-06 -3.29487571779e-09
5.79826872057e-07 4.92392292325e-06 -3.19163560973e-09
7.48472801379e-07 5.02250792126e-06 -3.05327106041e-09
9.15347572613e-07 5.06590643904e-06 -2.87995643812e-09
1.07857431995e-06 5.05364254772e-06 -2.67225624098e-09
1.23628848124e-06 4.98585085886e-06 -2.43112469919e-09
1.38665857194e-06 4.86327504823e-06 -2.15790104782e-09
1.52790671497e-06 4.6872597035e-06 -1.8543004971e-09
1.65832869961e-06 4.45973558528e-06 -1.52240097474e-09
1.77631334693e-06 4.18319846288e-06 -1.16462576156e-09
1.88036096666e-06 3.86068175705e-06 -7.83722187233e-10
1.96910069966e-06 3.49572328897e-06 -3.82736596991e-10
2.04130655196e-06 3.09232650047e-06 3.50141583873e-11
2.09591194025e-06 2.65491656977e-06 4.65974417993e-10
2.1320225846e-06 2.18829190447e-06 9.06384264331e-10
2.14892760186e-06 1.69757154236e-06 1.35231657542e-09
2.14610867249e-06 1.18813903747e-06 1.79971618733e-09
2.12324717442e-06 6.65583445347e-07 2.24444075472e-09
2.08022919934e-06 1.35638055099e-07 2.68230287698e-09
2.01714838993e-06 -3.95882461078e-07 3.10911304253e-09
1.9343065599e-06 -9.23145791559e-07 3.52072293314e-09
1.83221208289e-06 -1.44036592412e-06 3.9130686251e-09
1.7115760606e-06 -1.94186657865e-06 4.28221322338e-09
1.57330630442e-06 -2.42214343927e-06 4.62438846973e-09
1.41849918887e-06 -2.87592450317e-06 4.93603487529e-09
1.2484294583e-06 -3.29822788533e-06 5.2138399427e-09
1.06453809056e-06 -3.6844164452e-06 5.45477406237e-09
8.68418342724e-07 -4.03024863707e-06 5.65612369084e-09
6.61800123761e-07 -4.33192502631e-06 5.81552144776e-09
4.46532857416e-07 -4.58612996211e-06 5.93097279997e-09
2.24567015247e-07 -4.79006794963e-06 6.00087903671e-09
-2.06548569373e-09 -4.94149432304e-06 6.02405627937e-09
-2.31271813391e-07 -5.03873988308e-06 5.99975031071e-09
-4.60919462187e-07 -5.08072922911e-06 5.92764705284e-09
-6.88857979462e-07 -5.06699258453e-06 5.80787856933e-09
-9.12940946705e-07 -4.99767098589e-06 5.64102451453e-09
-1.13104798099e-06 -4.87351477855e-06 5.42810900122e-09
-1.34110652232e-06 -4.69587543536e-06 5.17059290713e-09
-1.54111317439e-06 -4.4666907877e-06 4.87036168872e-09
-1.72915437084e-06 -4.18846383042e-06 4.52970881943e-09
-1.90342614603e-06 -3.86423533318e-06 4.15131501559e-09
-2.06225279901e-06 -3.49755055748e-06 3.73822345881e-09
-2.20410425078e-06 -3.0924204445e-06 3.29381126613e-09
-2.32761190903e-06 -2.65327769833e-06 2.82175749948e-09
-2.43158287041e-06 -2.18492824622e-06 2.32600804329e-09
-2.51501230805e-06 -1.69249860682e-06 1.8107377122e-09
-2.57709391157e-06 -1.18137974373e-06 1.28030998099e-09
-2.61722826756e-06 -6.57168018705e-07 7.39234753995e-10
-2.63502909068e-06 -1.25603892021e-07 1.92124612511e-10
-2.63032723843e-06 4.07490959042e-07 -3.56350005105e-10
-2.60317246653e-06 9.3627741417e-07 -9.01506224372e-10
-2.55383290605e-06 1.45496287829e-06 -1.43869428402e-09
-2.48279226782e-06 1.95786474271e-06 -1.96334273963e-09
-2.39074480412e-06 2.43947264464e-06 -2.47100285129e-09
-2.27858808158e-06 2.894508842e-06 -2.95739169355e-09
-2.14741364283e-06 3.317986043e-06 -3.41843353984e-09
-1.99849565699e-06 3.70526205605e-06 -3.85029909191e-09
-1.83327768063e-06 4.05209066187e-06 -4.24944214791e-09
-1.65335767099e-06 4.35466814983e-06 -4.61263333037e-09
-1.46047141219e-06 4.60967500899e-06 -4.93699052653e-09
-1.25647453169e-06 4.81431231685e-06 -5.22000572902e-09
-1.04332329968e-06 4.966332427e-06 -5.45956800312e-09
-8.23054416595e-07 5.06406361937e-06 -5.65398234857e-09
-5.97764005169e-07 5.10642844295e-06 -5.8019842675e-09
-3.69586031141e-07 5.09295554997e-06 -5.90274989628e-09
-1.40670383222e-07 5.02378489144e-06 -5.95590160611e-09
8.68391539858e-08 4.89966621735e-06 -5.96150902582e-09
3.10826799443e-07 4.72195089763e-06 -5.92008548901e-09
5.29226314477e-07 4.49257715342e-06 -5.83257995631e-09
7.40041952116e-07 4.21404886003e-06 -5.70036451187e-09
9.41368594776e-07 3.88940815418e-06 -5.5252175799e-09
1.13141086719e-06 3.52220214487e-06 -5.30930305261e-09
1.30850102285e-06 3.11644409296e-06 -5.05514556407e-09
1.47111541566e-06 2.67656948405e-06 -4.76560218506e-09
1.61788938433e-06 2.20738747643e-06 -4.44383085173e-09
1.7476303941e-06 1.71402825506e-06 -4.09325587481e-09
1.85932929979e-06 1.20188686898e-06 -3.71753090669e-09
1.95216961451e-06 6.76564166564e-07 -3.32049976979e-09
2.02553469034e-06 1.43805476193e-07 -2.90615557137e-09
2.07901273982e-06 -3.90562296572e-07 -2.47859854739e-09
2.11239965089e-06 -9.20694465852e-07 -2.04199309003e-09
2.1256995716e-06 -1.44079255805e-06 -1.60052442102e-09
2.11912326553e-06 -1.94516779869e-06 -1.15835537548e-09
2.0930842627e-06 -2.4283033988e-06 -7.19583757958e-10
2.04819285488e-06 -2.88491495779e-06 -2.88200724878e-10
1.98524800737e-06 -3.31000832204e-06 1.3194936494e-10
1.90522728201e-06 -3.69893426469e-06 5.37207207583e-10
1.80927488743e-06 -4.04743938835e-06 9.24134516899e-10
1.69868799287e-06 -4.35171269273e-06 1.28954731693e-09
1.57490146042e-06 -4.60842729731e-06 1.63054621831e-09
1.43947116753e-06 -4.81477686215e-06 1.94454336706e-09
1.29405610654e-06 -4.96850630773e-06 2.22928579144e-09
1.14039946106e-06 -5.06793649748e-06 2.48287491307e-09
9.80308869789e-07 -5.1119826127e-06 2.70378203086e-09
8.15636096469e-07 -5.10016601864e-06 2.89085963152e-09
6.48256331257e-07 -5.03261949166e-06 3.04334842607e-09
4.80047351761e-07 -4.91008575048e-06 3.16088005972e-09
3.12868773393e-07 -4.73390930761e-06 3.24347548942e-09
1.48541617045e-07 -4.50602173024e-06 3.29153907176e-09
-1.11715818557e-08 -4.228920472e-06 3.30584845043e-09
-1.64585905311e-07 -3.90564150797e-06 3.28754037885e-09
-3.10112216963e-07 -3.53972607209e-06 3.23809265778e-09
-4.46274160877e-07 -3.13518186214e-06 3.15930241008e-09
-5.71723810518e-07 -2.69643913656e-06 3.05326095473e-09
-6.85255798803e-07 -2.22830218493e-06 2.92232557876e-09
-7.85819777246e-07 -1.73589670288e-06 2.76908853959e-09
-8.72531070996e-07 -1.22461364879e-06 2.59634365956e-09
-9.44679416776e-07 -7.0005019655e-07 2.40705090042e-09
-1.0017356922e-06 -1.67948432028e-07 2.20429932657e-09
-1.04335656733e-06 3.65867535979e-07 1.99126888287e-09
-1.06938703262e-06 8.95555360676e-07 1.77119142454e-09
-1.07986078074e-06 1.41531843997e-06 1.54731144398e-09
-1.07499844419e-06 1.91946939541e-06 1.32284694138e-09
-1.05520371371e-06 2.40249235281e-06 1.10095088327e-09
-1.02105738677e-06 2.85910334138e-06 8.84673685302e-10
-9.733094177e-07 3.2843081507e-06 6.7692714317e-10
-9.12869063752e-07 3.67345701102e-06 4.80450218018e-10
-8.40793241953e-07 4.0222954986e-06 2.97777061174e-10
-7.58273231796e-07 4.32701110804e-06 1.31207636825e-10
-6.66619876851e-07 4.58427498172e-06 -1.72187286589e-11
-5.6724745505e-07 4.79127833945e-06 -1.45746575732e-10
