0.0 0.0
1.80213405769e-05 9.37584377717e-08
6.56707106727e-05 5.28769098928e-07
0.00013213330849 1.55516100886e-06
0.000209933824965 3.32533728636e-06
0.000293797035214 5.92213682005e-06
0.000379905000696 9.37750452567e-06
0.000465414092386 1.36850046102e-05
0.000548142123224 1.88083594893e-05
0.000626366741045 2.46874412839e-05
0.000698696467195 3.12426467689e-05
0.000763989032997 3.83782608627e-05
0.000821300366604 4.59851996315e-05
0.000869853289827 5.39433829365e-05
0.00090901872993 6.21238940983e-05
0.000938304710906 7.03910228056e-05
0.000957350005744 7.86042471354e-05
0.000965920395927 8.66201839079e-05
0.000963906187311 9.42945190212e-05
0.00095132009722 0.000101483917866
0.000928294937853 0.000108047908406
0.00089508072937 0.000113850724742
0.000852041017313 0.00011876309605
0.000799648266313 0.000122663964199
0.000738478270137 0.000125442112684
0.000669203567018 0.000126997689512
0.000592585884984 0.000127243607224
0.000509467668935 0.00012610680416
0.000420762761952 0.000123529352331
0.000327446329646 0.000119469398748
0.000230544129232 0.000113901928788
0.000131121235219 0.000106819342063
3.02703415486e-05 9.82318332523e-05
-7.09002340684e-05 8.81675725137e-05
-0.000171278713733 7.66726822634e-05
-0.000269762058593 6.38110093729e-05
-0.00036526807071 4.96636940972e-05
-0.000456747265348 3.43285393058e-05
-0.000543194383865 1.79191858226e-05
-0.000623659421193 5.64101846447e-07
-0.000697258047175 -1.75946034812e-05
-0.000763181307586 -3.64025303144e-05
-0.000820704498593 -5.56944882409e-05
-0.000869195117368 -7.52961307062e-05
-0.000908119801765 -9.50257065691e-05
-0.000937050182971 -0.000114695910278
-0.000955667586999 -0.000134115810999
-0.000963766533473 -0.000153092840083
-0.000961256993353 -0.000171434815544
-0.00094816538083 -0.000188951981724
-0.000924634268516 -0.000205459042074
-0.000890920829012 -0.000220777162972
-0.000847394019933 -0.000234735926724
-0.000794530543211 -0.00024717521237
-0.000732909622941 -0.000257946983621
-0.000663206658979 -0.000266916964172
-0.000586185825844 -0.000273966181806
-0.000502691697994 -0.000278992364036
-0.000413639993257 -0.000281911169587
-0.000320007535844 -0.000282657241733
-0.000222821548935 -0.00028118507138
-0.000123148394159 -0.000277469659791
-2.20818813935e-05 -0.000271506972964
7.92687230416e-05 -0.000263314181909
0.00017979085834 -0.000252929685308
0.000278380868052 -0.000240412913414
0.000373956102117 -0.000225843914336
0.000465466789435 -0.000209322726211
0.000551907550871 -0.000190968541061
0.000632328426488 -0.000170918668351
0.000705845296147 -0.000149327308437
0.000771649579244 -0.000126364148128
0.000829017107258 -0.000102212792517
0.000877316071842 -7.70690489778e-05
0.000916013961309 -5.11390808697e-05
0.000944683409462 -2.46374498517e-05
0.000963006892615 2.21493303191e-06
0.000970780223288 2.91929263671e-05
0.000967914802228 5.60693255753e-05
0.000954438604023 8.26170558626e-05
0.000930495885433 0.000108611368171
0.000896345619591 0.000133832015335
0.000852358673145 0.000158065385848
0.000799013757214 0.000181106573054
0.000736892196465 0.000202761358286
0.000666671573548 0.000222848087336
0.000589118318474 0.000241199420798
0.00050507932407 0.000257663940134
0.000415472679312 0.000272107592847
0.000321277622024 0.000284414961849
0.00022352382096 0.000294490345981
0.000123280104664 0.000302258640619
2.164276054e-05 0.000307666009461
-8.02764676987e-05 0.000310680340765
-0.000181362552746 0.00031129148361
-0.000280509393241 0.000309511262101
-0.000376631926396 0.000305373267746
-0.00046867801103 0.000298932432638
-0.000555639950828 0.000290264388335
-0.000636565531603 0.000279464617649
-0.000710568451649 0.000266647408689
-0.000776838030907 0.000251944622622
-0.000834648092576 0.000235504288545
-0.000883364919876 0.000217489040695
-0.00092245420076 0.000198074414832
-0.000951486884501 0.000177447022128
-0.000970143885963 0.000155802620138
-0.000978219586007 0.000133344101456
-0.000975624089656 0.000110279421533
-0.000962384217257 8.68194876763e-05
-0.000938643217753 6.31760316286e-05
-0.000904659207175 3.95594882384e-05
-0.000860802349424 1.61769025837e-05
-0.000807550810199 -6.77011244534e-06
-0.000745485528353 -2.9087346716e-05
-0.000675283861922 -5.05898710274e-05
-0.000597712178389 -7.1103803401e-05
-0.000513617470327 -9.04679452665e-05
-0.000423918088213 -0.000108535270791
-0.000329593691904 -0.000125174254239
-0.000231674530808 -0.00014027002205
-0.000131230170136 -0.000153725318278
-2.93577866917e-05 -0.000165461274076
7.2829837616e-05 -0.000175417974094
0.000174216493076 -0.000183554814868
0.00027369475692 -0.00018985065258
0.00037017811176 -0.000194303739837
0.000462612835001 -0.000196931453465
0.000549989529033 -0.000197769817547
0.000631354165942 -0.000196872828177
0.000705818525789 -0.000194311588537
0.000772569914155 -0.000190173264971
0.000830880052553 -0.000184559876619
0.000880113044347 -0.000177586932986
0.000919732328972 -0.000169381935429
0.000949306548316 -0.000160082759982
0.000968514261031 -0.00014983594019
0.000977147453191 -0.000138794869651
0.000975113806876 -0.00012711794478
0.000962437701853 -0.000114966668921
0.000939259939462 -0.00010250373924
0.00090583619172 -8.98911379967e-05
0.000862534192719 -7.72882496316e-05
0.000809829703084 -6.48500247627e-05
0.000748301291757 -5.27252115898e-05
0.000678623992287 -4.1054674377e-05
0.000601561903167 -2.99698176536e-05
0.000517959813284 -1.95911335279e-05
0.000428733944267 -1.00268880763e-05
0.000334861911166 -1.37196116132e-06
0.000237372011443 6.29314773365e-06
0.000137331959652 1.29031369677e-05
3.58371912071e-05 1.84085348375e-05
-6.60011366096e-05 2.27761397501e-05
-0.000167068314959 2.59892641039e-05
-0.000266258291743 2.80477797336e-05
-0.000362485784165 2.89679650288e-05
-0.00045469816285 2.8782156078e-05
-0.000541886977378 2.75382064095e-05
-0.00062309899695 2.52987620643e-05
-0.000697446645296 2.21403608202e-05
-0.000764117715502 1.81523663754e-05
-0.000822384258392 1.34357501616e-05
-0.000871610547101 8.10173517663e-06
-0.000911260030644 2.27031778612e-06
-0.000940901200335 -3.93131517926e-06
-0.000960212304846 -1.03704555195e-05
-0.000968984862287 -1.6910609467e-05
-0.000967125930905 -2.34132799505e-05
-0.000954659113561 -2.97397745466e-05
-0.000931724285057 -3.57530180483e-05
-0.000898576045353 -4.13193485178e-05
-0.000855580915685 -4.63102758692e-05
-0.000803213308366 -5.06041824365e-05
-0.00074205031449 -5.40879456252e-05
-0.000672765366705 -5.66584636116e-05
-0.000596120846564 -5.82240661339e-05
-0.000512959717483 -5.87057936994e-05
-0.000424196275076 -5.80385300045e-05
-0.000330806116237 -5.61719740038e-05
-0.000233815436944 -5.30714398599e-05
-0.0001342897761 -4.8718474935e-05
-3.33223287838e-05 -4.31112880271e-05
6.79780429871e-05 -3.62649821835e-05
0.000168498970576 -2.82115886219e-05
0.000267136776849 -1.89999005315e-05
0.000362808578402 -8.69510777885e-06
0.000454464159269 2.62176420509e-06
0.000541097485958 1.48546058641e-05
0.000621757737641 2.78931576329e-05
0.000695559730597 4.16141170025e-05
0.000761693622673 5.58824068331e-05
0.000819433791411 7.05525913691e-05
0.00086814678855 8.54704247082e-05
0.000907298283726 0.000100474514945
0.00093645892129 0.000115398085858
0.000955309026058 0.000130070816857
0.000963642106419 0.000144320740966
0.000961367116445 0.000157976179902
0.000948509452188 0.000170867694806
0.000925210671285 0.000182830030963
0.000891726938923 0.00019370403478
0.000848426217231 0.00020333852158
0.000795784228893 0.000211592073176
0.000734379239231 0.00021833474492
0.000664885713962 0.000223449662834
0.000588066922132 0.00022683449255
0.000504766565304 0.000228402763157
0.00041589952477 0.000228085030551
0.000322441828164 0.000225829866598
0.000225419945491 0.000221604662285
0.000125899531851 0.000215396235006
2.49737402732e-05 0.000207211232237
-7.62487672533e-05 0.000197076326049
-0.000176655979151 0.000185038195174
-0.000275144730739 0.000171163293607
-0.000370632804161 0.000155537407077
-0.000462070799115 0.000138265001001
-0.000548453644278 0.000119468365819
-0.00062883162324 9.92865678079e-05
-0.000702320794076 7.78742156166e-05
-0.000768112688351 5.5400054771e-05
-0.000825483183211 3.20454042979e-05
-0.000873800449313 8.00245136135e-06
-0.000912531887436 -1.65275786239e-05
-0.000941249977727 -4.13363575462e-05
-0.000959636977425 -6.62104757769e-05
-0.00096748841554 -9.09335279612e-05
-0.000964715346138 -0.000115288241658
-0.000951345335491 -0.000139058626554
-0.000927522172221 -0.000162032121701
-0.000893504303552 -0.000184001718198
-0.000849662014775 -0.00020476803495
-0.000796473382751 -0.000224141325581
-0.000734519047769 -0.000241943395284
-0.00066447586098 -0.000258009407303
-0.000587109476973 -0.000272189559869
-0.000503265972615 -0.000284350615773
-0.000413862583953 -0.000294377268305
-0.000319877662628 -0.000302173328967
-0.000222339961826 -0.000307662724289
-0.000122317369121 -0.000310790291052
-2.09052096473e-05 -0.000311522361362
8.07857522696e-05 -0.000309847131246
0.000181641481564 -0.00030577480871
0.000280556877661 -0.000299337539561
0.000376447882752 -0.000290589111621
0.000468263360467 -0.000279604440318
0.000554996614771 -0.000266478840968
0.000635696422896 -0.000251327095292
0.000709477461383 -0.000234282321912
0.000775530011019 -0.000215494662646
0.000833128834286 -0.000195129798333
0.000881641128055 -0.000173367309771
0.000920533464353 -0.000150398900932
0.000949377643123 -0.000126426503101
0.000967855392824 -0.000101660279801
0.000975761867327 -7.6316553422e-05
0.000973007900742 -5.06156752728e-05
0.000959620995446 -2.47798613292e-05
0.000935745032415 9.68983683664e-07
0.000901638706999 2.64114311725e-05
0.000857672707222 5.13326599567e-05
0.000804325665465 7.55245317878e-05
0.000742178927819 9.87875895764e-05
0.000671910198386 0.000120932957661
0.000594286128075 0.000141784124535
0.000510153929038 0.000161178589752
0.000420432106576 0.000178969358199
0.000326100409971 0.000195026266618
0.000228189112306 0.000209237129069
0.000127767736645 0.000221508690003
2.59333520483e-05 0.000231767375693
-7.62014324211e-05 0.000239959836969
-0.000177520644211 0.000246053278437
-0.000276917160963 0.000250035571696
-0.000373304827612 0.000251915152358
-0.000465630344198 0.000251720703034
-0.000552884794185 0.000249500626707
-0.000634114687061 0.000245322317204
-0.000708432394246 0.000239271235594
-0.000775025864054 0.000231449803435
-0.000833167509276 0.000221976125738
-0.000882222170083 0.000210982558289
-0.000921654065019 0.000198614135619
-0.000951032653981 0.000185026877387
-0.000970037348961 0.000170385992141
-0.000978461020981 0.000154863998543
-0.000976212264815 0.000138638784895
-0.000963316396707 0.000121891628468
-0.000939915174166 0.000104805196433
-0.000906265240919 8.75615503618e-05
-0.000862735314081 7.03401761217e-05
-0.000809802144341 5.33160606241e-05
-0.000748045293447 3.66578363112e-05
-0.000678140786186 2.05260134273e-05
-0.000600853706415 5.07131908722e-06
-0.000517029818246 -9.5668390929e-06
-0.000427586304164 -2.32617684796e-05
-0.000333501721538 -3.59007313114e-05
-0.000235805287542 -4.7386016062e-05
-0.000135565609849 -5.76358292568e-05
-3.38789865414e-05 -6.65849987577e-05
6.81425966131e-05 -7.41854816526e-05
0.000169383640046 -8.04066720888e-05
0.000268737342101 -8.5235506632e-05
0.00036511771482 -8.86763669995e-05
0.000457471471109 -9.07507822837e-05
0.000544789553089 -9.1496935016e-05
0.000626118175383 -9.09689776083e-05
0.000700569262394 -8.92361678141e-05
0.000767330165277 -8.63818338641e-05
0.000825672552203 -8.25021818128e-05
0.000874960374562 -7.77049593802e-05
0.000914656821899 -7.21079921525e-05
0.000944330189424 -6.58376094107e-05
0.000963658593889 -5.90269780612e-05
0.000972433486205 -5.18143641476e-05
0.000970561922401 -4.43413422009e-05
0.000958067568075 -3.67509732422e-05
0.000935090425414 -2.91859725733e-05
0.000901885285826 -2.17868885743e-05
0.000858818925189 -1.46903135772e-05
0.000806366072519 -8.02714749308e-06
0.00074510419626 -1.92093425407e-06
0.000675707165398 3.51370971399e-06
0.000598937854873 8.17255683072e-06
0.000515639776378 1.19631026156e-05
0.000426727826281 1.48057574114e-05
0.000333178252068 1.66348817549e-05
0.000236017947305 1.7399653348e-05
0.000136313192422 1.70647554998e-05
3.51579647238e-05 1.56108789326e-05
-6.63380542651e-05 1.30350309645e-05
-0.000167061642693 9.35064826716e-06
-0.000265908240225 4.58751162497e-06
-0.00036179405412 -1.20853662916e-06
-0.000453667936896 -7.97606958643e-06
-0.000540522905424 -1.56387420169e-05
-0.000621407175247 -2.41061386261e-05
-0.00069543458921 -3.32747949596e-05
-0.000761794326154 -4.30293796275e-05
-0.000819759783295 -5.32440246775e-05
-0.000868696534975 -6.3783789239e-05
-0.000908069280611 -7.45062400273e-05
-0.000937447705714 -8.5263130939e-05
-0.000956511191792 -9.59021628099e-05
-0.000965052323551 -0.00010626880346
-0.000962979154997 -0.000116208147419
-0.000950316209628 -0.00012556679422
-0.000927204203812 -0.000134194723903
-0.000893898496385 -0.000141947148306
-0.000850766281526 -0.000148686316977
-0.000798282555679 -0.000154283256935
-0.000737024902771 -0.00015861942624
-0.000667667154897 -0.000161588262188
-0.000590971997978 -0.000163096606077
-0.00050778260346 -0.00016306598784
-0.000419013377791 -0.000161433755291
-0.00032563993107 -0.000158154034454
-0.000228688374853 -0.000153198509267
-0.000129224066408 -0.0001465570109
-2.83399228046e-05 -0.00013823790903
7.2855567063e-05 -0.000128268299567
0.000173250501129 -0.000116693985561
0.0002717417602 -0.000103579250295
0.000367247107717 -8.90064238607e-05
0.000458717060605 -7.30752467878e-05
0.000545146401086 -5.59020365551e-05
0.000625585203286 -3.76186649872e-05
0.000699149253746 -1.83713566556e-05
0.00076502975164 1.68067960259e-06
0.000822502182343 2.23667720637e-05
0.000870934267085 4.35064446879e-05
0.000909792901554 6.49111956202e-05
0.000938650007352 8.63863769919e-05
0.00095718723218 0.000107733156226
0.000965199447184 0.000128750538095
0.000962597003125 0.000149237426042
0.000949406720598 0.000168994700791
0.000925771603442 0.000187827294005
0.000891949278414 0.000205546234722
0.000848309178235 0.000221970646547
0.00079532849881 0.000236929674014
0.000733586974925 0.00025026431725
0.00066376053162 0.000261829154994
0.000586613880797 0.00027149393716
0.000502992144163 0.000279145029493
0.000413811594279 0.000284686694399
0.000320049615162 0.000288042193762
0.000222733992435 0.00028915470141
0.000122931650374 0.000287988014914
2.17369592523e-05 0.000284527058536
-7.97402588841e-05 0.000278778171328
-0.000180386894588 0.000270769176697
-0.000279098752233 0.000260549232059
-0.000374792654372 0.000248188459542
-0.000466418316602 0.000233777361059
-0.000552969862784 0.000217426023332
-0.00063349685442 0.000199263120748
-0.000707114713326 0.000179434726023
-0.000773014423346 0.000158102940774
-0.000830471404774 0.000135444359975
-0.00087885346422 0.000111648386078
-0.00091762773275 8.69154101854e-05
-0.000946366516255 6.14548790874e-05
-0.00096475199388 3.54832681917e-05
-0.000972579712987 9.22198140054e-06
-0.000969760842317 -1.7104800245e-05
-0.000956323158585 -4.32722987699e-05
-0.00093241075566 -6.90573256328e-05
-0.00089828247945 -9.42404515022e-05
-0.000854309105577 -0.000118608136862
-0.00080096929071 -0.00014195480129
-0.00073884434186 -0.000164084809912
-0.00066861186087 -0.000184814356411
-0.000591038333691 -0.0002039732231
-0.000506970745574 -0.000221406399858
-0.000417327313986 -0.000236975545274
-0.000323087440727 -0.000250560274993
-0.000225280993289 -0.00026205926415
-0.000124977032825 -0.000271391152731
-2.32721122018e-05 -0.00027849524484
7.87217277275e-05 -0.000283331995022
0.000179889132142 -0.000285883277093
0.000279123643229 -0.000286152433239
0.000375339814379 -0.000284164103472
0.00046748509489 -0.000279963837903
0.000554551355024 -0.00027361749657
0.000635585925166 -0.000265210443835
0.000709702028157 -0.000254846546525
0.000776088490535 -0.000242646987075
0.000834018626305 -0.000228748904883
0.00088285819591 -0.000213303880883
0.000922072353225 -0.000196476281991
0.000951231504465 -0.000178441483521
0.00097001601482 -0.00015938398895
0.000978219711248 -0.000139495467426
0.000975752143044 -0.000118972730275
0.00096263957542 -9.80156683212e-05
0.000939024705181 -7.68251722088e-05
0.000905165101613 -5.56010580231e-05
0.000861430389639 -3.4540020382e-05
0.000808298206073 -1.38336347941e-05
0.000746348973274 6.3335695171e-06
0.000676259547407 2.5785945964e-05
0.000598795810876 4.43584568112e-05
0.000514804290066 6.18982712127e-05
0.000425202890165 7.82662184791e-05
0.00033097084857 9.33380816189e-05
0.000233138016872 0.000107005717989
0.00013277358882 0.000119177995827
3.09743977177e-05 0.000129781537481
-7.11470885958e-05 0.000138761262313
-0.000172474943699 0.000146080724451
-0.00027190199612 0.000151722242867
-0.000368341946701 0.000155686823492
-0.00046074125708 0.000157993875444
-0.000548090679102 0.00015868072562
-0.000629436298902 0.000157801938185
-0.000703889974702 0.000155428447573
-0.000770639054045 0.000151646515684
-0.000828955264032 0.000146556525827
-0.000878202677246 0.00014027162778
-0.000917844666125 0.0001329162499
-0.000947449769641 0.000124624495659
-0.000966696408095 0.00011553844322
-0.00097537639438 0.000105806367675
-0.000973397203341 9.55809063776e-05
-0.000960782974374 8.50171883778e-05
-0.000937674236368 7.4270949311e-05
-0.000904326358014 6.34966531864e-05
-0.000861106740532 5.28456423969e-05
-0.00080849078359 4.24643368945e-05
-0.000747056668669 3.24925028721e-05
-0.000677479017052 2.30616104649e-05
-0.000600521491956 1.42932989363e-05
-0.000517028425889 6.2979665676e-06
-0.000427915564992 -8.26498975628e-07
-0.00033416003178 -6.99583563513e-06
