0.0 0.0 0.0
0.0 0.0 0.0
1.87516875543e-08 1.80213405769e-06 1.95330078691e-12
8.70021322312e-08 4.76493700957e-06 1.29693236812e-11
2.24030069541e-07 8.44839383946e-06 4.53685113659e-11
4.41037387731e-07 1.25449886571e-05 1.14646371498e-10
7.43389976279e-07 1.68347148643e-05 2.38024221916e-10
1.13211092885e-06 2.11557852053e-05 4.33388899534e-10
1.60488999319e-06 2.53856240333e-05 7.18493162247e-10
2.15678190468e-06 2.94285882891e-05 1.11033398494e-09
2.78070635211e-06 3.32080858155e-05 1.62465567836e-09
3.46782300168e-06 3.6661560904e-05 2.27554415271e-09
4.20782917086e-06 3.97373423957e-05 3.07509125401e-09
4.98921075544e-06 4.23926942647e-05 4.03311624634e-09
5.79946583185e-06 4.4592634718e-05 5.15693672418e-09
6.62531298781e-06 4.6309238275e-05 6.4511845179e-09
7.45289157332e-06 4.75212328157e-05 7.91766415968e-09
8.26795785377e-06 4.82137677587e-05 9.55525264167e-09
9.05607892781e-06 4.8378271834e-05 1.13598398064e-08
9.80282487644e-06 4.80123468972e-05 1.33243089527e-08
1.04939586967e-05 4.71196628249e-05 1.54385572416e-08
1.11156229845e-05 4.57098309605e-05 1.76895553333e-08
1.16545219639e-05 4.37982419765e-05 2.00614454321e-08
1.2098097246e-05 4.14058597548e-05 2.25356765998e-08
1.24346955938e-05 3.85589668764e-05 2.5091175854e-08
1.26537269431e-05 3.52888601373e-05 2.77045532016e-08
1.27458109594e-05 3.16314965645e-05 3.03503383998e-08
1.27029104854e-05 2.76270919339e-05 3.30012468836e-08
1.25184503466e-05 2.33196749596e-05 3.56284719702e-08
1.21874201196e-05 1.87566012356e-05 3.82020001438e-08
1.17064596299e-05 1.3988031729e-05 4.06909459511e-08
1.10739261277e-05 9.0663811942e-06 4.30639028008e-08
1.02899422849e-05 4.04574232773e-06 4.52893057605e-08
9.35642436555e-06 -1.01870817288e-06 4.73358022865e-08
8.2770901372e-06 -6.07131523396e-06 4.91726267139e-08
7.05744631548e-06 -1.10565561393e-05 5.07699742611e-08
5.70475555911e-06 -1.591964972e-05 5.20993702897e-08
4.22798326033e-06 -2.0607157351e-05 5.31340305834e-08
2.63772460083e-06 -2.50675691838e-05 5.38492084856e-08
9.46112563682e-07 -2.92518692027e-05 5.42225248569e-08
-8.33292194393e-07 -3.31140729167e-05 5.42342769787e-08
-2.68562850184e-06 -3.66117318008e-05 5.38677227395e-08
-4.59487756104e-06 -3.97063989579e-05 5.31093366913e-08
-6.54402008714e-06 -4.23640509014e-05 5.19490348529e-08
-8.51520605409e-06 -4.45554608354e-05 5.03803654632e-08
-1.04899352597e-05 -4.62565193411e-05 4.8400663243e-08
-1.24492467959e-05 -4.7448498956e-05 4.60111651122e-08
-1.43739154039e-05 -4.81182597439e-05 4.32170857164e-08
-1.62446526126e-05 -4.82583936034e-05 4.0027651548e-08
-1.80423104961e-05 -4.78673057319e-05 3.64560928909e-08
-1.97480858487e-05 -4.69492323512e-05 3.25195932716e-08
-2.13437225662e-05 -4.55141945004e-05 2.82391965617e-08
-2.28117100283e-05 -4.35778884007e-05 2.36396723331e-08
-2.41354753165e-05 -4.11615135926e-05 1.87493405264e-08
-2.52995671575e-05 -3.82915407286e-05 1.35998569354e-08
-2.62898295666e-05 -3.49994215655e-05 8.22596144326e-09
-2.70935632677e-05 -3.13212443324e-05 2.66519135634e-09
-2.76996730935e-05 -2.7297338252e-05 -3.04243743129e-09
-2.80987997138e-05 -2.29718315474e-05 -8.85477834871e-09
-2.82834342037e-05 -1.83921677783e-05 -1.47279277151e-08
-2.82480141429e-05 -1.36085858061e-05 -2.06166202512e-08
-2.79890001331e-05 -8.67356908731e-06 -2.64746425716e-08
-2.75049318251e-05 -3.64127032863e-06 -3.22552604839e-08
-2.67964627678e-05 1.43308218928e-06 -3.7911655754e-08
-2.5866373614e-05 6.49379011488e-06 -4.33973678771e-08
-2.47195634476e-05 1.14852957191e-05 -4.8666736321e-08
-2.33630192352e-05 1.63527910861e-05 -5.36753386838e-08
-2.1805763632e-05 2.10428191256e-05 -5.83804202325e-08
-2.00587816103e-05 2.55038598179e-05 -6.27413103619e-08
-1.8134926602e-05 2.96868952692e-05 -6.6719821634e-08
-1.60488070682e-05 3.35459473797e-05 -7.02806272247e-08
-1.38166546191e-05 3.70385822351e-05 -7.33916128171e-08
-1.14561750065e-05 4.01263756893e-05 -7.60241992364e-08
-8.98638349679e-06 4.27753350365e-05 -7.81536324138e-08
-6.42742629878e-06 4.49562721477e-05 -7.97592376009e-08
-3.80038987516e-06 4.66451239832e-05 -8.0824635119e-08
-1.12710009517e-06 4.7823216963e-05 -8.13379153242e-08
1.57008670155e-06 4.84774722985e-05 -8.12917708861e-08
4.26849857186e-06 4.86005500303e-05 -8.06835849201e-08
6.9453665432e-06 4.81909301925e-05 -7.95154739706e-08
9.57804462933e-06 4.72529302098e-05 -7.77942853068e-08
1.21442290048e-05 4.57966583336e-05 -7.55315484699e-08
1.46221740622e-05 4.38379036256e-05 -7.27433814838e-08
1.69909031073e-05 4.13979636889e-05 -6.94503526119e-08
1.92304115034e-05 3.85034120325e-05 -6.56772990067e-08
2.13218601537e-05 3.5185807614e-05 -6.14531040424e-08
2.32477573134e-05 3.14813497408e-05 -5.68104355562e-08
2.49921268462e-05 2.74304821067e-05 -5.17854476229e-08
2.65406611807e-05 2.30774503004e-05 -4.64174488701e-08
2.78808573887e-05 1.84698176309e-05 -4.07485406858e-08
2.90021349811e-05 1.36579445715e-05 -3.48232289806e-08
2.9895934215e-05 8.69443752446e-06 -2.86880134394e-08
3.05557939088e-05 3.63357294191e-06 -2.23909584265e-08
3.09774079835e-05 -1.46929688791e-06 -1.5981249896e-08
3.11586601695e-05 -6.55834988196e-06 -9.50874279677e-09
3.10996365526e-05 -1.15779053926e-05 -3.02350355489e-09
3.08026158676e-05 -1.64730339314e-05 3.42464773888e-09
3.02720376817e-05 -2.11901587082e-05 9.78659081693e-09
2.95144488459e-05 -2.56776423949e-05 1.60143498302e-08
2.85384288211e-05 -2.98863526879e-05 2.20615245872e-08
2.73544947087e-05 -3.37702004724e-05 2.78837041216e-08
2.59749870291e-05 -3.72866446926e-05 3.34388584692e-08
2.44139374952e-05 -4.03971583981e-05 3.86877047739e-08
2.26869202139e-05 -4.30676508595e-05 4.35940441185e-08
2.08108879252e-05 -4.52688411281e-05 4.81250657997e-08
1.88039950411e-05 -4.69765789479e-05 5.22516161087e-08
1.66854093845e-05 -4.81721095022e-05 5.59484290697e-08
1.44751146431e-05 -4.88422790941e-05 5.91943169892e-08
1.21937056482e-05 -4.89796795066e-05 6.19723191029e-08
9.86217865853e-06 -4.8582729459e-05 6.42698070515e-08
7.50171887673e-06 -4.76556922667e-05 6.60785463781e-08
5.13348744899e-06 -4.62086295086e-05 6.73947137037e-08
2.7784101987e-06 -4.42572912089e-05 6.82188697087e-08
4.56970318034e-07 -4.18229437335e-05 6.85558885125e-08
-1.8109928071e-06 -3.89321372864e-05 6.84148445032e-08
-4.00647653609e-06 -3.56164155489e-05 6.78088581133e-08
-6.1114976694e-06 -3.19119706432e-05 6.67549024669e-08
-8.1092630108e-06 -2.78592471957e-05 6.52735732294e-08
-9.9843260425e-06 -2.3502499837e-05 6.33888243697e-08
-1.17227281157e-05 -1.88893089842e-05 6.11276728948e-08
-1.33121227321e-05 -1.40700602062e-05 5.85198759315e-08
-1.4741881678e-05 -9.09739287468e-06 5.55975838055e-08
-1.60031819776e-05 -4.02562413889e-06 5.2394973008e-08
-1.70890728376e-05 1.08984546972e-06 4.89478631314e-08
-1.79945219811e-05 6.19313829188e-06 4.52933220045e-08
-1.87164409925e-05 1.12285110157e-05 4.14692633614e-08
-1.92536895235e-05 1.61409646763e-05 3.75140414326e-08
-1.96070584439e-05 2.08768464997e-05 3.34660468527e-08
-1.97792322491e-05 2.53844370004e-05 2.93633082388e-08
-1.97747312604e-05 2.96145159029e-05 2.52431037066e-08
-1.95998343749e-05 3.35209006913e-05 2.11415864529e-08
-1.92624833324e-05 3.70609518876e-05 1.70934283584e-08
-1.87721696619e-05 4.01960395279e-05 1.31314853382e-08
-1.8139805662e-05 4.28919657274e-05 9.28648790861e-09
-1.73775809352e-05 4.51193387073e-05 5.58676013807e-09
-1.64988061505e-05 4.68538941899e-05 2.05796981664e-09
-1.55177458458e-05 4.80767606417e-05 -1.27708768298e-09
-1.44494421922e-05 4.87746654614e-05 -4.39866977028e-09
-1.33095317379e-05 4.89400798578e-05 -7.29022955467e-09
-1.21140572181e-05 4.85713008298e-05 -9.93852007092e-09
-1.0879276566e-05 4.76724693555e-05 -1.23336590068e-08
-9.62147128191e-06 4.62535245906e-05 -1.44691535743e-08
-8.35675631744e-06 4.43300945814e-05 -1.63418856159e-08
-7.10089360888e-06 4.19233246905e-05 -1.79520574832e-08
-5.86911134365e-06 3.90596456179e-05 -1.93030996657e-08
-4.6759309743e-06 3.57704835578e-05 -2.04015415739e-08
-3.5350039011e-06 3.20919156709e-05 -2.125684729e-08
-2.45895962963e-06 2.80642746458e-05 -2.18812184912e-08
-1.45926707596e-06 2.37317066826e-05 -2.22893671063e-08
-5.46110539303e-07 1.91416877441e-05 -2.24982606079e-08
2.71718307039e-07 1.43445033725e-05 -2.25268431321e-08
9.86911239691e-07 9.39269777185e-06 -2.23957358877e-08
1.59371615385e-06 4.34049819334e-06 -2.21269205342e-08
2.08799081364e-06 -7.56779072635e-07 -2.17434093917e-08
2.46723713638e-06 -5.84333458832e-06 -2.12689064803e-08
2.7306156844e-06 -1.08634969075e-05 -2.07274634781e-08
2.87894026233e-06 -1.57623322668e-05 -2.01431347336e-08
2.91465274344e-06 -2.04862461497e-05 -1.95396354622e-08
2.84177847215e-06 -2.49835701354e-05 -1.89400072106e-08
2.66586280974e-06 -2.92051276024e-05 -1.8366294577e-08
2.39388960311e-06 -3.31047720926e-05 -1.7839237034e-08
2.03418256092e-06 -3.6639892437e-05 -1.7377979517e-08
1.59629071416e-06 -3.97718791132e-05 -1.69998052175e-08
1.09085931816e-06 -4.24665467259e-05 -1.67198937558e-08
5.29487717168e-07 -4.46945079841e-05 -1.65511076063e-08
-7.54241599428e-08 -4.64314950802e-05 -1.6503809319e-08
-7.1083887591e-07 -4.76586249533e-05 -1.65857117186e-08
-1.36325222799e-06 -4.83626055313e-05 -1.68017628753e-08
-2.01886966541e-06 -4.85358806974e-05 -1.71540672392e-08
-2.66378632469e-06 -4.81767123931e-05 -1.76418439048e-08
-3.28416858464e-06 -4.7289198963e-05 -1.82614225412e-08
-3.86643502502e-06 -4.58832295427e-05 -1.90062770839e-08
-4.39743467853e-06 -4.39743749926e-05 -1.98670968446e-08
-4.8646204953e-06 -4.15837165759e-05 -2.08318942586e-08
-5.25621599199e-06 -3.87376142607e-05 -2.18861480594e-08
-5.56137313304e-06 -3.54674171882e-05 -2.30129802599e-08
-5.77031958929e-06 -3.18091194823e-05 -2.41933649185e-08
-5.8744936375e-06 -2.78029651741e-05 -2.54063662962e-08
-5.86666510238e-06 -2.34930065742e-05 -2.6629403665e-08
-5.74104089852e-06 -1.89266209334e-05 -2.78385397067e-08
-5.49335390224e-06 -1.41539906903e-05 -2.90087891652e-08
-5.12093406973e-06 -9.22755300411e-06 -3.01144441622e-08
-4.62276091726e-06 -4.20142460589e-06 -3.112941239e-08
-3.99949668816e-06 8.6919172751e-07 -3.20275642239e-08
-3.25349974853e-06 5.9286125712e-06 -3.27830846861e-08
-2.38881797585e-06 1.09212844864e-05 -3.33708261157e-08
-1.41116213046e-06 1.57923931985e-05 -3.37666573768e-08
-3.27859425311e-07 2.04884646418e-05 -3.39478054555e-08
8.52212266329e-07 2.49579512851e-05 -3.38931853679e-08
2.11870890648e-06 2.91517973106e-05 -3.35837144124e-08
3.4599226201e-06 3.30239764534e-05 -3.30026069617e-08
4.8629007804e-06 3.65319966063e-05 -3.21356461908e-08
6.31358058621e-06 3.9637365661e-05 -3.09714293818e-08
7.7969376876e-06 4.23060134801e-05 -2.95015837283e-08
9.29714725404e-06 4.45086653749e-05 -2.77209498802e-08
1.0797755735e-05 4.62211629977e-05 -2.56277308189e-08
1.22818614366e-05 4.74247291314e-05 -2.32236040301e-08
1.37323019347e-05 4.81061734744e-05 -2.05137953456e-08
1.51318462585e-05 4.82580371675e-05 -1.75071132422e-08
1.64633897218e-05 4.7878674477e-05 -1.42159428275e-08
1.77101492395e-05 4.69722707419e-05 -1.06561991857e-08
1.88558569532e-05 4.55487963867e-05 -6.84724020734e-09
1.98849500029e-05 4.36238975057e-05 -2.81173948275e-09
2.07827543132e-05 4.12187242175e-05 1.42447971684e-09
2.1535660322e-05 3.83596986718e-05 5.83264790801e-09
2.2131288662e-05 3.50782252513e-05 1.03812884272e-08
2.25586439047e-05 3.14103461449e-05 1.50364897362e-08
2.28082546052e-05 2.73963460682e-05 1.9762208331e-08
2.28722980262e-05 2.30803104622e-05 2.45205992301e-08
2.27447080839e-05 1.85096420147e-05 2.92723706999e-08
2.24212652356e-05 1.37345408017e-05 3.39771595874e-08
2.18996672214e-05 8.80745374742e-06 3.8593923385e-08
2.11795797798e-05 3.78249943765e-06 4.30813449476e-08
2.02626666675e-05 -1.28512541033e-06 4.73982456192e-08
1.91525985423e-05 -6.339751315e-06 5.15040024119e-08
1.78550404925e-05 -1.13258466001e-05 5.53589648113e-08
1.63776182289e-05 -1.61886264739e-05 5.89248667615e-08
1.47298631865e-05 -2.08746539423e-05 6.21652294089e-08
1.29231370138e-05 -2.53324259692e-05 6.50457502631e-08
1.09705361501e-05 -2.95129384586e-05 6.7534674551e-08
8.88677741151e-06 -3.33702238654e-05 6.96031447137e-08
6.68806571182e-06 -3.68618555422e-05 7.12255242057e-08
4.39194524239e-06 -3.99494132929e-05 7.23796920134e-08
2.0171356172e-06 -4.25989050283e-05 7.3047304603e-08
-4.16645344928e-07 -4.4781139903e-05 7.32140223396e-08
-2.88887037985e-06 -4.64720488406e-05 7.2869697785e-08
-5.37840112939e-06 -4.76529489321e-05 7.20085236694e-08
-7.86369402599e-06 -4.83107488103e-05 7.06291387574e-08
-1.03230115662e-05 -4.84380927436e-05 6.87346902582e-08
-1.27346367653e-05 -4.80334418702e-05 6.63328518904e-08
-1.50770885454e-05 -4.7101091679e-05 6.34357971705e-08
-1.73293357947e-05 -4.56511255431e-05 6.00601279684e-08
-1.94710078449e-05 -4.36993048121e-05 5.62267588393e-08
-2.14825991452e-05 -4.12668966653e-05 5.19607581111e-08
-2.3345665971e-05 -3.83804416097e-05 4.72911471615e-08
-2.50430130858e-05 -3.50714631672e-05 4.22506597598e-08
-2.65588683749e-05 -3.13761229308e-05 3.68754637743e-08
-2.78790435989e-05 -2.73348247664e-05 3.12048479437e-08
-2.89910795558e-05 -2.2991772495e-05 2.52808767817e-08
-2.98843741052e-05 -1.83944859002e-05 1.91480170254e-08
-3.05502916882e-05 -1.35932803626e-05 1.28527393386e-08
-3.09822531697e-05 -8.64071582005e-06 6.44309924922e-09
-3.11758050407e-05 -3.59102109209e-06 -3.16984810341e-11
-3.11286672317e-05 1.50050012736e-06 -6.52174767608e-09
-3.08407590174e-05 6.5780750996e-06 -1.29768962437e-08
-3.03142027245e-05 1.15860730568e-05 -1.93472047585e-08
-2.95533051877e-05 1.64696147093e-05 -2.55834034994e-08
-2.85645171365e-05 2.1175173566e-05 -3.16373433248e-08
-2.73563709272e-05 2.56511624807e-05 -3.74624358314e-08
-2.59393972665e-05 2.98484989964e-05 -4.30140783516e-08
-2.43260217918e-05 3.37211432932e-05 -4.82500595035e-08
-2.25304425906e-05 3.72266028452e-05 -5.313094121e-08
-2.05684899386e-05 4.03263982568e-05 -5.76204133485e-08
-1.8457469728e-05 4.29864851719e-05 -6.16856174804e-08
-1.62159922261e-05 4.51776276337e-05 -6.5297436434e-08
-1.38637879603e-05 4.68757188016e-05 -6.84307468701e-08
-1.14215126599e-05 4.80620455106e-05 -7.10646323513e-08
-8.91054330019e-06 4.87234937718e-05 -7.31825548472e-08
-6.35276738421e-06 4.88526929609e-05 -7.47724830435e-08
-3.77036767034e-06 4.84480971133e-05 -7.58269762783e-08
-1.18560459551e-06 4.75140024313e-05 -7.63432233893e-08
1.37940133224e-06 4.60605008102e-05 -7.63230362293e-08
3.90288490227e-06 4.41033698897e-05 -7.57727980798e-08
6.36364708908e-06 4.16639008325e-05 -7.47033676641e-08
8.74125926848e-06 3.87686657139e-05 -7.31299399185e-08
1.10162586468e-05 3.5449227068e-05 -7.10718651357e-08
1.31703328853e-05 3.17417927707e-05 -6.85524285177e-08
1.51864920217e-05 2.76868200368e-05 -6.55985925899e-08
1.70492259288e-05 2.3328572867e-05 -6.22407053034e-08
1.8744645711e-05 1.87146377906e-05 -5.85121770076e-08
2.02606076125e-05 1.38954032065e-05 -5.44491297864e-08
2.15868182012e-05 8.92350802406e-06 -5.00900229308e-08
2.27149197993e-05 3.85326564045e-06 -4.54752585557e-08
2.36385553394e-05 -1.25993043561e-06 -4.06467715621e-08
2.43534120544e-05 -6.3602128065e-06 -3.56476082919e-08
2.4857243633e-05 -1.13918516146e-05 -3.05214983245e-08
2.51498707062e-05 -1.62998644817e-05 -2.53124239142e-08
2.52331597655e-05 -2.10306182796e-05 -2.00641915734e-08
2.51109808413e-05 -2.55324161402e-05 -1.48200102602e-08
2.47891445002e-05 -2.97560632783e-05 -9.62208053711e-09
2.42753189407e-05 -3.36554054278e-05 -4.51119892869e-09
2.3578928178e-05 -3.71878339969e-05 4.73618479514e-10
2.27110325089e-05 -4.03147524086e-05 5.2954893844e-09
2.16841926387e-05 -4.30019985191e-05 9.91999200395e-09
2.0512319019e-05 -4.52202184892e-05 1.43154619683e-08
1.92105081049e-05 -4.69451880127e-05 1.84532564604e-08
1.77948673725e-05 -4.81580773854e-05 2.23079830726e-08
1.62823310557e-05 -4.88456575107e-05 2.58576912422e-08
1.46904686528e-05 -4.90004445874e-05 2.90840245452e-08
1.30372883262e-05 -4.86207818941e-05 3.19723325638e-08
1.13410373674e-05 -4.77108577766e-05 3.45117414902e-08
9.62000191916e-06 -4.62806596399e-05 3.66951830826e-08
7.89230815319e-06 -4.43458644519e-05 3.85193820485e-08
6.17572707115e-06 -4.19276669561e-05 3.99848023843e-08
4.48748505367e-06 -3.9052547478e-05 4.10955536473e-08
2.84408220857e-06 -3.57519818667e-05 4.18592585705e-08
1.26112047688e-06 -3.20620967519e-05 4.22868838502e-08
-2.46856659439e-07 -2.80232738897e-05 4.23925363312e-08
-1.66651115914e-06 -2.3679707935e-05 4.21932271834e-08
-2.98584253678e-06 -1.90789224814e-05 4.17086070068e-08
-4.19430372551e-06 -1.42712496724e-05 4.09606751044e-08
-5.28289948689e-06 -9.30927908183e-06 3.99734664365e-08
-6.24426636448e-06 -4.24728190308e-06 3.87727199936e-08
-7.07273338706e-06 8.59383248943e-07 3.73855325195e-08
-7.76436294345e-06 5.95487641237e-06 3.58400016518e-08
-8.31697147431e-06 1.09834875923e-05 3.41648626499e-08
-8.73012985209e-06 1.58902466179e-05 3.23891229284e-08
-9.00514354781e-06 2.06215248642e-05 3.05416986159e-08
-9.14501290892e-06 2.51256222467e-05 2.86510573183e-08
-9.15437409428e-06 2.93533330621e-05 2.67448711722e-08
-9.03942142738e-06 3.32584844762e-05 2.48496841387e-08
-8.80781213545e-06 3.67984417632e-05 2.29905973092e-08
-8.46855463738e-06 3.99345747645e-05 2.11909757704e-08
-8.03188172519e-06 4.26326804558e-05 1.94721803159e-08
-7.50911015085e-06 4.48633570004e-05 1.78533269955e-08
-6.91248827966e-06 4.66023251895e-05 1.6351077159e-08
-6.25503360248e-06 4.7830693753e-05 1.49794602963e-08
-5.55036200976e-06 4.85351656359e-05 1.37497315867e-08
-4.81251081976e-06 4.87081829846e-05 1.26702656669e-08
-4.05575762042e-06 4.83480092555e-05 1.17464877044e-08
-3.29443702803e-06 4.7458747552e-05 1.09808424285e-08
-2.54275748663e-06 4.60502949894e-05 1.03728013333e-08
-1.81462022824e-06 4.41382335931e-05 9.91890782129e-09
-1.12344248721e-06 4.17436589258e-05 9.61285962176e-09
-4.81987011406e-07 3.88929483261e-05 9.44562738232e-09
9.78001605927e-08 3.56174712999e-05 9.4056079187e-09
6.04941782205e-07 3.19532452399e-05 9.4788102044e-09
1.02956958394e-06 2.79405402474e-05 9.64907180504e-09
1.36305093918e-06 2.36234373904e-05 9.89830310953e-09
1.59810054311e-06 1.90493452377e-05 1.02067563889e-08
1.72887580786e-06 1.42684799692e-05 1.05533164255e-08
1.75105486173e-06 9.33331476139e-06 1.09158092036e-08
1.66189623823e-06 4.29800448086e-06 1.12713249432e-08
1.46027954829e-06 -7.82208008482e-07 1.15965515876e-08
1.14672664462e-06 -5.85159741803e-06 1.18681147327e-08
7.23403008818e-07 -1.08545668513e-05 1.20629199049e-08
1.94099316177e-07 -1.57362571712e-05 1.21584930638e-08
-4.35806642008e-07 -2.04431482408e-05 1.21333152173e-08
-1.15940727528e-06 -2.49236454488e-05 1.19671471009e-08
-1.9683411281e-06 -2.91286450936e-05 1.16413399756e-08
-2.85288659713e-06 -3.30120724311e-05 1.11391287542e-08
-3.80207239479e-06 -3.65313864899e-05 1.04459038592e-08
-4.80380353071e-06 -3.96480461255e-05 9.54945845032e-09
-5.84500140479e-06 -4.2327932204e-05 8.44020793621e-09
-6.91175644301e-06 -4.45417212935e-05 7.11137899373e-09
-7.98949156246e-06 -4.62652067676e-05 5.55916565982e-09
-9.06313462534e-06 -4.74795638038e-05 3.78285043193e-09
-1.01172979366e-05 -4.81715553754e-05 1.78488870672e-09
-1.11364627554e-05 -4.83336769798e-05 -4.29044698703e-10
-1.21051667284e-05 -4.79642385199e-05 -2.85004776993e-09
-1.30081921157e-05 -4.70673824429e-05 -5.46602264952e-09
-1.38307526649e-05 -4.56530379383e-05 -8.26174606416e-09
-1.45586769964e-05 -4.37368117002e-05 -1.12189783205e-08
-1.51785863989e-05 -4.13398164524e-05 -1.43166099242e-08
-1.5678064988e-05 -3.84884391156e-05 -1.75308444437e-08
-1.60458202601e-05 -3.52140511616e-05 -2.08354158237e-08
-1.62718321774e-05 -3.15526643281e-05 -2.42018379526e-08
-1.6347489038e-05 -2.75445354697e-05 -2.75996839125e-08
-1.62657085301e-05 -2.32337248764e-05 -3.09968919926e-08
-1.60210425281e-05 -1.86676129027e-05 -3.43600952278e-08
-1.56097643627e-05 -1.38963802043e-05 -3.76549709456e-08
-1.50299374907e-05 -8.97245728101e-06 -4.08466065553e-08
-1.42814646893e-05 -3.94994935975e-06 -4.38998776157e-08
-1.33661171167e-05 1.11595707929e-06 -4.67798340538e-08
-1.22875427967e-05 6.16959962701e-06 -4.94520902948e-08
-1.10512543155e-05 1.11554504859e-05 -5.1883214994e-08
-9.66459574355e-06 1.60187255341e-05 -5.40411160418e-08
-8.13668902858e-06 2.07059852376e-05 -5.58954165389e-08
-6.47836032897e-06 2.51657208229e-05 -5.74178175136e-08
-4.70204698205e-06 2.93489192858e-05 -5.85824432752e-08
-2.82168601539e-06 3.32096010428e-05 -5.93661654624e-08
-8.52585315723e-07 3.67053243318e-05 -5.97489020594e-08
1.18872123624e-06 3.97976508323e-05 -5.9713887901e-08
3.28463317649e-06 4.2452567402e-05 -5.92479134831e-08
5.41665576109e-06 4.46408593065e-05 -5.83415292187e-08
7.56558336295e-06 4.63384308489e-05 -5.69892126433e-08
9.71169203544e-06 4.75265698863e-05 -5.5189496456e-08
1.18349392099e-05 4.81921533317e-05 -5.29450557013e-08
1.39151684092e-05 4.83277913868e-05 -5.02627528243e-08
1.59323167991e-05 4.79319089257e-05 -4.71536397817e-08
1.7866623359e-05 4.70087631341e-05 -4.36329168486e-08
1.96988354419e-05 4.556839721e-05 -3.97198482235e-08
2.14104115025e-05 4.36265306314e-05 -3.54376350001e-08
2.29837178069e-05 4.12043871921e-05 -3.08132465304e-08
2.44022169958e-05 3.83284626889e-05 -2.58772116551e-08
2.56506464541e-05 3.50302348036e-05 -2.06633717124e-08
2.67151845447e-05 3.13458183584e-05 -1.520859765e-08
2.75836028874e-05 2.73155697213e-05 -9.5524739592e-09
2.82454030111e-05 2.2983644695e-05 -3.73695251144e-09
2.86919358686e-05 1.83975147329e-05 2.19402028853e-09
2.89165028838e-05 1.36074467833e-05 8.19489932524e-09
2.89144373981e-05 8.66595246025e-06 1.42189556046e-08
2.86831655847e-05 3.62721257717e-06 2.02187059153e-08
2.82222461225e-05 -1.45351665194e-06 2.61463529682e-08
2.75333881431e-05 -6.52050923647e-06 3.19542315375e-08
2.66204471964e-05 -1.15181802224e-05 3.7595256052e-08
2.54893992154e-05 -1.63916950009e-05 4.30233650532e-08
2.41482926931e-05 -2.10875704363e-05 4.81939579604e-08
2.26071795187e-05 -2.5554261224e-05 5.30643196491e-08
2.08780251478e-05 -2.97427250544e-05 5.75940284685e-08
1.89745990018e-05 -3.36069603876e-05 6.17453434841e-08
1.69123462028e-05 -3.7104510945e-05 6.54835669429e-08
1.4708241952e-05 -4.01969313895e-05 6.8777378209e-08
1.2380630043e-05 -4.28502090879e-05 7.15991357085e-08
9.94904717257e-06 -4.50351373341e-05 7.39251437518e-08
7.43403486452e-06 -4.67276359409e-05 7.5735881464e-08
4.85694095295e-06 -4.79090156846e-05 7.7016191445e-08
2.23971268539e-06 -4.85661837033e-05 7.7755426199e-08
-3.95316405287e-07 -4.86917875954e-05 7.79475508115e-08
-3.02564364372e-06 -4.82842966363e-05 7.75912008064e-08
-5.62881611025e-06 -4.73480192221e-05 7.6689694582e-08
-8.1826490163e-06 -4.58930563439e-05 7.5251000298e-08
-1.06654412841e-05 -4.39351916011e-05 7.32876575584e-08
-1.30561860882e-05 -4.14957189565e-05 7.08166547071e-08
-1.53347741698e-05 -3.86012101145e-05 6.78592630135e-08
-1.74821878127e-05 -3.52832240715e-05 6.44408294737e-08
-1.94806834696e-05 -3.15779620155e-05 6.05905303818e-08
-2.13139611503e-05 -2.75258713536e-05 5.63410882339e-08
-2.29673188213e-05 -2.31712032038e-05 5.17284549035e-08
-2.44277902334e-05 -1.85615281948e-05 4.6791464377e-08
-2.56842647651e-05 -1.37472158779e-05 4.1571458648e-08
-2.67275880648e-05 -8.78088345093e-06 3.61118906448e-08
-2.75506424814e-05 -3.71681983157e-06 3.04579082963e-08
-2.81484064866e-05 1.38960861139e-06 2.46559240288e-08
-2.85179925177e-05 6.48256416136e-06 1.87531741325e-08
-2.86586629009e-05 1.15063490528e-05 1.27972725264e-08
-2.8571823747e-05 1.64060152701e-05 6.83576350057e-09
-2.82609969475e-05 2.11279661678e-05 9.15678011558e-10
-2.7731770633e-05 2.56205433212e-05 -4.91690194475e-09
-2.69917286809e-05 2.98345921812e-05 -1.06172664566e-08
-2.60503600861e-05 3.37240003354e-05 -1.61424840365e-08
-2.4918949219e-05 3.72462024803e-05 -2.14517870891e-08
-2.36104481961e-05 4.03626465732e-05 -2.65069326532e-08
-2.21393327804e-05 4.30392160573e-05 -3.12725348383e-08
-2.05214433961e-05 4.52466035337e-05 -3.571636569e-08
-1.8773813002e-05 4.69606317888e-05 -3.98096215648e-08
-1.69144837022e-05 4.81625186577e-05 -4.35271524715e-08
-1.49623140877e-05 4.88390828243e-05 -4.68476522413e-08
-1.29367793974e-05 4.89828883005e-05 -4.97538078126e-08
-1.08577666576e-05 4.85923260039e-05 -5.223240636e-08
-8.74536700668e-06 4.76716315381e-05 -5.42743994501e-08
-6.61966743508e-06 4.623083898e-05 -5.58749238711e-08
-4.50054416955e-06 4.42856711813e-05 -5.70332792466e-08
-2.40745990685e-06 4.18573677825e-05 -5.77528630045e-08
-3.59267051974e-07 3.89724528247e-05 -5.80410637294e-08
1.62598095539e-06 3.56624445027e-05 -5.79091143645e-08
3.5312082374e-06 3.1963510238e-05 -5.73719071569e-08
5.34048312483e-06 2.79160708496e-05 -5.644777264e-08
7.0391711177e-06 2.35643581569e-05 -5.5158225323e-08
8.61407257812e-06 1.89559308596e-05 -5.35276791047e-08
1.00535437457e-05 1.41411539974e-05 -5.15831357377e-08
1.13475998522e-05 9.17264768971e-06 -4.93538499462e-08
1.24879993133e-05 4.10471119224e-06 -4.68709750332e-08
1.3468308183e-05 -1.00727142047e-06 -4.41671930023e-08
1.42839442795e-05 -6.10743743911e-06 -4.12763333708e-08
1.49322006108e-05 -1.11400569308e-05 -3.82329849447e-08
1.54122479625e-05 -1.60501426813e-05 -3.5072104885e-08
1.57251167359e-05 -2.07840519889e-05 -3.18286293956e-08
1.5873658353e-05 -2.52900737191e-05 -2.85370903238e-08
1.58624867711e-05 -2.95189941911e-05 -2.52312418734e-08
1.56979008658e-05 -3.34246356991e-05 -2.19437014945e-08
1.53877886488e-05 -3.69643617712e-05 -1.87056088368e-08
1.4941514488e-05 -4.00995436333e-05 -1.55463064267e-08
1.43697906774e-05 -4.27959827699e-05 -1.24930454719e-08
1.36845348786e-05 -4.50242849548e-05 -9.57071989319e-09
1.28987151014e-05 -4.67601816577e-05 -6.8016313536e-09
1.20261840304e-05 -4.79847953065e-05 -4.20528769404e-09
1.10815046136e-05 -4.8684845503e-05 -1.79823679362e-09
1.00797689214e-05 -4.8852793935e-05 4.06062532951e-10
9.03641235409e-06 -4.84869263991e-05 2.39733141582e-09
7.96702532148e-06 -4.75913710384e-05 4.16852284036e-09
6.88716454073e-06 -4.61760525984e-05 5.71583428434e-09
5.81216609654e-06 -4.4256583203e-05 7.03868122572e-09
4.75696238283e-06 -4.18540908502e-05 8.13963210899e-09
3.73590499606e-06 -3.89949875088e-05 9.02430579429e-09
2.76259557836e-06 -3.57106793581e-05 9.70123293746e-09
1.84972651461e-06 -3.20372223471e-05 1.01816831555e-08
1.00893327266e-06 -2.80149268485e-05 1.04794602167e-08
2.50660040863e-07 -2.36879157404e-05 1.06106678535e-08
-4.15959835988e-07 -1.91036407587e-05 1.05934491248e-08
