-0.0
-1.80213405769e-05
-6.56707106727e-05
-0.00013213330849
-0.000209933824965
-0.000293797035214
-0.000379905000696
-0.000465414092386
-0.000548142123224
-0.000626366741045
-0.000698696467195
-0.000763989032997
-0.000821300366604
-0.000869853289827
-0.00090901872993
-0.000938304710906
-0.000957350005744
-0.000965920395927
-0.000963906187311
-0.00095132009722
-0.000928294937853
-0.00089508072937
-0.000852041017313
-0.000799648266313
-0.000738478270137
-0.000669203567018
-0.000592585884984
-0.000509467668935
-0.000420762761952
-0.000327446329646
-0.000230544129232
-0.000131121235219
-3.02703415486e-05
7.09002340684e-05
0.000171278713733
0.000269762058593
0.00036526807071
0.000456747265348
0.000543194383865
0.000623659421193
0.000697258047175
0.000763181307586
0.000820704498593
0.000869195117368
0.000908119801765
0.000937050182971
0.000955667586999
0.000963766533473
0.000961256993353
0.00094816538083
0.000924634268516
0.000890920829012
0.000847394019933
0.000794530543211
0.000732909622941
0.000663206658979
0.000586185825844
0.000502691697994
0.000413639993257
0.000320007535844
0.000222821548935
0.000123148394159
2.20818813935e-05
-7.92687230416e-05
-0.00017979085834
-0.000278380868052
-0.000373956102117
-0.000465466789435
-0.000551907550871
-0.000632328426488
-0.000705845296147
-0.000771649579244
-0.000829017107258
-0.000877316071842
-0.000916013961309
-0.000944683409462
-0.000963006892615
-0.000970780223288
-0.000967914802228
-0.000954438604023
-0.000930495885433
-0.000896345619591
-0.000852358673145
-0.000799013757214
-0.000736892196465
-0.000666671573548
-0.000589118318474
-0.00050507932407
-0.000415472679312
-0.000321277622024
-0.00022352382096
-0.000123280104664
-2.164276054e-05
8.02764676987e-05
0.000181362552746
0.000280509393241
0.000376631926396
0.00046867801103
0.000555639950828
0.000636565531603
0.000710568451649
0.000776838030907
0.000834648092576
0.000883364919876
0.00092245420076
0.000951486884501
0.000970143885963
0.000978219586007
0.000975624089656
0.000962384217257
0.000938643217753
0.000904659207175
0.000860802349424
0.000807550810199
0.000745485528353
0.000675283861922
0.000597712178389
0.000513617470327
0.000423918088213
0.000329593691904
0.000231674530808
0.000131230170136
2.93577866917e-05
-7.2829837616e-05
-0.000174216493076
-0.00027369475692
-0.00037017811176
-0.000462612835001
-0.000549989529033
-0.000631354165942
-0.000705818525789
-0.000772569914155
-0.000830880052553
-0.000880113044347
-0.000919732328972
-0.000949306548316
-0.000968514261031
-0.000977147453191
-0.000975113806876
-0.000962437701853
-0.000939259939462
-0.00090583619172
-0.000862534192719
-0.000809829703084
-0.000748301291757
-0.000678623992287
-0.000601561903167
-0.000517959813284
-0.000428733944267
-0.000334861911166
-0.000237372011443
-0.000137331959652
-3.58371912071e-05
6.60011366096e-05
0.000167068314959
0.000266258291743
0.000362485784165
0.00045469816285
0.000541886977378
0.00062309899695
0.000697446645296
0.000764117715502
0.000822384258392
0.000871610547101
0.000911260030644
0.000940901200335
0.000960212304846
0.000968984862287
0.000967125930905
0.000954659113561
0.000931724285057
0.000898576045353
0.000855580915685
0.000803213308366
0.00074205031449
0.000672765366705
0.000596120846564
0.000512959717483
0.000424196275076
0.000330806116237
0.000233815436944
0.0001342897761
3.33223287838e-05
-6.79780429871e-05
-0.000168498970576
-0.000267136776849
-0.000362808578402
-0.000454464159269
-0.000541097485958
-0.000621757737641
-0.000695559730597
-0.000761693622673
-0.000819433791411
-0.00086814678855
-0.000907298283726
-0.00093645892129
-0.000955309026058
-0.000963642106419
-0.000961367116445
-0.000948509452188
-0.000925210671285
-0.000891726938923
-0.000848426217231
-0.000795784228893
-0.000734379239231
-0.000664885713962
-0.000588066922132
-0.000504766565304
-0.00041589952477
-0.000322441828164
-0.000225419945491
-0.000125899531851
-2.49737402732e-05
7.62487672533e-05
0.000176655979151
0.000275144730739
0.000370632804161
0.000462070799115
0.000548453644278
0.00062883162324
0.000702320794076
0.000768112688351
0.000825483183211
0.000873800449313
0.000912531887436
0.000941249977727
0.000959636977425
0.00096748841554
0.000964715346138
0.000951345335491
0.000927522172221
0.000893504303552
0.000849662014775
0.000796473382751
0.000734519047769
0.00066447586098
0.000587109476973
0.000503265972615
0.000413862583953
0.000319877662628
0.000222339961826
0.000122317369121
2.09052096473e-05
-8.07857522696e-05
-0.000181641481564
-0.000280556877661
-0.000376447882752
-0.000468263360467
-0.000554996614771
-0.000635696422896
-0.000709477461383
-0.000775530011019
-0.000833128834286
-0.000881641128055
-0.000920533464353
-0.000949377643123
-0.000967855392824
-0.000975761867327
-0.000973007900742
-0.000959620995446
-0.000935745032415
-0.000901638706999
-0.000857672707222
-0.000804325665465
-0.000742178927819
-0.000671910198386
-0.000594286128075
-0.000510153929038
-0.000420432106576
-0.000326100409971
-0.000228189112306
-0.000127767736645
-2.59333520483e-05
7.62014324211e-05
0.000177520644211
0.000276917160963
0.000373304827612
0.000465630344198
0.000552884794185
0.000634114687061
0.000708432394246
0.000775025864054
0.000833167509276
0.000882222170083
0.000921654065019
0.000951032653981
0.000970037348961
0.000978461020981
0.000976212264815
0.000963316396707
0.000939915174166
0.000906265240919
0.000862735314081
0.000809802144341
0.000748045293447
0.000678140786186
0.000600853706415
0.000517029818246
0.000427586304164
0.000333501721538
0.000235805287542
0.000135565609849
3.38789865414e-05
-6.81425966131e-05
-0.000169383640046
-0.000268737342101
-0.00036511771482
-0.000457471471109
-0.000544789553089
-0.000626118175383
-0.000700569262394
-0.000767330165277
-0.000825672552203
-0.000874960374562
-0.000914656821899
-0.000944330189424
-0.000963658593889
-0.000972433486205
-0.000970561922401
-0.000958067568075
-0.000935090425414
-0.000901885285826
-0.000858818925189
-0.000806366072519
-0.00074510419626
-0.000675707165398
-0.000598937854873
-0.000515639776378
-0.000426727826281
-0.000333178252068
-0.000236017947305
-0.000136313192422
-3.51579647238e-05
6.63380542651e-05
0.000167061642693
0.000265908240225
0.00036179405412
0.000453667936896
0.000540522905424
0.000621407175247
0.00069543458921
0.000761794326154
0.000819759783295
0.000868696534975
0.000908069280611
0.000937447705714
0.000956511191792
0.000965052323551
0.000962979154997
0.000950316209628
0.000927204203812
0.000893898496385
0.000850766281526
0.000798282555679
0.000737024902771
0.000667667154897
0.000590971997978
0.00050778260346
0.000419013377791
0.00032563993107
0.000228688374853
0.000129224066408
2.83399228046e-05
-7.2855567063e-05
-0.000173250501129
-0.0002717417602
-0.000367247107717
-0.000458717060605
-0.000545146401086
-0.000625585203286
-0.000699149253746
-0.00076502975164
-0.000822502182343
-0.000870934267085
-0.000909792901554
-0.000938650007352
-0.00095718723218
-0.000965199447184
-0.000962597003125
-0.000949406720598
-0.000925771603442
-0.000891949278414
-0.000848309178235
-0.00079532849881
-0.000733586974925
-0.00066376053162
-0.000586613880797
-0.000502992144163
-0.000413811594279
-0.000320049615162
-0.000222733992435
-0.000122931650374
-2.17369592523e-05
7.97402588841e-05
0.000180386894588
0.000279098752233
0.000374792654372
0.000466418316602
0.000552969862784
0.00063349685442
0.000707114713326
0.000773014423346
0.000830471404774
0.00087885346422
0.00091762773275
0.000946366516255
0.00096475199388
0.000972579712987
0.000969760842317
0.000956323158585
0.00093241075566
0.00089828247945
0.000854309105577
0.00080096929071
0.00073884434186
0.00066861186087
0.000591038333691
0.000506970745574
0.000417327313986
0.000323087440727
0.000225280993289
0.000124977032825
2.32721122018e-05
-7.87217277275e-05
-0.000179889132142
-0.000279123643229
-0.000375339814379
-0.00046748509489
-0.000554551355024
-0.000635585925166
-0.000709702028157
-0.000776088490535
-0.000834018626305
-0.00088285819591
-0.000922072353225
-0.000951231504465
-0.00097001601482
-0.000978219711248
-0.000975752143044
-0.00096263957542
-0.000939024705181
-0.000905165101613
-0.000861430389639
-0.000808298206073
-0.000746348973274
-0.000676259547407
-0.000598795810876
-0.000514804290066
-0.000425202890165
-0.00033097084857
-0.000233138016872
-0.00013277358882
-3.09743977177e-05
7.11470885958e-05
0.000172474943699
0.00027190199612
0.000368341946701
0.00046074125708
0.000548090679102
0.000629436298902
0.000703889974702
0.000770639054045
0.000828955264032
0.000878202677246
0.000917844666125
0.000947449769641
0.000966696408095
0.00097537639438
0.000973397203341
0.000960782974374
0.000937674236368
0.000904326358014
0.000861106740532
0.00080849078359
0.000747056668669
0.000677479017052
0.000600521491956
0.000517028425889
0.000427915564992
0.00033416003178
