0.0 0.0
0.0180213405769 9.37584377717e-09
0.0656707106727 5.28769098928e-08
0.13213330849 1.55516100886e-07
0.209933824965 3.32533728636e-07
0.293797035214 5.92213682005e-07
0.379905000696 9.37750452567e-07
0.465414092386 1.36850046102e-06
0.548142123224 1.88083594893e-06
0.626366741045 2.46874412839e-06
0.698696467195 3.12426467689e-06
0.763989032997 3.83782608627e-06
0.821300366604 4.59851996315e-06
0.869853289827 5.39433829365e-06
0.90901872993 6.21238940983e-06
0.938304710906 7.03910228056e-06
0.957350005744 7.86042471354e-06
0.965920395927 8.66201839079e-06
0.963906187311 9.42945190212e-06
0.95132009722 1.01483917866e-05
0.928294937853 1.08047908406e-05
0.89508072937 1.13850724742e-05
0.852041017313 1.1876309605e-05
0.799648266313 1.22663964199e-05
0.738478270137 1.25442112684e-05
0.669203567018 1.26997689512e-05
0.592585884984 1.27243607224e-05
0.509467668935 1.2610680416e-05
0.420762761952 1.23529352331e-05
0.327446329646 1.19469398748e-05
0.230544129232 1.13901928788e-05
0.131121235219 1.06819342063e-05
0.0302703415486 9.82318332523e-06
-0.0709002340684 8.81675725137e-06
-0.171278713733 7.66726822634e-06
-0.269762058593 6.38110093729e-06
-0.36526807071 4.96636940972e-06
-0.456747265348 3.43285393058e-06
-0.543194383865 1.79191858226e-06
-0.623659421193 5.64101846447e-08
-0.697258047175 -1.75946034812e-06
-0.763181307586 -3.64025303144e-06
-0.820704498593 -5.56944882409e-06
-0.869195117368 -7.52961307062e-06
-0.908119801765 -9.50257065691e-06
-0.937050182971 -1.14695910278e-05
-0.955667586999 -1.34115810999e-05
-0.963766533473 -1.53092840083e-05
-0.961256993353 -1.71434815544e-05
-0.94816538083 -1.88951981724e-05
-0.924634268516 -2.05459042074e-05
-0.890920829012 -2.20777162972e-05
-0.847394019933 -2.34735926724e-05
-0.794530543211 -2.4717521237e-05
-0.732909622941 -2.57946983621e-05
-0.663206658979 -2.66916964172e-05
-0.586185825844 -2.73966181806e-05
-0.502691697994 -2.78992364036e-05
-0.413639993257 -2.81911169587e-05
-0.320007535844 -2.82657241733e-05
-0.222821548935 -2.8118507138e-05
-0.123148394159 -2.77469659791e-05
-0.0220818813935 -2.71506972964e-05
0.0792687230416 -2.63314181909e-05
0.17979085834 -2.52929685308e-05
0.278380868052 -2.40412913414e-05
0.373956102117 -2.25843914336e-05
0.465466789435 -2.09322726211e-05
0.551907550871 -1.90968541061e-05
0.632328426488 -1.70918668351e-05
0.705845296147 -1.49327308437e-05
0.771649579244 -1.26364148128e-05
0.829017107258 -1.02212792517e-05
0.877316071842 -7.70690489778e-06
0.916013961309 -5.11390808697e-06
0.944683409462 -2.46374498517e-06
0.963006892615 2.21493303191e-07
0.970780223288 2.91929263671e-06
0.967914802228 5.60693255753e-06
0.954438604023 8.26170558626e-06
0.930495885433 1.08611368171e-05
0.896345619591 1.33832015335e-05
0.852358673145 1.58065385848e-05
0.799013757214 1.81106573054e-05
0.736892196465 2.02761358286e-05
0.666671573548 2.22848087336e-05
0.589118318474 2.41199420798e-05
0.50507932407 2.57663940134e-05
0.415472679312 2.72107592847e-05
0.321277622024 2.84414961849e-05
0.22352382096 2.94490345981e-05
0.123280104664 3.02258640619e-05
0.02164276054 3.07666009461e-05
-0.0802764676987 3.10680340765e-05
-0.181362552746 3.1129148361e-05
-0.280509393241 3.09511262101e-05
-0.376631926396 3.05373267746e-05
-0.46867801103 2.98932432638e-05
-0.555639950828 2.90264388335e-05
-0.636565531603 2.79464617649e-05
-0.710568451649 2.66647408689e-05
-0.776838030907 2.51944622622e-05
-0.834648092576 2.35504288545e-05
-0.883364919876 2.17489040695e-05
-0.92245420076 1.98074414832e-05
-0.951486884501 1.77447022128e-05
-0.970143885963 1.55802620138e-05
-0.978219586007 1.33344101456e-05
-0.975624089656 1.10279421533e-05
-0.962384217257 8.68194876763e-06
-0.938643217753 6.31760316286e-06
-0.904659207175 3.95594882384e-06
-0.860802349424 1.61769025837e-06
-0.807550810199 -6.77011244534e-07
-0.745485528353 -2.9087346716e-06
-0.675283861922 -5.05898710274e-06
-0.597712178389 -7.1103803401e-06
-0.513617470327 -9.04679452665e-06
-0.423918088213 -1.08535270791e-05
-0.329593691904 -1.25174254239e-05
-0.231674530808 -1.4027002205e-05
-0.131230170136 -1.53725318278e-05
-0.0293577866917 -1.65461274076e-05
0.072829837616 -1.75417974094e-05
0.174216493076 -1.83554814868e-05
0.27369475692 -1.8985065258e-05
0.37017811176 -1.94303739837e-05
0.462612835001 -1.96931453465e-05
0.549989529033 -1.97769817547e-05
0.631354165942 -1.96872828177e-05
0.705818525789 -1.94311588537e-05
0.772569914155 -1.90173264971e-05
0.830880052553 -1.84559876619e-05
0.880113044347 -1.77586932986e-05
0.919732328972 -1.69381935429e-05
0.949306548316 -1.60082759982e-05
0.968514261031 -1.4983594019e-05
0.977147453191 -1.38794869651e-05
0.975113806876 -1.2711794478e-05
0.962437701853 -1.14966668921e-05
0.939259939462 -1.0250373924e-05
0.90583619172 -8.98911379967e-06
0.862534192719 -7.72882496316e-06
0.809829703084 -6.48500247627e-06
0.748301291757 -5.27252115898e-06
0.678623992287 -4.1054674377e-06
0.601561903167 -2.99698176536e-06
0.517959813284 -1.95911335279e-06
0.428733944267 -1.00268880763e-06
0.334861911166 -1.37196116132e-07
0.237372011443 6.29314773365e-07
0.137331959652 1.29031369677e-06
0.0358371912071 1.84085348375e-06
-0.0660011366096 2.27761397501e-06
-0.167068314959 2.59892641039e-06
-0.266258291743 2.80477797336e-06
-0.362485784165 2.89679650288e-06
-0.45469816285 2.8782156078e-06
-0.541886977378 2.75382064095e-06
-0.62309899695 2.52987620643e-06
-0.697446645296 2.21403608202e-06
-0.764117715502 1.81523663754e-06
-0.822384258392 1.34357501616e-06
-0.871610547101 8.10173517663e-07
-0.911260030644 2.27031778612e-07
-0.940901200335 -3.93131517926e-07
-0.960212304846 -1.03704555195e-06
-0.968984862287 -1.6910609467e-06
-0.967125930905 -2.34132799505e-06
-0.954659113561 -2.97397745466e-06
-0.931724285057 -3.57530180483e-06
-0.898576045353 -4.13193485178e-06
-0.855580915685 -4.63102758692e-06
-0.803213308366 -5.06041824365e-06
-0.74205031449 -5.40879456252e-06
-0.672765366705 -5.66584636116e-06
-0.596120846564 -5.82240661339e-06
-0.512959717483 -5.87057936994e-06
-0.424196275076 -5.80385300045e-06
-0.330806116237 -5.61719740038e-06
-0.233815436944 -5.30714398599e-06
-0.1342897761 -4.8718474935e-06
-0.0333223287838 -4.31112880271e-06
0.0679780429871 -3.62649821835e-06
0.168498970576 -2.82115886219e-06
0.267136776849 -1.89999005315e-06
0.362808578402 -8.69510777885e-07
0.454464159269 2.62176420509e-07
0.541097485958 1.48546058641e-06
0.621757737641 2.78931576329e-06
0.695559730597 4.16141170025e-06
0.761693622673 5.58824068331e-06
0.819433791411 7.05525913691e-06
0.86814678855 8.54704247082e-06
0.907298283726 1.00474514945e-05
0.93645892129 1.15398085858e-05
0.955309026058 1.30070816857e-05
0.963642106419 1.44320740966e-05
0.961367116445 1.57976179902e-05
0.948509452188 1.70867694806e-05
0.925210671285 1.82830030963e-05
0.891726938923 1.9370403478e-05
0.848426217231 2.0333852158e-05
0.795784228893 2.11592073176e-05
0.734379239231 2.1833474492e-05
0.664885713962 2.23449662834e-05
0.588066922132 2.2683449255e-05
0.504766565304 2.28402763157e-05
0.41589952477 2.28085030551e-05
0.322441828164 2.25829866598e-05
0.225419945491 2.21604662285e-05
0.125899531851 2.15396235006e-05
0.0249737402732 2.07211232237e-05
-0.0762487672533 1.97076326049e-05
-0.176655979151 1.85038195174e-05
-0.275144730739 1.71163293607e-05
-0.370632804161 1.55537407077e-05
-0.462070799115 1.38265001001e-05
-0.548453644278 1.19468365819e-05
-0.62883162324 9.92865678079e-06
-0.702320794076 7.78742156166e-06
-0.768112688351 5.5400054771e-06
-0.825483183211 3.20454042979e-06
-0.873800449313 8.00245136135e-07
-0.912531887436 -1.65275786239e-06
-0.941249977727 -4.13363575462e-06
-0.959636977425 -6.62104757769e-06
-0.96748841554 -9.09335279612e-06
-0.964715346138 -1.15288241658e-05
-0.951345335491 -1.39058626554e-05
-0.927522172221 -1.62032121701e-05
-0.893504303552 -1.84001718198e-05
-0.849662014775 -2.0476803495e-05
-0.796473382751 -2.24141325581e-05
-0.734519047769 -2.41943395284e-05
-0.66447586098 -2.58009407303e-05
-0.587109476973 -2.72189559869e-05
-0.503265972615 -2.84350615773e-05
-0.413862583953 -2.94377268305e-05
-0.319877662628 -3.02173328967e-05
-0.222339961826 -3.07662724289e-05
-0.122317369121 -3.10790291052e-05
-0.0209052096473 -3.11522361362e-05
0.0807857522696 -3.09847131246e-05
0.181641481564 -3.0577480871e-05
0.280556877661 -2.99337539561e-05
0.376447882752 -2.90589111621e-05
0.468263360467 -2.79604440318e-05
0.554996614771 -2.66478840968e-05
0.635696422896 -2.51327095292e-05
0.709477461383 -2.34282321912e-05
0.775530011019 -2.15494662646e-05
0.833128834286 -1.95129798333e-05
0.881641128055 -1.73367309771e-05
0.920533464353 -1.50398900932e-05
0.949377643123 -1.26426503101e-05
0.967855392824 -1.01660279801e-05
0.975761867327 -7.6316553422e-06
0.973007900742 -5.06156752728e-06
0.959620995446 -2.47798613292e-06
0.935745032415 9.68983683664e-08
0.901638706999 2.64114311725e-06
0.857672707222 5.13326599567e-06
0.804325665465 7.55245317878e-06
0.742178927819 9.87875895764e-06
0.671910198386 1.20932957661e-05
0.594286128075 1.41784124535e-05
0.510153929038 1.61178589752e-05
0.420432106576 1.78969358199e-05
0.326100409971 1.95026266618e-05
0.228189112306 2.09237129069e-05
0.127767736645 2.21508690003e-05
0.0259333520483 2.31767375693e-05
-0.0762014324211 2.39959836969e-05
-0.177520644211 2.46053278437e-05
-0.276917160963 2.50035571696e-05
-0.373304827612 2.51915152358e-05
-0.465630344198 2.51720703034e-05
-0.552884794185 2.49500626707e-05
-0.634114687061 2.45322317204e-05
-0.708432394246 2.39271235594e-05
-0.775025864054 2.31449803435e-05
-0.833167509276 2.21976125738e-05
-0.882222170083 2.10982558289e-05
-0.921654065019 1.98614135619e-05
-0.951032653981 1.85026877387e-05
-0.970037348961 1.70385992141e-05
-0.978461020981 1.54863998543e-05
-0.976212264815 1.38638784895e-05
-0.963316396707 1.21891628468e-05
-0.939915174166 1.04805196433e-05
-0.906265240919 8.75615503618e-06
-0.862735314081 7.03401761217e-06
-0.809802144341 5.33160606241e-06
-0.748045293447 3.66578363112e-06
-0.678140786186 2.05260134273e-06
-0.600853706415 5.07131908722e-07
-0.517029818246 -9.5668390929e-07
-0.427586304164 -2.32617684796e-06
-0.333501721538 -3.59007313114e-06
-0.235805287542 -4.7386016062e-06
-0.135565609849 -5.76358292568e-06
-0.0338789865414 -6.65849987577e-06
0.0681425966131 -7.41854816526e-06
0.169383640046 -8.04066720888e-06
0.268737342101 -8.5235506632e-06
0.36511771482 -8.86763669995e-06
0.457471471109 -9.07507822837e-06
0.544789553089 -9.1496935016e-06
0.626118175383 -9.09689776083e-06
0.700569262394 -8.92361678141e-06
0.767330165277 -8.63818338641e-06
0.825672552203 -8.25021818128e-06
0.874960374562 -7.77049593802e-06
0.914656821899 -7.21079921525e-06
0.944330189424 -6.58376094107e-06
0.963658593889 -5.90269780612e-06
0.972433486205 -5.18143641476e-06
0.970561922401 -4.43413422009e-06
0.958067568075 -3.67509732422e-06
0.935090425414 -2.91859725733e-06
0.901885285826 -2.17868885743e-06
0.858818925189 -1.46903135772e-06
0.806366072519 -8.02714749308e-07
0.74510419626 -1.92093425407e-07
0.675707165398 3.51370971399e-07
0.598937854873 8.17255683072e-07
0.515639776378 1.19631026156e-06
0.426727826281 1.48057574114e-06
0.333178252068 1.66348817549e-06
0.236017947305 1.7399653348e-06
0.136313192422 1.70647554998e-06
0.0351579647238 1.56108789326e-06
-0.0663380542651 1.30350309645e-06
-0.167061642693 9.35064826716e-07
-0.265908240225 4.58751162497e-07
-0.36179405412 -1.20853662916e-07
-0.453667936896 -7.97606958643e-07
-0.540522905424 -1.56387420169e-06
-0.621407175247 -2.41061386261e-06
-0.69543458921 -3.32747949596e-06
-0.761794326154 -4.30293796275e-06
-0.819759783295 -5.32440246775e-06
-0.868696534975 -6.3783789239e-06
-0.908069280611 -7.45062400273e-06
-0.937447705714 -8.5263130939e-06
-0.956511191792 -9.59021628099e-06
-0.965052323551 -1.0626880346e-05
-0.962979154997 -1.16208147419e-05
-0.950316209628 -1.2556679422e-05
-0.927204203812 -1.34194723903e-05
-0.893898496385 -1.41947148306e-05
-0.850766281526 -1.48686316977e-05
-0.798282555679 -1.54283256935e-05
-0.737024902771 -1.5861942624e-05
-0.667667154897 -1.61588262188e-05
-0.590971997978 -1.63096606077e-05
-0.50778260346 -1.6306598784e-05
-0.419013377791 -1.61433755291e-05
-0.32563993107 -1.58154034454e-05
-0.228688374853 -1.53198509267e-05
-0.129224066408 -1.465570109e-05
-0.0283399228046 -1.3823790903e-05
0.072855567063 -1.28268299567e-05
0.173250501129 -1.16693985561e-05
0.2717417602 -1.03579250295e-05
0.367247107717 -8.90064238607e-06
0.458717060605 -7.30752467878e-06
0.545146401086 -5.59020365551e-06
0.625585203286 -3.76186649872e-06
0.699149253746 -1.83713566556e-06
0.76502975164 1.68067960259e-07
0.822502182343 2.23667720637e-06
0.870934267085 4.35064446879e-06
0.909792901554 6.49111956202e-06
0.938650007352 8.63863769919e-06
0.95718723218 1.07733156226e-05
0.965199447184 1.28750538095e-05
0.962597003125 1.49237426042e-05
0.949406720598 1.68994700791e-05
0.925771603442 1.87827294005e-05
0.891949278414 2.05546234722e-05
0.848309178235 2.21970646547e-05
0.79532849881 2.36929674014e-05
0.733586974925 2.5026431725e-05
0.66376053162 2.61829154994e-05
0.586613880797 2.7149393716e-05
0.502992144163 2.79145029493e-05
0.413811594279 2.84686694399e-05
0.320049615162 2.88042193762e-05
0.222733992435 2.8915470141e-05
0.122931650374 2.87988014914e-05
0.0217369592523 2.84527058536e-05
-0.0797402588841 2.78778171328e-05
-0.180386894588 2.70769176697e-05
-0.279098752233 2.60549232059e-05
-0.374792654372 2.48188459542e-05
-0.466418316602 2.33777361059e-05
-0.552969862784 2.17426023332e-05
-0.63349685442 1.99263120748e-05
-0.707114713326 1.79434726023e-05
-0.773014423346 1.58102940774e-05
-0.830471404774 1.35444359975e-05
-0.87885346422 1.11648386078e-05
-0.91762773275 8.69154101854e-06
-0.946366516255 6.14548790874e-06
-0.96475199388 3.54832681917e-06
-0.972579712987 9.22198140054e-07
-0.969760842317 -1.7104800245e-06
-0.956323158585 -4.32722987699e-06
-0.93241075566 -6.90573256328e-06
-0.89828247945 -9.42404515022e-06
-0.854309105577 -1.18608136862e-05
-0.80096929071 -1.4195480129e-05
-0.73884434186 -1.64084809912e-05
-0.66861186087 -1.84814356411e-05
-0.591038333691 -2.039732231e-05
-0.506970745574 -2.21406399858e-05
-0.417327313986 -2.36975545274e-05
-0.323087440727 -2.50560274993e-05
-0.225280993289 -2.6205926415e-05
-0.124977032825 -2.71391152731e-05
-0.0232721122018 -2.7849524484e-05
0.0787217277275 -2.83331995022e-05
0.179889132142 -2.85883277093e-05
0.279123643229 -2.86152433239e-05
0.375339814379 -2.84164103472e-05
0.46748509489 -2.79963837903e-05
0.554551355024 -2.7361749657e-05
0.635585925166 -2.65210443835e-05
0.709702028157 -2.54846546525e-05
0.776088490535 -2.42646987075e-05
0.834018626305 -2.28748904883e-05
0.88285819591 -2.13303880883e-05
0.922072353225 -1.96476281991e-05
0.951231504465 -1.78441483521e-05
0.97001601482 -1.5938398895e-05
0.978219711248 -1.39495467426e-05
0.975752143044 -1.18972730275e-05
0.96263957542 -9.80156683212e-06
0.939024705181 -7.68251722088e-06
0.905165101613 -5.56010580231e-06
0.861430389639 -3.4540020382e-06
0.808298206073 -1.38336347941e-06
0.746348973274 6.3335695171e-07
0.676259547407 2.5785945964e-06
0.598795810876 4.43584568112e-06
0.514804290066 6.18982712127e-06
0.425202890165 7.82662184791e-06
0.33097084857 9.33380816189e-06
0.233138016872 1.07005717989e-05
0.13277358882 1.19177995827e-05
0.0309743977177 1.29781537481e-05
-0.0711470885958 1.38761262313e-05
-0.172474943699 1.46080724451e-05
-0.27190199612 1.51722242867e-05
-0.368341946701 1.55686823492e-05
-0.46074125708 1.57993875444e-05
-0.548090679102 1.5868072562e-05
-0.629436298902 1.57801938185e-05
-0.703889974702 1.55428447573e-05
-0.770639054045 1.51646515684e-05
-0.828955264032 1.46556525827e-05
-0.878202677246 1.4027162778e-05
-0.917844666125 1.329162499e-05
-0.947449769641 1.24624495659e-05
-0.966696408095 1.1553844322e-05
-0.97537639438 1.05806367675e-05
-0.973397203341 9.55809063776e-06
-0.960782974374 8.50171883778e-06
-0.937674236368 7.4270949311e-06
-0.904326358014 6.34966531864e-06
-0.861106740532 5.28456423969e-06
-0.80849078359 4.24643368945e-06
-0.747056668669 3.24925028721e-06
-0.677479017052 2.30616104649e-06
-0.600521491956 1.42932989363e-06
-0.517028425889 6.2979665676e-07
-0.427915564992 -8.26498975628e-08
-0.33416003178 -6.99583563513e-07
