-0.0
-0.0
-0.0
-0.0
-0.0
-0.0
-0.0
-0.0
-0.0
-0.0
-0.00520833333333
-0.015625
-0.0260416666667
-0.0364583333333
-0.046875
-0.0572916666667
-0.0677083333333
-0.078125
-0.0885416666667
-0.0989583333333
-0.109375
-0.119791666667
-0.130208333333
-0.140625
-0.151041666667
-0.161458333333
-0.171875
-0.182291666667
-0.192708333333
-0.203125
-0.213541666667
-0.223958333333
-0.234375
-0.244791666667
-0.255208333333
-0.265625
-0.276041666667
-0.286458333333
-0.296875
-0.307291666667
-0.317708333333
-0.328125
-0.338541666667
-0.348958333333
-0.359375
-0.369791666667
-0.380208333333
-0.390625
-0.401041666667
-0.411458333333
-0.421875
-0.432291666667
-0.442708333333
-0.453125
-0.463541666667
-0.473958333333
-0.484375
-0.494791666667
-0.505208333333
-0.515625
-0.526041666667
-0.536458333333
-0.546875
-0.557291666667
-0.567708333333
-0.578125
-0.588541666667
-0.598958333333
-0.609375
-0.619791666667
-0.630208333333
-0.640625
-0.651041666667
-0.661458333333
-0.671875
-0.682291666667
-0.692708333333
-0.703125
-0.713541666667
-0.723958333333
-0.734375
-0.744791666667
-0.755208333333
-0.765625
-0.776041666667
-0.786458333333
-0.796875
-0.807291666667
-0.817708333333
-0.828125
-0.838541666667
-0.848958333333
-0.859375
-0.869791666667
-0.880208333333
-0.890625
-0.901041666667
-0.911458333333
-0.921875
-0.932291666667
-0.942708333333
-0.953125
-0.963541666667
-0.973958333333
-0.984375
-0.994791666667
-1.00520833333
-1.015625
-1.02604166667
-1.03645833333
-1.046875
-1.05729166667
-1.06770833333
-1.078125
-1.08854166667
-1.09895833333
-1.109375
-1.11979166667
-1.13020833333
-1.140625
-1.15104166667
-1.16145833333
-1.171875
-1.18229166667
-1.19270833333
-1.203125
-1.21354166667
-1.22395833333
-1.234375
-1.24479166667
-1.25520833333
-1.265625
-1.27604166667
-1.28645833333
-1.296875
-1.30729166667
-1.31770833333
-1.328125
-1.33854166667
-1.34895833333
-1.359375
-1.36979166667
-1.38020833333
-1.390625
-1.40104166667
-1.41145833333
-1.421875
-1.43229166667
-1.44270833333
-1.453125
-1.46354166667
-1.47395833333
-1.484375
-1.49479166667
-1.50520833333
-1.515625
-1.52604166667
-1.53645833333
-1.546875
-1.55729166667
-1.56770833333
-1.578125
-1.58854166667
-1.59895833333
-1.609375
-1.61979166667
-1.63020833333
-1.640625
-1.65104166667
-1.66145833333
-1.671875
-1.68229166667
-1.69270833333
-1.703125
-1.71354166667
-1.72395833333
-1.734375
-1.74479166667
-1.75520833333
-1.765625
-1.77604166667
-1.78645833333
-1.796875
-1.80729166667
-1.81770833333
-1.828125
-1.83854166667
-1.84895833333
-1.859375
-1.86979166667
-1.88020833333
-1.890625
-1.90104166667
-1.91145833333
-1.921875
-1.93229166667
-1.94270833333
-1.953125
-1.96354166667
-1.97395833333
-1.984375
-1.99479166667
-2.00520833333
-2.015625
-2.02604166667
-2.03645833333
-2.046875
-2.05729166667
-2.06770833333
-2.078125
-2.08854166667
-2.09895833333
-2.109375
-2.11979166667
-2.13020833333
-2.140625
-2.15104166667
-2.16145833333
-2.171875
-2.18229166667
-2.19270833333
-2.203125
-2.21354166667
-2.22395833333
-2.234375
-2.24479166667
-2.25520833333
-2.265625
-2.27604166667
-2.28645833333
-2.296875
-2.30729166667
-2.31770833333
-2.328125
-2.33854166667
-2.34895833333
-2.359375
-2.36979166667
-2.38020833333
-2.390625
-2.40104166667
-2.41145833333
-2.421875
-2.43229166667
-2.44270833333
-2.453125
-2.46354166667
-2.47395833333
-2.484375
-2.49479166667
-2.50520833333
-2.515625
-2.52604166667
-2.53645833333
-2.546875
-2.55729166667
-2.56770833333
-2.578125
-2.58854166667
-2.59895833333
-2.609375
-2.61979166667
-2.63020833333
-2.640625
-2.65104166667
-2.66145833333
-2.671875
-2.68229166667
-2.69270833333
-2.703125
-2.71354166667
-2.72395833333
-2.734375
-2.74479166667
-2.75520833333
-2.765625
-2.77604166667
-2.78645833333
-2.796875
-2.80729166667
-2.81770833333
-2.828125
-2.83854166667
-2.84895833333
-2.859375
-2.86979166667
-2.88020833333
-2.890625
-2.90104166667
-2.91145833333
-2.921875
-2.93229166667
-2.94270833333
-2.953125
-2.96354166667
-2.97395833333
-2.984375
-2.99479166667
-3.00520833333
-3.015625
-3.02604166667
-3.03645833333
-3.046875
-3.05729166667
-3.06770833333
-3.078125
-3.08854166667
-3.09895833333
-3.109375
-3.11979166667
-3.13020833333
-3.140625
-3.15104166667
-3.16145833333
-3.171875
-3.18229166667
-3.19270833333
-3.203125
-3.21354166667
-3.22395833333
-3.234375
-3.24479166667
-3.25520833333
-3.265625
-3.27604166667
-3.28645833333
-3.296875
-3.30729166667
-3.31770833333
-3.328125
-3.33854166667
-3.34895833333
-3.359375
-3.36979166667
-3.38020833333
-3.390625
-3.40104166667
-3.41145833333
-3.421875
-3.43229166667
-3.44270833333
-3.453125
-3.46354166667
-3.47395833333
-3.484375
-3.49479166667
-3.50520833333
-3.515625
-3.52604166667
-3.53645833333
-3.546875
-3.55729166667
-3.56770833333
-3.578125
-3.58854166667
-3.59895833333
-3.609375
-3.61979166667
-3.63020833333
-3.640625
-3.65104166667
-3.66145833333
-3.671875
-3.68229166667
-3.69270833333
-3.703125
-3.71354166667
-3.72395833333
-3.734375
-3.74479166667
-3.75520833333
-3.765625
-3.77604166667
-3.78645833333
-3.796875
-3.80729166667
-3.81770833333
-3.828125
-3.83854166667
-3.84895833333
-3.859375
-3.86979166667
-3.88020833333
-3.890625
-3.90104166667
-3.91145833333
-3.921875
-3.93229166667
-3.94270833333
-3.953125
-3.96354166667
-3.97395833333
-3.984375
-3.99479166667
-4.00520833333
-4.015625
-4.02604166667
-4.03645833333
-4.046875
-4.05729166667
-4.06770833333
-4.078125
-4.08854166667
-4.09895833333
-4.109375
-4.11979166667
-4.13020833333
-4.140625
-4.15104166667
-4.16145833333
-4.171875
-4.18229166667
-4.19270833333
-4.203125
-4.21354166667
-4.22395833333
-4.234375
-4.24479166667
-4.25520833333
-4.265625
-4.27604166667
-4.28645833333
-4.296875
-4.30729166667
-4.31770833333
-4.328125
-4.33854166667
-4.34895833333
-4.359375
-4.36979166667
-4.38020833333
-4.390625
-4.40104166667
-4.41145833333
-4.421875
-4.43229166667
-4.44270833333
-4.453125
-4.46354166667
-4.47395833333
-4.484375
-4.49479166667
-4.50520833333
-4.515625
-4.52604166667
-4.53645833333
-4.546875
-4.55729166667
-4.56770833333
-4.578125
-4.58854166667
-4.59895833333
-4.609375
-4.61979166667
-4.63020833333
-4.640625
-4.65104166667
-4.66145833333
-4.671875
-4.68229166667
-4.69270833333
-4.703125
-4.71354166667
-4.72395833333
-4.734375
-4.74479166667
-4.75520833333
-4.765625
-4.77604166667
-4.78645833333
-4.796875
-4.80729166667
-4.81770833333
-4.828125
-4.83854166667
-4.84895833333
-4.859375
-4.86979166667
-4.88020833333
-4.890625
-4.90104166667
-4.91145833333
-4.921875
-4.93229166667
-4.94270833333
-4.953125
-4.96354166667
-4.97395833333
-4.984375
-4.99479166667
-5.0
-5.0
-5.0
-5.0
-5.0
-5.0
-5.0
-5.0
-5.0
-5.0
-5.0
-5.0
-5.0
-5.0
-5.0
-5.0
-5.0
-5.0
-5.0
-5.0
-5.0
-5.0
-5.0
-5.0
-5.0
-5.0
-5.0
-5.0
-5.0
-5.0
-5.0
-5.0
-5.0
-5.0
-5.0
-5.0
-5.0
-5.0
-5.0
-5.0
-5.0
-5.0
-5.0
-5.0
-5.0
-5.0
-5.0
-5.0
-5.0
-5.0
-5.0
-5.0
-5.0
-5.0
-5.0
-5.0
-5.0
-5.0
-5.0
-5.0
-5.0
-5.0
-5.0
-5.0
-5.0
-5.0
-5.0
-5.0
-5.0
-5.0
-5.0
-5.0
-5.0
-5.0
-5.0
-5.0
-5.0
-5.0
-5.0
-5.0
-5.0
-5.0
-5.0
-5.0
-5.0
-5.0
-5.0
-5.0
-5.0
-5.0
-5.0
-5.0
-5.0
-5.0
-5.0
-5.0
-5.0
-5.0
-5.0
-5.0
-5.0
-5.0
-5.0
-5.0
-5.0
-5.0
-5.0
-5.0
-5.0
-5.0
-5.0
-5.0
-5.0
-5.0
-5.0
-5.0
-5.0
-5.0
-5.0
-5.0
-5.0
-5.0
-5.0
-5.0
-5.0
-5.0
-5.0
-5.0
-5.0
-5.0
-5.0
-5.0
-5.0
-5.0
-5.0
-5.0
-5.0
-5.0
-5.0
-5.0
-5.0
-5.0
-5.0
-5.0
-5.0
-5.0
-5.0
-5.0
-5.0
-5.0
-5.0
-5.0
-5.0
-5.0
-5.0
-5.0
-5.0
-5.0
-5.0
-5.0
-5.0
-5.0
-5.0
-5.0
-5.0
-5.0
-5.0
-5.0
-5.0
-5.0
-5.0
-5.0
-5.0
-5.0
-5.0
-5.0
-5.0
-5.0
-5.0
-5.0
-5.0
-5.0
-5.0
-5.0
-5.0
-5.0
-5.0
-5.0
-5.0
-5.0
-5.0
-5.0
-5.0
-5.0
-5.0
-5.0
-5.0
-5.0
-5.0
-5.0
-5.0
-5.0
-5.0
-5.0
-5.0
-5.0
-5.0
-5.0
-5.0
-5.0
-5.0
-5.0
-5.0
-5.0
-5.0
-5.0
-5.0
-5.0
-5.0
-5.0
-5.0
-5.0
-5.0
-5.0
-5.0
-5.0
-5.0
-5.0
-5.0
-5.0
-5.0
-5.0
-5.0
-5.0
-5.0
-5.0
-5.0
-5.0
-5.0
-5.0
-4.99997009887
-4.99963173614
-4.9982632554
-4.99477551611
-4.98782402271
-4.97585930656
-4.95716248178
-4.9298770547
-4.89204139148
-4.84162420276
-4.77656442357
-4.6948162196
-4.59439930625
-4.47345423938
-4.33030179596
-4.16350500984
-3.97193188021
-3.75481626544
-3.51181405666
-3.24305144929
-2.9491620481
-2.63130969889
-2.29119436501
-1.93103906495
-1.55355683006
-1.16189777313
-0.759577589083
-0.350390033213
0.0616929788283
0.472629138786
0.878416327173
1.27520078605
1.65937788221
2.027681041
2.37725530559
2.70571305228
3.0111705612
3.29226529942
3.54815482496
3.77849909494
3.98342861345
4.16350126646
4.31965086714
4.45313040021
4.56545274433
4.65833130986
4.73362259922
4.79327221748
4.83926536525
4.87358235566
4.89815922504
4.91485304347
4.92541104429
4.93144208628
4.93438798501
4.93549006332
4.9357382772
4.93575494097
4.93575494097
4.93575494097
4.93575494097
4.93575494097
4.93575494097
4.93575494097
4.93575494097
4.93575494097
4.93575494097
4.93575494097
4.93575494097
4.93575494097
4.93575494097
4.93575494097
4.93575494097
4.93575494097
4.93575494097
4.93575494097
4.93575494097
4.93575494097
4.93575494097
4.93575494097
4.93575494097
4.93575494097
4.93575494097
4.93575494097
4.93575494097
4.93575494097
4.93575494097
4.93575494097
4.93575494097
4.93575494097
4.93575494097
4.93575494097
4.93575494097
4.93575494097
4.93575494097
4.93575494097
4.93575494097
4.93575494097
4.93575494097
4.93575494097
4.93575494097
4.93575494097
4.93575494097
4.93575494097
4.93575494097
4.93575494097
4.93575494097
4.93575494097
4.93575494097
4.93575494097
4.93575494097
4.93575494097
4.93575494097
4.93575494097
4.93575494097
4.93575494097
4.93575494097
4.93575494097
4.93575494097
4.93575494097
4.93575494097
4.93575494097
4.93575494097
4.93575494097
4.93575494097
4.93575494097
4.93575494097
4.93575494097
4.93575494097
4.93575494097
4.93575494097
4.93575494097
4.93575494097
4.93575494097
4.93575494097
4.93575494097
4.93575494097
4.93575494097
4.93575494097
4.93575494097
4.93575494097
4.93575494097
4.93575494097
4.93575494097
4.93575494097
4.93575494097
4.93575494097
4.93575494097
4.93575494097
4.93575494097
4.93575494097
4.93575494097
4.93575494097
4.93575494097
4.93575494097
4.93575494097
4.93575494097
4.93575494097
4.93575494097
4.93575494097
4.93575494097
4.93575494097
4.93575494097
4.93575494097
4.93575494097
4.93575494097
4.93575494097
4.93575494097
4.93575494097
4.93575494097
4.93575494097
4.93575494097
4.93575494097
4.93575494097
4.93575494097
4.93575494097
4.93575494097
4.93575494097
4.93575494097
4.93575494097
4.93575494097
4.93575494097
4.93575494097
4.93575494097
4.93575494097
4.93575494097
4.93575494097
4.93575494097
4.93575494097
4.93575494097
4.93575494097
4.93575494097
4.93575494097
4.93575494097
4.93575494097
4.93575494097
4.93575494097
4.93575494097
4.93575494097
4.93575494097
4.93575494097
4.93575494097
4.93575494097
4.93575494097
4.93575494097
4.93575494097
4.93575494097
4.93575494097
4.93575494097
4.93575494097
4.93575494097
4.93575494097
4.93575494097
4.93575494097
4.93575494097
4.93575494097
4.93575494097
4.93575494097
4.93575494097
4.93575494097
4.93575494097
4.93575494097
4.93575494097
4.93575494097
4.93575494097
4.93575494097
4.93575494097
4.93575494097
4.93575494097
4.93575494097
4.93575494097
4.93575494097
4.93575494097
4.93575494097
4.93575494097
4.93575494097
4.93575494097
4.93575494097
4.93575494097
4.93575494097
4.93575494097
4.93575494097
4.93575494097
4.93575494097
4.93575494097
4.93575494097
4.93575494097
4.93575494097
4.93575494097
4.93575494097
4.93575494097
4.93575494097
4.93575494097
4.93575494097
4.93575494097
4.93575494097
4.93575494097
4.93575494097
4.93575494097
4.93575494097
4.93575494097
4.93575494097
4.93575494097
4.93575494097
4.93575494097
4.93575494097
4.93575494097
4.93575494097
4.93575494097
4.93575494097
4.93575494097
4.93575494097
4.93575494097
4.93575494097
4.93575494097
4.93575494097
4.93575494097
4.93575494097
4.93575494097
4.93575494097
4.93575494097
4.93575494097
4.93575494097
4.93575494097
4.93575494097
4.93575494097
4.93575494097
4.93575494097
4.93575494097
4.93575494097
4.93575494097
4.93575494097
4.93575494097
4.93575494097
4.93575494097
4.93575494097
4.93575494097
4.93575494097
4.93575494097
4.93575494097
4.93575494097
4.93575494097
4.93575494097
4.93575494097
4.93575494097
4.93575494097
4.93575494097
4.93575494097
4.93575494097
4.93575494097
4.93575494097
4.93575494097
4.93575494097
4.93575494097
4.93575494097
4.93575494097
4.93575494097
4.93575494097
4.93575494097
4.93575494097
4.93575494097
4.93575494097
4.93575494097
4.93575494097
4.93575494097
4.93575494097
4.93575494097
4.93575494097
4.93575494097
4.93575494097
4.93575494097
4.93575494097
4.93575494097
4.93575494097
4.93575494097
4.93575494097
4.93575494097
4.93575494097
4.93575494097
4.93575494097
4.93575494097
4.93575494097
4.93575494097
4.93575494097
4.93575494097
4.93575494097
4.93575494097
4.93575494097
4.93575494097
4.93575494097
4.93575494097
4.93575494097
4.93575494097
4.93575494097
4.93575494097
4.93575494097
4.93575494097
4.93575494097
4.93575494097
4.93575494097
4.93575494097
4.93575494097
4.93575494097
4.93575494097
4.93575494097
4.93575494097
4.93575494097
4.93575494097
4.93575494097
4.93575494097
4.93575494097
4.93575494097
4.93575494097
4.93575494097
4.93575494097
4.93575494097
4.93575494097
4.93575494097
4.93575494097
4.93575494097
4.93575494097
4.93575494097
4.93575494097
4.93575494097
4.93575494097
4.93575494097
4.93575494097
4.93575494097
4.93575494097
4.93575494097
4.93575494097
4.93575494097
4.93575494097
4.93575494097
4.93575494097
4.93575494097
4.93575494097
4.93575494097
4.93575494097
4.93575494097
4.93575494097
4.93575494097
4.93575494097
4.93575494097
4.93575494097
4.93575494097
4.93575494097
4.93575494097
4.93575494097
4.93575494097
4.93575494097
4.93575494097
4.93575494097
4.93575494097
4.93575494097
4.93575494097
4.93575494097
4.93575494097
4.93575494097
4.93575494097
4.93575494097
4.93575494097
4.93575494097
4.93575494097
4.93575494097
4.93575494097
4.93575494097
4.93575494097
4.93575494097
4.93575494097
4.93575494097
4.93575494097
4.93575494097
4.93575494097
4.93575494097
4.93575494097
4.93575494097
4.93575494097
4.93575494097
4.93575494097
4.93575494097
4.93575494097
4.93575494097
4.93575494097
4.93575494097
4.93575494097
4.93575494097
4.93575494097
4.93575494097
4.93575494097
4.93575494097
4.93575494097
4.93575494097
4.93575494097
4.93575494097
4.93575494097
4.93575494097
4.93575494097
4.93575494097
4.93575494097
4.93575494097
4.93575494097
4.93575494097
4.93575494097
4.93575494097
4.93575494097
4.93575494097
4.93575494097
4.93575494097
4.93575494097
4.93575494097
4.93575494097
4.93575494097
4.93575494097
4.93575494097
4.93575494097
4.93575494097
4.93575494097
4.93575494097
4.93575494097
4.93575494097
4.93575494097
4.93575494097
4.93575494097
4.93575494097
4.93575494097
4.93575494097
4.93575494097
4.93575494097
4.93575494097
4.93575494097
4.93575494097
4.93575494097
4.93575494097
4.93575494097
4.93575494097
4.93575494097
4.93575494097
4.93575494097
4.93575494097
4.93575494097
4.93575494097
4.93575494097
4.93575494097
4.93575494097
4.93575494097
4.93575494097
4.93575494097
4.93575494097
4.93575494097
4.93575494097
4.93575494097
4.93575494097
4.93575494097
4.93575494097
4.93575494097
4.93575494097
4.93575494097
4.93575494097
4.93575494097
4.93575494097
4.93575494097
4.93575494097
4.93575494097
4.93575494097
4.93575494097
4.93575494097
4.93575494097
4.93575494097
4.93575494097
4.93575494097
4.93575494097
4.93575494097
4.93575494097
4.93575494097
4.93575494097
4.93575494097
4.93575494097
4.93575494097
4.93575494097
4.93575494097
4.93575494097
4.93575494097
4.93575494097
4.93575494097
4.93575494097
4.93575494097
4.93575494097
4.93575494097
4.93575494097
4.93575494097
4.93575494097
4.93575494097
4.93575494097
4.93575494097
4.93575494097
4.93575494097
4.93575494097
4.93575494097
4.93575494097
4.93575494097
4.93575494097
4.93575494097
4.93575494097
4.93575494097
4.93575494097
4.93575494097
4.93575494097
4.93575494097
4.93575494097
4.93575494097
4.93575494097
4.93575494097
4.93575494097
4.93575494097
4.93575494097
4.93575494097
4.93575494097
4.93575494097
4.93575494097
4.93575494097
4.93575494097
4.93575494097
4.93575494097
4.93575494097
4.93575494097
4.93575494097
4.93575494097
4.93575494097
4.93575494097
4.93575494097
4.93575494097
4.93575494097
4.93575494097
4.93575494097
4.93575494097
4.93575494097
4.93575494097
4.93575494097
4.93575494097
4.93575494097
4.93575494097
4.93575494097
4.93575494097
4.93575494097
4.93575494097
4.93575494097
4.93575494097
4.93575494097
4.93575494097
4.93575494097
4.93575494097
4.93575494097
4.93575494097
4.93575494097
4.93575494097
4.93575494097
4.93575494097
4.93575494097
4.93575494097
4.93575494097
4.93575494097
4.93575494097
4.93575494097
4.93575494097
4.93575494097
4.93575494097
4.93575494097
4.93575494097
4.93575494097
4.93575494097
4.93575494097
4.93575494097
4.93575494097
4.93575494097
4.93575494097
4.93575494097
4.93575494097
4.93575494097
4.93575494097
4.93575494097
4.93575494097
4.93575494097
4.93575494097
4.93575494097
4.93575494097
4.93575494097
4.93575494097
4.93575494097
4.93575494097
4.93575494097
4.93575494097
4.93575494097
4.93575494097
4.93575494097
4.93575494097
4.93575494097
4.93575494097
4.93575494097
4.93575494097
4.93575494097
4.93575494097
4.93575494097
4.93575494097
4.93575494097
4.93575494097
4.93575494097
4.93575494097
4.93575494097
4.93575494097
4.93575494097
4.93575494097
4.93575494097
4.93575494097
4.93575494097
4.93575494097
4.93575494097
4.93575494097
4.93575494097
4.93575494097
4.93575494097
4.93575494097
4.93575494097
4.93575494097
4.93575494097
4.93575494097
4.93575494097
4.93575494097
4.93575494097
4.93575494097
4.93575494097
4.93575494097
4.93575494097
4.93575494097
4.93575494097
4.93575494097
4.93575494097
4.93575494097
4.93575494097
4.93575494097
4.93575494097
4.93575494097
4.93575494097
4.93575494097
4.93575494097
4.93575494097
4.93575494097
4.93575494097
4.93575494097
4.93575494097
4.93575494097
4.93575494097
4.93575494097
4.93575494097
4.93575494097
4.93575494097
4.93575494097
4.93575494097
4.93575494097
4.93575494097
4.93575494097
4.93575494097
4.93575494097
4.93575494097
4.93575494097
4.93575494097
4.93575494097
4.93575494097
4.93575494097
4.93575494097
4.93575494097
4.93575494097
4.93575494097
4.93575494097
4.93575494097
4.93575494097
4.93575494097
4.93575494097
4.93575494097
4.93575494097
4.93575494097
4.93575494097
4.93575494097
4.93575494097
4.93575494097
4.93575494097
4.93575494097
4.93575494097
4.93575494097
4.93575494097
4.93575494097
4.93575494097
4.93575494097
4.93575494097
4.93575494097
4.93575494097
4.93575494097
4.93575494097
4.93575494097
4.93575494097
4.93575494097
4.93575494097
4.93575494097
4.93575494097
4.93575494097
4.93575494097
4.93575494097
4.93575494097
4.93575494097
4.93575494097
4.93575494097
4.93575494097
4.93575494097
4.93575494097
4.93575494097
4.93575494097
4.93575494097
4.93575494097
4.93575494097
4.93575494097
4.93575494097
4.93575494097
4.93575494097
4.93575494097
4.93575494097
4.93575494097
4.93575494097
4.93575494097
4.93575494097
4.93575494097
4.93575494097
4.93575494097
4.93575494097
4.93575494097
4.93575494097
4.93575494097
4.93575494097
4.93575494097
4.93575494097
4.93575494097
4.93575494097
4.93575494097
4.93575494097
4.93575494097
4.93575494097
4.93575494097
4.93575494097
4.93575494097
4.93575494097
4.93575494097
4.93575494097
4.93575494097
4.93575494097
4.93575494097
4.93575494097
4.93575494097
4.93575494097
4.93575494097
4.93575494097
4.93575494097
4.93575494097
4.93575494097
4.93575494097
4.93575494097
4.93575494097
4.93575494097
4.93575494097
4.93575494097
4.93575494097
4.93575494097
4.93575494097
4.93575494097
4.93575494097
4.93575494097
4.93575494097
4.93575494097
4.93575494097
4.93575494097
4.93575494097
4.93575494097
4.93575494097
4.93575494097
4.93575494097
4.93575494097
4.93575494097
4.93575494097
4.93575494097
4.93575494097
4.93575494097
4.93575494097
4.93575494097
4.93575494097
4.93575494097
4.93575494097
4.93575494097
4.93575494097
4.93575494097
4.93575494097
4.93575494097
4.93575494097
4.93575494097
4.93575494097
4.93575494097
4.93575494097
4.93575494097
4.93575494097
4.93575494097
4.93575494097
4.93575494097
4.93575494097
4.93575494097
4.93575494097
4.93575494097
4.93575494097
4.93575494097
4.93575494097
4.93575494097
4.93575494097
4.93575494097
4.93575494097
4.93575494097
4.93575494097
4.93575494097
4.93575494097
4.93575494097
4.93575494097
4.93575494097
4.93575494097
4.93575494097
4.93575494097
4.93575494097
4.93575494097
4.93575494097
4.93575494097
4.93575494097
4.93575494097
4.93575494097
4.93575494097
4.93575494097
4.93575494097
4.93575494097
4.93575494097
4.93575494097
4.93575494097
4.93575494097
4.93575494097
4.93575494097
4.93575494097
4.93575494097
4.93575494097
4.93575494097
4.93575494097
4.93575494097
4.93575494097
4.93575494097
4.93575494097
4.93575494097
4.93575494097
4.93575494097
4.93575494097
4.93575494097
4.93575494097
4.93575494097
4.93575494097
4.93575494097
4.93575494097
4.93575494097
4.93575494097
4.93575494097
4.93575494097
4.93575494097
4.93575494097
4.93575494097
4.93575494097
4.93575494097
4.93575494097
4.93575494097
4.93575494097
4.93575494097
4.93575494097
4.93575494097
4.93575494097
4.93575494097
4.93575494097
4.93575494097
4.93575494097
4.93575494097
4.93575494097
4.93575494097
4.93575494097
4.93575494097
4.93575494097
4.93575494097
4.93575494097
4.93575494097
4.93575494097
4.93575494097
4.93575494097
4.93575494097
4.93575494097
4.93575494097
4.93575494097
4.93575494097
4.93575494097
4.93575494097
4.93575494097
4.93575494097
4.93575494097
4.93575494097
4.93575494097
4.93575494097
4.93575494097
4.93575494097
4.93575494097
4.93575494097
4.93575494097
4.93575494097
4.93575494097
4.93575494097
4.93575494097
4.93575494097
4.93575494097
4.93575494097
4.93575494097
4.93575494097
4.93575494097
4.93575494097
4.93575494097
4.93575494097
4.93575494097
4.93575494097
4.93575494097
4.93575494097
4.93575494097
4.93575494097
4.93575494097
4.93575494097
4.93575494097
4.93575494097
4.93575494097
4.93575494097
4.93575494097
4.93575494097
4.93575494097
4.93575494097
4.93575494097
4.93575494097
4.93575494097
4.93575494097
4.93575494097
4.93575494097
4.93575494097
4.93575494097
4.93575494097
4.93575494097
4.93575494097
4.93575494097
4.93575494097
4.93575494097
4.93575494097
4.93575494097
4.93575494097
4.93575494097
4.93575494097
4.93575494097
4.93575494097
4.93575494097
4.93575494097
4.93575494097
4.93575494097
4.93575494097
4.93575494097
4.93575494097
4.93575494097
4.93575494097
4.93575494097
4.93575494097
4.93575494097
4.93575494097
4.93575494097
4.93575494097
4.93575494097
4.93575494097
4.93575494097
4.93575494097
4.93575494097
4.93575494097
4.93575494097
4.93575494097
4.93575494097
4.93575494097
4.93575494097
4.93575494097
4.93575494097
4.93575494097
4.93575494097
4.93575494097
4.93575494097
4.93575494097
4.93575494097
4.93575494097
4.93575494097
4.93575494097
4.93575494097
4.93575494097
4.93575494097
4.93575494097
4.93575494097
4.93575494097
4.93575494097
4.93575494097
4.93575494097
4.93575494097
4.93575494097
4.93575494097
4.93575494097
4.93575494097
4.93575494097
4.93575494097
4.93575494097
4.93575494097
4.93575494097
4.93575494097
4.93575494097
4.93575494097
4.93575494097
4.93575494097
4.93575494097
4.93575494097
4.93575494097
4.93575494097
4.93575494097
4.93575494097
4.93575494097
4.93575494097
4.93575494097
4.93575494097
4.93575494097
4.93575494097
4.93575494097
4.93575494097
4.93575494097
4.93575494097
4.93575494097
4.93575494097
4.93575494097
4.93575494097
4.93575494097
4.93575494097
4.93575494097
4.93575494097
4.93575494097
4.93575494097
4.93575494097
4.93575494097
4.93575494097
4.93575494097
4.93575494097
4.93575494097
4.93575494097
4.93575494097
4.93575494097
4.93575494097
4.93575494097
4.93575494097
4.93575494097
4.93575494097
4.93575494097
4.93575494097
4.93575494097
4.93575494097
4.93575494097
4.93575494097
4.93575494097
4.93575494097
4.93575494097
4.93575494097
4.93575494097
4.93575494097
4.93575494097
4.93575494097
4.93575494097
4.93575494097
4.93575494097
4.93575494097
4.93575494097
4.93575494097
4.93575494097
4.93575494097
4.93575494097
4.93575494097
4.93575494097
4.93575494097
4.93575494097
4.93575494097
4.93575494097
4.93575494097
4.93575494097
4.93575494097
4.93575494097
4.93575494097
4.93575494097
4.93575494097
4.93575494097
4.93575494097
4.93575494097
4.93575494097
4.93575494097
4.93575494097
4.93575494097
4.93575494097
4.93575494097
4.93575494097
4.93575494097
4.93575494097
4.93575494097
4.93575494097
4.93575494097
4.93575494097
4.93575494097
4.93575494097
4.93575494097
4.93575494097
4.93575494097
4.93575494097
4.93575494097
4.93575494097
4.93575494097
4.93575494097
4.93575494097
4.93575494097
4.93575494097
4.93575494097
4.93575494097
4.93575494097
4.93575494097
4.93575494097
4.93575494097
4.93575494097
4.93575494097
4.93575494097
4.93575494097
4.93575494097
4.93575494097
4.93575494097
4.93575494097
4.93575494097
4.93575494097
4.93575494097
4.93575494097
4.93575494097
4.93575494097
4.93575494097
4.93575494097
4.93575494097
4.93575494097
4.93575494097
4.93575494097
4.93575494097
4.93575494097
4.93575494097
4.93575494097
4.93575494097
4.93575494097
4.93575494097
4.93575494097
4.93575494097
4.93575494097
4.93575494097
4.93575494097
4.93575494097
4.93575494097
4.93575494097
4.93575494097
4.93575494097
4.93575494097
4.93575494097
4.93575494097
4.93575494097
4.93575494097
4.93575494097
4.93575494097
4.93575494097
4.93575494097
4.93575494097
4.93575494097
4.93575494097
4.93575494097
4.93575494097
4.93575494097
4.93575494097
4.93575494097
4.93575494097
4.93575494097
4.93575494097
4.93575494097
4.93575494097
4.93575494097
4.93575494097
4.93575494097
4.93575494097
4.93575494097
4.93575494097
4.93575494097
4.93575494097
4.93575494097
4.93575494097
4.93575494097
4.93575494097
4.93575494097
4.93575494097
4.93575494097
4.93575494097
4.93575494097
4.93575494097
4.93575494097
4.93575494097
4.93575494097
4.93575494097
4.93575494097
4.93575494097
4.93575494097
4.93575494097
4.93575494097
4.93575494097
4.93575494097
4.93575494097
4.93575494097
4.93575494097
4.93575494097
4.93575494097
4.93575494097
4.93575494097
4.93575494097
4.93575494097
4.93575494097
4.93575494097
4.93575494097
4.93575494097
4.93575494097
4.93575494097
4.93575494097
4.93575494097
4.93575494097
4.93575494097
4.93575494097
4.93575494097
4.93575494097
4.93575494097
4.93575494097
4.93575494097
4.93575494097
4.93575494097
4.93575494097
4.93575494097
4.93575494097
4.93575494097
4.93575494097
4.93575494097
4.93575494097
4.93575494097
4.93575494097
4.93575494097
4.93575494097
4.93575494097
4.93575494097
4.93575494097
4.93575494097
4.93575494097
4.93575494097
4.93575494097
4.93575494097
4.93575494097
4.93575494097
4.93575494097
4.93575494097
4.93575494097
4.93575494097
4.93575494097
4.93575494097
4.93575494097
4.93575494097
4.93575494097
4.93575494097
4.93575494097
4.93575494097
4.93575494097
4.93575494097
4.93575494097
4.93575494097
4.93575494097
4.93575494097
4.93575494097
4.93575494097
4.93575494097
4.93575494097
4.93575494097
4.93575494097
4.93575494097
4.93575494097
4.93575494097
4.93575494097
4.93575494097
4.93575494097
4.93575494097
4.93575494097
4.93575494097
4.93575494097
4.93575494097
4.93575494097
4.93575494097
4.93575494097
4.93575494097
4.93575494097
4.93575494097
4.93575494097
4.93575494097
4.93575494097
4.93575494097
4.93575494097
4.93575494097
4.93575494097
4.93575494097
4.93575494097
4.93575494097
4.93575494097
4.93575494097
4.93575494097
4.93575494097
4.93575494097
4.93575494097
4.93575494097
4.93575494097
4.93575494097
4.93575494097
4.93575494097
4.93575494097
4.93575494097
4.93575494097
4.93575494097
4.93575494097
4.93575494097
4.93575494097
4.93575494097
4.93575494097
4.93575494097
4.93575494097
4.93575494097
4.93575494097
4.93575494097
4.93575494097
4.93575494097
4.93575494097
4.93575494097
4.93575494097
4.93575494097
4.93575494097
4.93575494097
4.93575494097
4.93575494097
4.93575494097
4.93575494097
4.93575494097
4.93575494097
4.93575494097
4.93575494097
4.93575494097
4.93575494097
4.93575494097
4.93575494097
4.93575494097
4.93575494097
4.93575494097
4.93575494097
4.93575494097
4.93575494097
4.93575494097
4.93575494097
4.93575494097
4.93575494097
4.93575494097
4.93575494097
4.93575494097
4.93575494097
4.93575494097
4.93575494097
4.93575494097
4.93575494097
4.93575494097
4.93575494097
4.93575494097
4.93575494097
4.93575494097
4.93575494097
4.93575494097
4.93575494097
4.93575494097
4.93575494097
4.93575494097
4.93575494097
4.93575494097
4.93575494097
4.93575494097
4.93575494097
4.93575494097
4.93575494097
4.93575494097
4.93575494097
4.93575494097
4.93575494097
4.93575494097
4.93575494097
4.93575494097
4.93575494097
4.93575494097
4.93575494097
4.93575494097
4.93575494097
4.93575494097
4.93575494097
4.93575494097
4.93575494097
4.93575494097
4.93575494097
4.93575494097
4.93575494097
4.93575494097
4.93575494097
4.93575494097
4.93575494097
4.93575494097
4.93575494097
4.93575494097
4.93575494097
4.93575494097
4.93575494097
4.93575494097
4.93575494097
4.93575494097
4.93575494097
4.93575494097
4.93575494097
4.93575494097
4.93575494097
4.93575494097
4.93575494097
4.93575494097
4.93575494097
4.93575494097
4.93575494097
4.93575494097
4.93575494097
4.93575494097
4.93575494097
4.93575494097
4.93575494097
4.93575494097
4.93575494097
4.93575494097
4.93575494097
4.93575494097
4.93575494097
4.93575494097
4.93575494097
4.93575494097
4.93575494097
4.93575494097
4.93575494097
4.93575494097
4.93575494097
4.93575494097
4.93575494097
4.93575494097
4.93575494097
4.93575494097
4.93575494097
4.93575494097
4.93575494097
4.93575494097
4.93575494097
4.93575494097
4.93575494097
4.93575494097
4.93575494097
4.93575494097
4.93575494097
4.93575494097
4.93575494097
4.93575494097
4.93575494097
4.93575494097
4.93575494097
4.93575494097
4.93575494097
4.93575494097
4.93575494097
4.93575494097
4.93575494097
4.93575494097
4.93575494097
4.93575494097
4.93575494097
4.93575494097
4.93575494097
4.93575494097
4.93575494097
4.93575494097
4.93575494097
4.93575494097
4.93575494097
4.93575494097
4.93575494097
4.93575494097
4.93575494097
4.93575494097
4.93575494097
4.93575494097
4.93575494097
4.93575494097
4.93575494097
4.93575494097
4.93575494097
4.93575494097
4.93575494097
4.93575494097
4.93575494097
4.93575494097
4.93575494097
4.93575494097
4.93575494097
4.93575494097
4.93575494097
4.93575494097
4.93575494097
4.93575494097
4.93575494097
4.93575494097
4.93575494097
4.93575494097
4.93575494097
4.93575494097
4.93575494097
4.93575494097
4.93575494097
4.93575494097
4.93575494097
4.93575494097
4.93575494097
4.93575494097
4.93575494097
4.93575494097
4.93575494097
4.93575494097
4.93575494097
4.93575494097
4.93575494097
4.93575494097
4.93575494097
4.93575494097
4.93575494097
4.93575494097
4.93575494097
4.93575494097
4.93575494097
4.93575494097
4.93575494097
4.93575494097
4.93575494097
4.93575494097
4.93575494097
4.93575494097
4.93575494097
4.93575494097
4.93575494097
4.93575494097
4.93575494097
4.93575494097
4.93575494097
4.93575494097
4.93575494097
4.93575494097
4.93575494097
4.93575494097
4.93575494097
4.93575494097
4.93575494097
4.93575494097
4.93575494097
4.93575494097
4.93575494097
4.93575494097
4.93575494097
4.93575494097
4.93575494097
4.93575494097
4.93575494097
4.93575494097
4.93575494097
4.93575494097
4.93575494097
4.93575494097
4.93575494097
4.93575494097
4.93575494097
4.93575494097
4.93575494097
4.93575494097
4.93575494097
4.93575494097
4.93575494097
4.93575494097
4.93575494097
4.93575494097
4.93575494097
4.93575494097
4.93575494097
4.93575494097
4.93575494097
4.93575494097
4.93575494097
4.93575494097
4.93575494097
4.93575494097
4.93575494097
4.93575494097
4.93575494097
4.93575494097
4.93575494097
4.93575494097
4.93575494097
4.93575494097
4.93575494097
4.93575494097
4.93575494097
4.93575494097
4.93575494097
4.93575494097
4.93575494097
4.93575494097
4.93575494097
4.93575494097
4.93575494097
4.93575494097
4.93575494097
4.93575494097
4.93575494097
4.93575494097
4.93575494097
4.93575494097
4.93575494097
4.93575494097
4.93575494097
4.93575494097
4.93575494097
4.93575494097
4.93575494097
4.93575494097
4.93575494097
4.93575494097
4.93575494097
4.93575494097
4.93575494097
4.93575494097
4.93575494097
4.93575494097
4.93575494097
4.93575494097
4.93575494097
4.93575494097
4.93575494097
4.93575494097
4.93575494097
4.93575494097
4.93575494097
4.93575494097
4.93575494097
4.93575494097
4.93575494097
4.93575494097
4.93575494097
4.93575494097
4.93575494097
4.93575494097
4.93575494097
4.93575494097
4.93575494097
4.93575494097
4.93575494097
4.93575494097
4.93575494097
4.93575494097
4.93575494097
4.93575494097
4.93575494097
4.93575494097
4.93575494097
4.93575494097
4.93575494097
4.93575494097
4.93575494097
4.93575494097
4.93575494097
4.93575494097
4.93575494097
4.93575494097
4.93575494097
4.93575494097
4.93575494097
4.93575494097
4.93575494097
4.93575494097
4.93575494097
4.93575494097
4.93575494097
4.93575494097
4.93575494097
4.93575494097
4.93575494097
4.93575494097
4.93575494097
4.93575494097
4.93575494097
4.93575494097
4.93575494097
4.93575494097
4.93575494097
4.93575494097
4.93575494097
4.93575494097
4.93575494097
4.93575494097
4.93575494097
4.93575494097
4.93575494097
4.93575494097
4.93575494097
4.93575494097
4.93575494097
4.93575494097
4.93575494097
4.93575494097
4.93575494097
4.93575494097
4.93575494097
4.93575494097
4.93575494097
4.93575494097
4.93575494097
4.93575494097
4.93575494097
4.93575494097
4.93575494097
4.93575494097
4.93575494097
4.93575494097
4.93575494097
4.93575494097
4.93575494097
4.93575494097
4.93575494097
4.93575494097
4.93575494097
4.93575494097
4.93575494097
4.93575494097
4.93575494097
4.93575494097
4.93575494097
4.93575494097
4.93575494097
4.93575494097
4.93575494097
4.93575494097
4.93575494097
4.93575494097
4.93575494097
4.93575494097
4.93575494097
4.93575494097
4.93575494097
4.93575494097
4.93575494097
4.93575494097
4.93575494097
4.93575494097
4.93575494097
4.93575494097
4.93575494097
4.93575494097
4.93575494097
4.93575494097
4.93575494097
4.93575494097
4.93575494097
4.93575494097
4.93575494097
4.93575494097
4.93575494097
4.93575494097
4.93575494097
4.93575494097
4.93575494097
4.93575494097
4.93575494097
4.93575494097
4.93575494097
4.93575494097
4.93575494097
4.93575494097
4.93575494097
4.93575494097
4.93575494097
4.93575494097
4.93575494097
4.93575494097
4.93575494097
4.93575494097
4.93575494097
4.93575494097
4.93575494097
4.93575494097
4.93575494097
4.93575494097
4.93575494097
4.93575494097
4.93575494097
4.93575494097
4.93575494097
4.93575494097
4.93575494097
4.93575494097
4.93575494097
4.93575494097
4.93575494097
4.93575494097
4.93575494097
4.93575494097
4.93575494097
4.93575494097
4.93575494097
4.93575494097
4.93575494097
4.93575494097
4.93575494097
4.93575494097
4.93575494097
4.93575494097
4.93575494097
4.93575494097
4.93575494097
4.93575494097
4.93575494097
4.93575494097
4.93575494097
4.93575494097
4.93575494097
4.93575494097
4.93575494097
4.93575494097
4.93575494097
4.93575494097
4.93575494097
4.93575494097
4.93575494097
4.93575494097
4.93575494097
4.93575494097
4.93575494097
4.93575494097
4.93575494097
4.93575494097
4.93575494097
4.93575494097
4.93575494097
4.93575494097
4.93575494097
4.93575494097
4.93575494097
4.93575494097
4.93575494097
4.93575494097
4.93575494097
4.93575494097
4.93575494097
4.93575494097
4.93575494097
4.93575494097
4.93575494097
4.93575494097
4.93575494097
4.93575494097
4.93575494097
4.93575494097
4.93575494097
4.93575494097
4.93575494097
4.93575494097
4.93575494097
4.93575494097
4.93575494097
4.93575494097
4.93575494097
4.93575494097
4.93575494097
4.93575494097
4.93575494097
4.93575494097
4.93575494097
4.93575494097
4.93575494097
4.93575494097
4.93575494097
4.93575494097
4.93575494097
4.93575494097
4.93575494097
4.93575494097
4.93575494097
4.93575494097
4.93575494097
4.93575494097
4.93575494097
4.93575494097
4.93575494097
4.93575494097
4.93575494097
4.93575494097
4.93575494097
4.93575494097
4.93575494097
4.93575494097
4.93575494097
4.93575494097
4.93575494097
4.93575494097
4.93575494097
4.93575494097
4.93575494097
4.93575494097
4.93575494097
4.93575494097
4.93575494097
4.93575494097
4.93575494097
4.93575494097
4.93575494097
4.93575494097
4.93575494097
4.93575494097
4.93575494097
4.93575494097
4.93575494097
4.93575494097
4.93575494097
4.93575494097
4.93575494097
4.93575494097
4.93575494097
4.93575494097
4.93575494097
4.93575494097
4.93575494097
4.93575494097
4.93575494097
4.93575494097
4.93575494097
4.93575494097
4.93575494097
4.93575494097
4.93575494097
4.93575494097
4.93575494097
4.93575494097
4.93575494097
4.93575494097
4.93575494097
4.93575494097
4.93575494097
4.93575494097
4.93575494097
4.93575494097
4.93575494097
4.93575494097
4.93575494097
4.93575494097
4.93575494097
4.93575494097
4.93575494097
4.93575494097
4.93575494097
4.93575494097
4.93575494097
4.93575494097
4.93575494097
4.93575494097
4.93575494097
4.93575494097
4.93575494097
4.93575494097
4.93575494097
4.93575494097
4.93575494097
4.93575494097
4.93575494097
4.93575494097
4.93575494097
4.93575494097
4.93575494097
4.93575494097
4.93575494097
4.93575494097
4.93575494097
4.93575494097
4.93575494097
4.93575494097
4.93575494097
4.93575494097
4.93575494097
4.93575494097
4.93575494097
4.93575494097
4.93575494097
4.93575494097
4.93575494097
4.93575494097
4.93575494097
4.93575494097
4.93575494097
4.93575494097
4.93575494097
4.93575494097
4.93575494097
4.93575494097
4.93575494097
4.93575494097
4.93575494097
4.93575494097
4.93575494097
4.93575494097
4.93575494097
4.93575494097
4.93575494097
4.93575494097
4.93575494097
4.93575494097
4.93575494097
4.93575494097
4.93575494097
4.93575494097
4.93575494097
4.93575494097
4.93575494097
4.93575494097
4.93575494097
4.93575494097
4.93575494097
4.93575494097
4.93575494097
4.93575494097
4.93575494097
4.93575494097
4.93575494097
4.93575494097
4.93575494097
4.93575494097
4.93575494097
4.93575494097
4.93575494097
4.93575494097
4.93575494097
4.93575494097
4.93575494097
4.93575494097
4.93575494097
4.93575494097
4.93575494097
4.93575494097
4.93575494097
4.93575494097
4.93575494097
4.93575494097
4.93575494097
4.93575494097
4.93575494097
4.93575494097
4.93575494097
4.93575494097
4.93575494097
4.93575494097
4.93575494097
4.93575494097
4.93575494097
4.93575494097
4.93575494097
4.93575494097
4.93575494097
4.93575494097
4.93575494097
4.93575494097
4.93575494097
4.93575494097
4.93575494097
4.93575494097
4.93575494097
4.93575494097
4.93575494097
4.93575494097
4.93575494097
4.93575494097
4.93575494097
4.93575494097
4.93575494097
4.93575494097
4.93575494097
4.93575494097
4.93575494097
4.93575494097
4.93575494097
4.93575494097
4.93575494097
4.93575494097
4.93575494097
4.93575494097
4.93575494097
4.93575494097
4.93575494097
4.93575494097
4.93575494097
4.93575494097
4.93575494097
4.93575494097
4.93575494097
4.93575494097
4.93575494097
4.93575494097
4.93575494097
4.93575494097
4.93575494097
4.93575494097
4.93575494097
4.93575494097
4.93575494097
4.93575494097
4.93575494097
4.93575494097
4.93575494097
4.93575494097
4.93575494097
4.93575494097
4.93575494097
4.93575494097
4.93575494097
4.93575494097
4.93575494097
4.93575494097
4.93575494097
4.93575494097
4.93575494097
4.93575494097
4.93575494097
4.93575494097
4.93575494097
4.93575494097
4.93575494097
4.93575494097
4.93575494097
4.93575494097
4.93575494097
4.93575494097
4.93575494097
4.93575494097
4.93575494097
4.93575494097
4.93575494097
4.93575494097
4.93575494097
4.93575494097
4.93575494097
4.93575494097
4.93575494097
4.93575494097
4.93575494097
4.93575494097
4.93575494097
4.93575494097
4.93575494097
4.93575494097
4.93575494097
4.93575494097
4.93575494097
4.93575494097
4.93575494097
4.93575494097
4.93575494097
4.93575494097
4.93575494097
4.93575494097
4.93575494097
4.93575494097
4.93575494097
4.93575494097
4.93575494097
4.93575494097
4.93575494097
4.93575494097
4.93575494097
4.93575494097
4.93575494097
4.93575494097
4.93575494097
4.93575494097
4.93575494097
4.93575494097
4.93575494097
4.93575494097
4.93575494097
4.93575494097
4.93575494097
4.93575494097
4.93575494097
4.93575494097
4.93575494097
4.93575494097
4.93575494097
4.93575494097
4.93575494097
4.93575494097
4.93575494097
4.93575494097
4.93575494097
4.93575494097
4.93575494097
4.93575494097
4.93575494097
4.93575494097
4.93575494097
4.93575494097
4.93575494097
4.93575494097
4.93575494097
4.93575494097
4.93575494097
4.93575494097
4.93575494097
4.93575494097
4.93575494097
4.93575494097
4.93575494097
4.93575494097
4.93575494097
4.93575494097
4.93575494097
4.93575494097
4.93575494097
4.93575494097
4.93575494097
4.93575494097
4.93575494097
4.93575494097
4.93575494097
4.93575494097
4.93575494097
4.93575494097
4.93575494097
4.93575494097
4.93575494097
4.93575494097
4.93575494097
4.93575494097
4.93575494097
4.93575494097
4.93575494097
4.93575494097
4.93575494097
4.93575494097
4.93575494097
4.93575494097
4.93575494097
4.93575494097
4.93575494097
4.93575494097
4.93575494097
4.93575494097
4.93575494097
4.93575494097
4.93575494097
4.93575494097
4.93575494097
4.93575494097
4.93575494097
4.93575494097
4.93575494097
4.93575494097
4.93575494097
4.93575494097
4.93575494097
4.93575494097
4.93575494097
4.93575494097
4.93575494097
4.93575494097
4.93575494097
4.93575494097
4.93575494097
4.93575494097
4.93575494097
4.93575494097
4.93575494097
4.93575494097
4.93575494097
4.93575494097
4.93575494097
4.93575494097
4.93575494097
4.93575494097
4.93575494097
4.93575494097
4.93575494097
4.93575494097
4.93575494097
4.93575494097
4.93575494097
4.93575494097
4.93575494097
4.93575494097
4.93575494097
4.93575494097
4.93575494097
4.93575494097
4.93575494097
4.93575494097
4.93575494097
4.93575494097
4.93575494097
4.93575494097
4.93575494097
4.93575494097
4.93575494097
4.93575494097
4.93575494097
4.93575494097
4.93575494097
4.93575494097
4.93575494097
4.93575494097
4.93575494097
4.93575494097
4.93575494097
4.93575494097
4.93575494097
4.93575494097
4.93575494097
4.93575494097
4.93575494097
4.93575494097
4.93575494097
4.93575494097
4.93575494097
4.93575494097
4.93575494097
4.93575494097
4.93575494097
4.93575494097
4.93575494097
4.93575494097
4.93575494097
4.93575494097
4.93575494097
4.93575494097
4.93575494097
4.93575494097
4.93575494097
4.93575494097
4.93575494097
4.93575494097
4.93575494097
4.93575494097
4.93575494097
4.93575494097
4.93575494097
4.93575494097
4.93575494097
4.93575494097
4.93575494097
4.93575494097
4.93575494097
4.93575494097
4.93575494097
4.93575494097
4.93575494097
4.93575494097
4.93575494097
4.93575494097
4.93575494097
4.93575494097
4.93575494097
4.93575494097
4.93575494097
4.93575494097
4.93575494097
4.93575494097
4.93575494097
4.93575494097
4.93575494097
4.93575494097
4.93575494097
4.93575494097
4.93575494097
4.93575494097
4.93575494097
4.93575494097
4.93575494097
4.93575494097
4.93575494097
4.93575494097
4.93575494097
4.93575494097
4.93575494097
4.93575494097
4.93575494097
4.93575494097
4.93575494097
4.93575494097
4.93575494097
4.93575494097
4.93575494097
4.93575494097
4.93575494097
4.93575494097
4.93575494097
4.93575494097
4.93575494097
4.93575494097
4.93575494097
4.93575494097
4.93575494097
4.93575494097
4.93575494097
4.93575494097
4.93575494097
4.93575494097
4.93575494097
4.93575494097
4.93575494097
4.93575494097
4.93575494097
4.93575494097
4.93575494097
4.93575494097
4.93575494097
4.93575494097
4.93575494097
4.93575494097
4.93575494097
4.93575494097
4.93575494097
4.93575494097
4.93575494097
4.93575494097
4.93575494097
4.93575494097
4.93575494097
4.93575494097
4.93575494097
4.93575494097
4.93575494097
4.93575494097
4.93575494097
4.93575494097
4.93575494097
4.93575494097
4.93575494097
4.93575494097
4.93575494097
4.93575494097
4.93575494097
4.93575494097
4.93575494097
4.93575494097
4.93575494097
4.93575494097
4.93575494097
4.93575494097
4.93575494097
4.93575494097
4.93575494097
4.93575494097
4.93575494097
4.93575494097
4.93575494097
4.93575494097
4.93575494097
4.93575494097
4.93575494097
4.93575494097
4.93575494097
4.93575494097
4.93575494097
4.93575494097
4.93575494097
4.93575494097
4.93575494097
4.93575494097
4.93575494097
4.93575494097
4.93575494097
4.93575494097
4.93575494097
4.93575494097
4.93575494097
4.93575494097
4.93575494097
4.93575494097
4.93575494097
4.93575494097
4.93575494097
4.93575494097
4.93575494097
4.93575494097
4.93575494097
4.93575494097
4.93575494097
4.93575494097
4.93575494097
4.93575494097
4.93575494097
4.93575494097
4.93575494097
4.93575494097
4.93575494097
4.93575494097
4.93575494097
4.93575494097
4.93575494097
4.93575494097
4.93575494097
4.93575494097
4.93575494097
4.93575494097
4.93575494097
4.93575494097
4.93575494097
4.93575494097
4.93575494097
4.93575494097
4.93575494097
4.93575494097
4.93575494097
4.93575494097
4.93575494097
4.93575494097
4.93575494097
4.93575494097
4.93575494097
4.93575494097
4.93575494097
4.93575494097
4.93575494097
4.93575494097
4.93575494097
4.93575494097
4.93575494097
4.93575494097
4.93575494097
4.93575494097
4.93575494097
4.93575494097
4.93575494097
4.93575494097
4.93575494097
4.93575494097
4.93575494097
4.93575494097
4.93575494097
4.93575494097
4.93575494097
4.93575494097
4.93575494097
4.93575494097
4.93575494097
4.93575494097
4.93575494097
4.93575494097
4.93575494097
4.93575494097
4.93575494097
4.93575494097
4.93575494097
4.93575494097
4.93575494097
4.93575494097
4.93575494097
4.93575494097
4.93575494097
4.93575494097
4.93575494097
4.93575494097
4.93575494097
4.93575494097
4.93575494097
4.93575494097
4.93575494097
4.93575494097
4.93575494097
4.93575494097
4.93575494097
4.93575494097
4.93575494097
4.93575494097
4.93575494097
4.93575494097
4.93575494097
4.93575494097
4.93575494097
4.93575494097
4.93575494097
4.93575494097
4.93575494097
4.93575494097
4.93575494097
4.93575494097
4.93575494097
4.93575494097
4.93575494097
4.93575494097
4.93575494097
4.93575494097
4.93575494097
4.93575494097
4.93575494097
4.93575494097
4.93575494097
4.93575494097
4.93575494097
4.93575494097
4.93575494097
4.93575494097
4.93575494097
4.93575494097
4.93575494097
4.93575494097
4.93575494097
4.93575494097
4.93575494097
4.93575494097
4.93575494097
4.93575494097
4.93575494097
4.93575494097
4.93575494097
4.93575494097
4.93575494097
4.93575494097
4.93575494097
4.93575494097
4.93575494097
4.93575494097
4.93575494097
4.93575494097
4.93575494097
4.93575494097
4.93575494097
4.93575494097
4.93575494097
4.93575494097
4.93575494097
4.93575494097
4.93575494097
4.93575494097
4.93575494097
4.93575494097
4.93575494097
4.93575494097
4.93575494097
4.93575494097
4.93575494097
4.93575494097
4.93575494097
4.93575494097
4.93575494097
4.93575494097
4.93575494097
4.93575494097
4.93575494097
4.93575494097
4.93575494097
4.93575494097
4.93575494097
4.93575494097
4.93575494097
4.93575494097
4.93575494097
4.93575494097
4.93575494097
4.93575494097
4.93575494097
4.93575494097
4.93575494097
4.93575494097
4.93575494097
4.93575494097
4.93575494097
4.93575494097
4.93575494097
4.93575494097
4.93575494097
4.93575494097
4.93575494097
4.93575494097
4.93575494097
4.93575494097
4.93575494097
4.93575494097
4.93575494097
4.93575494097
4.93575494097
4.93575494097
4.93575494097
4.93575494097
4.93575494097
4.93575494097
4.93575494097
4.93575494097
4.93575494097
4.93575494097
4.93575494097
4.93575494097
4.93575494097
4.93575494097
4.93575494097
4.93575494097
4.93575494097
4.93575494097
4.93575494097
4.93575494097
4.93575494097
4.93575494097
4.93575494097
4.93575494097
4.93575494097
4.93575494097
4.93575494097
4.93575494097
4.93575494097
4.93575494097
4.93575494097
4.93575494097
4.93575494097
4.93575494097
4.93575494097
4.93575494097
4.93575494097
4.93575494097
4.93575494097
4.93575494097
4.93575494097
4.93575494097
4.93575494097
4.93575494097
4.93575494097
4.93575494097
4.93575494097
4.93575494097
4.93575494097
4.93575494097
4.93575494097
4.93575494097
4.93575494097
4.93575494097
4.93575494097
4.93575494097
4.93575494097
4.93575494097
4.93575494097
4.93575494097
4.93575494097
4.93575494097
4.93575494097
4.93575494097
4.93575494097
4.93575494097
4.93575494097
4.93575494097
4.93575494097
4.93575494097
4.93575494097
4.93575494097
4.93575494097
4.93575494097
4.93575494097
4.93575494097
4.93575494097
4.93575494097
4.93575494097
4.93575494097
4.93575494097
4.93575494097
4.93575494097
4.93575494097
4.93575494097
4.93575494097
4.93575494097
4.93575494097
4.93575494097
4.93575494097
4.93575494097
4.93575494097
4.93575494097
4.93575494097
4.93575494097
4.93575494097
4.93575494097
4.93575494097
4.93575494097
4.93575494097
4.93575494097
4.93575494097
4.93575494097
4.93575494097
4.93575494097
4.93575494097
4.93575494097
4.93575494097
4.93575494097
4.93575494097
4.93575494097
4.93575494097
4.93575494097
4.93575494097
4.93575494097
4.93575494097
4.93575494097
4.93575494097
4.93575494097
4.93575494097
4.93575494097
4.93575494097
4.93575494097
4.93575494097
4.93575494097
4.93575494097
4.93575494097
4.93575494097
4.93575494097
4.93575494097
4.93575494097
4.93575494097
4.93575494097
4.93575494097
4.93575494097
4.93575494097
4.93575494097
4.93575494097
4.93575494097
4.93575494097
4.93575494097
4.93575494097
4.93575494097
4.93575494097
4.93575494097
4.93575494097
4.93575494097
4.93575494097
4.93575494097
4.93575494097
4.93575494097
4.93575494097
4.93575494097
4.93575494097
4.93575494097
4.93575494097
4.93575494097
4.93575494097
4.93575494097
4.93575494097
4.93575494097
4.93575494097
4.93575494097
4.93575494097
4.93575494097
4.93575494097
4.93575494097
4.93575494097
4.93575494097
4.93575494097
4.93575494097
4.93575494097
4.93575494097
4.93575494097
4.93575494097
4.93575494097
4.93575494097
4.93575494097
4.93575494097
4.93575494097
4.93575494097
4.93575494097
4.93575494097
4.93575494097
4.93575494097
4.93575494097
4.93575494097
4.93575494097
4.93575494097
4.93575494097
4.93575494097
4.93575494097
4.93575494097
4.93575494097
4.93575494097
4.93575494097
4.93575494097
4.93575494097
4.93575494097
4.93575494097
4.93575494097
4.93575494097
4.93575494097
4.93575494097
4.93575494097
4.93575494097
4.93575494097
4.93575494097
4.93575494097
4.93575494097
4.93575494097
4.93575494097
4.93575494097
4.93575494097
4.93575494097
4.93575494097
4.93575494097
4.93575494097
4.93575494097
4.93575494097
4.93575494097
4.93575494097
4.93575494097
4.93575494097
4.93575494097
4.93575494097
4.93575494097
4.93575494097
4.93575494097
4.93575494097
4.93575494097
4.93575494097
4.93575494097
4.93575494097
4.93575494097
4.93575494097
4.93575494097
4.93575494097
4.93575494097
4.93575494097
4.93575494097
4.93575494097
4.93575494097
4.93575494097
4.93575494097
4.93575494097
4.93575494097
4.93575494097
4.93575494097
4.93575494097
4.93575494097
4.93575494097
4.93575494097
4.93575494097
4.93575494097
4.93575494097
4.93575494097
4.93575494097
4.93575494097
4.93575494097
4.93575494097
4.93575494097
4.93575494097
4.93575494097
4.93575494097
4.93575494097
4.93575494097
4.93575494097
4.93575494097
4.93575494097
4.93575494097
4.93575494097
4.93575494097
4.93575494097
4.93575494097
4.93575494097
4.93575494097
4.93575494097
4.93575494097
4.93575494097
4.93575494097
4.93575494097
4.93575494097
4.93575494097
4.93575494097
4.93575494097
4.93575494097
4.93575494097
4.93575494097
4.93575494097
4.93575494097
4.93575494097
4.93575494097
4.93575494097
4.93575494097
4.93575494097
4.93575494097
4.93575494097
4.93575494097
4.93575494097
4.93575494097
4.93575494097
4.93575494097
4.93575494097
4.93575494097
4.93575494097
4.93575494097
4.93575494097
4.93575494097
4.93575494097
4.93575494097
4.93575494097
4.93575494097
4.93575494097
4.93575494097
4.93575494097
4.93575494097
4.93575494097
4.93575494097
4.93575494097
4.93575494097
4.93575494097
4.93575494097
4.93575494097
4.93575494097
4.93575494097
4.93575494097
4.93575494097
4.93575494097
4.93575494097
4.93575494097
4.93575494097
4.93575494097
4.93575494097
4.93575494097
4.93575494097
4.93575494097
4.93575494097
4.93575494097
4.93575494097
4.93575494097
4.93575494097
4.93575494097
4.93575494097
4.93575494097
4.93575494097
4.93575494097
4.93575494097
4.93575494097
4.93575494097
4.93575494097
4.93575494097
4.93575494097
4.93575494097
4.93575494097
4.93575494097
4.93575494097
4.93575494097
4.93575494097
4.93575494097
4.93575494097
4.93575494097
4.93575494097
4.93575494097
4.93575494097
4.93575494097
4.93575494097
4.93575494097
4.93575494097
4.93575494097
4.93575494097
4.93575494097
4.93575494097
4.93575494097
4.93575494097
4.93575494097
4.93575494097
4.93575494097
4.93575494097
4.93575494097
4.93575494097
4.93575494097
4.93575494097
4.93575494097
4.93575494097
4.93575494097
4.93575494097
4.93575494097
4.93575494097
4.93575494097
4.93575494097
4.93575494097
4.93575494097
4.93575494097
4.93575494097
4.93575494097
4.93575494097
4.93575494097
4.93575494097
4.93575494097
4.93575494097
4.93575494097
4.93575494097
4.93575494097
4.93575494097
4.93575494097
4.93575494097
4.93575494097
4.93575494097
4.93575494097
4.93575494097
4.93575494097
4.93575494097
4.93575494097
4.93575494097
4.93575494097
4.93575494097
4.93575494097
4.93575494097
4.93575494097
4.93575494097
4.93575494097
4.93575494097
4.93575494097
4.93575494097
4.93575494097
4.93575494097
4.93575494097
4.93575494097
4.93575494097
4.93575494097
4.93575494097
4.93575494097
4.93575494097
4.93575494097
4.93575494097
4.93575494097
4.93575494097
4.93575494097
4.93575494097
4.93575494097
4.93575494097
4.93575494097
4.93575494097
4.93575494097
4.93575494097
4.93575494097
4.93575494097
4.93575494097
4.93575494097
4.93575494097
4.93575494097
4.93575494097
4.93575494097
4.93575494097
4.93575494097
4.93575494097
4.93575494097
4.93575494097
4.93575494097
4.93575494097
4.93575494097
4.93575494097
4.93575494097
4.93575494097
4.93575494097
4.93575494097
4.93575494097
4.93575494097
4.93575494097
4.93575494097
4.93575494097
4.93575494097
4.93575494097
4.93575494097
4.93575494097
4.93575494097
4.93575494097
4.93575494097
4.93575494097
4.93575494097
4.93575494097
4.93575494097
4.93575494097
4.93575494097
4.93575494097
4.93575494097
4.93575494097
4.93575494097
4.93575494097
4.93575494097
4.93575494097
4.93575494097
4.93575494097
4.93575494097
4.93575494097
4.93575494097
4.93575494097
4.93575494097
4.93575494097
4.93575494097
4.93575494097
4.93575494097
4.93575494097
4.93575494097
4.93575494097
4.93575494097
4.93575494097
4.93575494097
4.93575494097
4.93575494097
4.93575494097
4.93575494097
4.93575494097
4.93575494097
4.93575494097
4.93575494097
4.93575494097
4.93575494097
4.93575494097
4.93575494097
4.93575494097
4.93575494097
4.93575494097
4.93575494097
4.93575494097
4.93575494097
4.93575494097
4.93575494097
4.93575494097
4.93575494097
4.93575494097
4.93575494097
4.93575494097
4.93575494097
4.93575494097
4.93575494097
4.93575494097
4.93575494097
4.93575494097
4.93575494097
4.93575494097
4.93575494097
4.93575494097
4.93575494097
4.93575494097
4.93575494097
4.93575494097
4.93575494097
4.93575494097
4.93575494097
4.93575494097
4.93575494097
4.93575494097
4.93575494097
4.93575494097
4.93575494097
4.93575494097
4.93575494097
4.93575494097
4.93575494097
4.93575494097
4.93575494097
4.93575494097
4.93575494097
4.93575494097
4.93575494097
4.93575494097
4.93575494097
4.93575494097
4.93575494097
4.93575494097
4.93575494097
4.93575494097
4.93575494097
4.93575494097
4.93575494097
4.93575494097
4.93575494097
4.93575494097
4.93575494097
4.93575494097
4.93575494097
4.93575494097
4.93575494097
4.93575494097
4.93575494097
4.93575494097
4.93575494097
4.93575494097
4.93575494097
4.93575494097
4.93575494097
4.93575494097
4.93575494097
4.93575494097
4.93575494097
4.93575494097
4.93575494097
4.93575494097
4.93575494097
4.93575494097
4.93575494097
4.93575494097
4.93575494097
4.93575494097
4.93575494097
4.93575494097
4.93575494097
4.93575494097
4.93575494097
4.93575494097
4.93575494097
4.93575494097
4.93575494097
4.93575494097
4.93575494097
4.93575494097
4.93575494097
4.93575494097
4.93575494097
4.93575494097
4.93575494097
4.93575494097
4.93575494097
4.93575494097
4.93575494097
4.93575494097
4.93575494097
4.93575494097
4.93575494097
4.93575494097
4.93575494097
4.93575494097
4.93575494097
4.93575494097
4.93575494097
4.93575494097
4.93575494097
4.93575494097
4.93575494097
4.93575494097
4.93575494097
4.93575494097
4.93575494097
4.93575494097
4.93575494097
4.93575494097
4.93575494097
4.93575494097
4.93575494097
4.93575494097
4.93575494097
4.93575494097
4.93575494097
4.93575494097
4.93575494097
4.93575494097
4.93575494097
4.93575494097
4.93575494097
4.93575494097
4.93575494097
4.93575494097
4.93575494097
4.93575494097
4.93575494097
4.93575494097
4.93575494097
4.93575494097
4.93575494097
4.93575494097
4.93575494097
4.93575494097
4.93575494097
4.93575494097
4.93575494097
4.93575494097
4.93575494097
4.93575494097
4.93575494097
4.93575494097
4.93575494097
4.93575494097
4.93575494097
4.93575494097
4.93575494097
4.93575494097
4.93575494097
4.93575494097
4.93575494097
4.93575494097
4.93575494097
4.93575494097
4.93575494097
4.93575494097
4.93575494097
4.93575494097
4.93575494097
4.93575494097
4.93575494097
4.93575494097
4.93575494097
4.93575494097
4.93575494097
4.93575494097
4.93575494097
4.93575494097
4.93575494097
4.93575494097
4.93575494097
4.93575494097
4.93575494097
4.93575494097
4.93575494097
4.93575494097
4.93575494097
4.93575494097
4.93575494097
4.93575494097
4.93575494097
4.93575494097
4.93575494097
4.93575494097
4.93575494097
4.93575494097
4.93575494097
4.93575494097
4.93575494097
4.93575494097
4.93575494097
4.93575494097
4.93575494097
4.93575494097
4.93575494097
4.93575494097
4.93575494097
4.93575494097
4.93575494097
4.93575494097
4.93575494097
4.93575494097
4.93575494097
4.93575494097
4.93575494097
4.93575494097
4.93575494097
4.93575494097
4.93575494097
4.93575494097
4.93575494097
4.93575494097
4.93575494097
4.93575494097
4.93575494097
4.93575494097
4.93575494097
4.93575494097
4.93575494097
4.93575494097
4.93575494097
4.93575494097
4.93575494097
4.93575494097
4.93575494097
4.93575494097
4.93575494097
4.93575494097
4.93575494097
4.93575494097
4.93575494097
4.93575494097
4.93575494097
4.93575494097
4.93575494097
4.93575494097
4.93575494097
4.93575494097
4.93575494097
4.93575494097
4.93575494097
4.93575494097
4.93575494097
4.93575494097
4.93575494097
4.93575494097
4.93575494097
4.93575494097
4.93575494097
4.93575494097
4.93575494097
4.93575494097
4.93575494097
4.93575494097
4.93575494097
4.93575494097
4.93575494097
4.93575494097
4.93575494097
4.93575494097
4.93575494097
4.93575494097
4.93575494097
4.93575494097
4.93575494097
4.93575494097
4.93575494097
4.93575494097
4.93575494097
4.93575494097
4.93575494097
4.93575494097
4.93575494097
4.93575494097
4.93575494097
4.93575494097
4.93575494097
4.93575494097
4.93575494097
4.93575494097
4.93575494097
4.93575494097
4.93575494097
4.93575494097
4.93575494097
4.93575494097
4.93575494097
4.93575494097
4.93575494097
4.93575494097
4.93575494097
4.93575494097
4.93575494097
4.93575494097
4.93575494097
4.93575494097
4.93575494097
4.93575494097
4.93575494097
4.93575494097
4.93575494097
4.93575494097
4.93575494097
4.93575494097
4.93575494097
4.93575494097
4.93575494097
4.93575494097
4.93575494097
4.93575494097
4.93575494097
4.93575494097
4.93575494097
4.93575494097
4.93575494097
4.93575494097
4.93575494097
4.93575494097
4.93575494097
4.93575494097
4.93575494097
4.93575494097
4.93575494097
4.93575494097
4.93575494097
4.93575494097
4.93575494097
4.93575494097
4.93575494097
4.93575494097
4.93575494097
4.93575494097
4.93575494097
4.93575494097
4.93575494097
4.93575494097
4.93575494097
4.93575494097
4.93575494097
4.93575494097
4.93575494097
4.93575494097
4.93575494097
4.93575494097
4.93575494097
4.93575494097
4.93575494097
4.93575494097
4.93575494097
4.93575494097
4.93575494097
4.93575494097
4.93575494097
4.93575494097
4.93575494097
4.93575494097
4.93575494097
4.93575494097
4.93575494097
4.93575494097
4.93575494097
4.93575494097
4.93575494097
4.93575494097
4.93575494097
4.93575494097
4.93575494097
4.93575494097
4.93575494097
4.93575494097
4.93575494097
4.93575494097
4.93575494097
4.93575494097
4.93575494097
4.93575494097
4.93575494097
4.93575494097
4.93575494097
4.93575494097
4.93575494097
4.93575494097
4.93575494097
4.93575494097
4.93575494097
4.93575494097
4.93575494097
4.93575494097
4.93575494097
4.93575494097
4.93575494097
4.93575494097
4.93575494097
4.93575494097
4.93575494097
4.93575494097
4.93575494097
4.93575494097
4.93575494097
4.93575494097
4.93575494097
4.93575494097
4.93575494097
4.93575494097
4.93575494097
4.93575494097
4.93575494097
4.93575494097
4.93575494097
4.93575494097
4.93575494097
4.93575494097
4.93575494097
4.93575494097
4.93575494097
4.93575494097
4.93575494097
4.93575494097
4.93575494097
4.93575494097
4.93575494097
4.93575494097
4.93575494097
4.93575494097
4.93575494097
4.93575494097
4.93575494097
4.93575494097
4.93575494097
4.93575494097
4.93575494097
4.93575494097
4.93575494097
4.93575494097
4.93575494097
4.93575494097
4.93575494097
4.93575494097
4.93575494097
4.93575494097
4.93575494097
4.93575494097
4.93575494097
4.93575494097
4.93575494097
4.93575494097
4.93575494097
4.93575494097
4.93575494097
4.93575494097
4.93575494097
4.93575494097
4.93575494097
4.93575494097
4.93575494097
4.93575494097
4.93575494097
4.93575494097
4.93575494097
4.93575494097
4.93575494097
4.93575494097
4.93575494097
4.93575494097
4.93575494097
4.93575494097
4.93575494097
4.93575494097
4.93575494097
4.93575494097
4.93575494097
4.93575494097
4.93575494097
4.93575494097
4.93575494097
4.93575494097
4.93575494097
4.93575494097
4.93575494097
4.93575494097
4.93575494097
4.93575494097
4.93575494097
4.93575494097
4.93575494097
4.93575494097
4.93575494097
4.93575494097
4.93575494097
4.93575494097
4.93575494097
4.93575494097
4.93575494097
4.93575494097
4.93575494097
4.93575494097
4.93575494097
4.93575494097
4.93575494097
4.93575494097
4.93575494097
4.93575494097
4.93575494097
4.93575494097
4.93575494097
4.93575494097
4.93575494097
4.93575494097
4.93575494097
4.93575494097
4.93575494097
4.93575494097
4.93575494097
4.93575494097
4.93575494097
4.93575494097
4.93575494097
4.93575494097
4.93575494097
4.93575494097
4.93575494097
4.93575494097
4.93575494097
4.93575494097
4.93575494097
4.93575494097
4.93575494097
4.93575494097
4.93575494097
4.93575494097
4.93575494097
4.93575494097
4.93575494097
4.93575494097
4.93575494097
4.93575494097
4.93575494097
4.93575494097
4.93575494097
4.93575494097
4.93575494097
4.93575494097
4.93575494097
4.93575494097
4.93575494097
4.93575494097
4.93575494097
4.93575494097
4.93575494097
4.93575494097
4.93575494097
4.93575494097
4.93575494097
4.93575494097
4.93575494097
4.93575494097
4.93575494097
4.93575494097
4.93575494097
4.93575494097
4.93575494097
4.93575494097
4.93575494097
4.93575494097
4.93575494097
4.93575494097
4.93575494097
4.93575494097
4.93575494097
4.93575494097
4.93575494097
4.93575494097
4.93575494097
4.93575494097
4.93575494097
4.93575494097
4.93575494097
4.93575494097
4.93575494097
4.93575494097
4.93575494097
4.93575494097
4.93575494097
4.93575494097
4.93575494097
4.93575494097
4.93575494097
4.93575494097
4.93575494097
4.93575494097
4.93575494097
4.93575494097
4.93575494097
4.93575494097
4.93575494097
4.93575494097
4.93575494097
4.93575494097
4.93575494097
4.93575494097
4.93575494097
4.93575494097
4.93575494097
4.93575494097
4.93575494097
4.93575494097
4.93575494097
4.93575494097
4.93575494097
4.93575494097
4.93575494097
4.93575494097
4.93575494097
4.93575494097
4.93575494097
4.93575494097
4.93575494097
4.93575494097
4.93575494097
4.93575494097
4.93575494097
4.93575494097
4.93575494097
4.93575494097
4.93575494097
4.93575494097
4.93575494097
4.93575494097
4.93575494097
4.93575494097
4.93575494097
4.93575494097
4.93575494097
4.93575494097
4.93575494097
4.93575494097
4.93575494097
4.93575494097
4.93575494097
4.93575494097
4.93575494097
4.93575494097
4.93575494097
4.93575494097
4.93575494097
4.93575494097
4.93575494097
4.93575494097
4.93575494097
4.93575494097
4.93575494097
4.93575494097
4.93575494097
4.93575494097
4.93575494097
4.93575494097
4.93575494097
4.93575494097
4.93575494097
4.93575494097
4.93575494097
4.93575494097
4.93575494097
4.93575494097
4.93575494097
4.93575494097
4.93575494097
4.93575494097
4.93575494097
4.93575494097
4.93575494097
4.93575494097
4.93575494097
4.93575494097
4.93575494097
4.93575494097
4.93575494097
4.93575494097
4.93575494097
4.93575494097
4.93575494097
4.93575494097
4.93575494097
4.93575494097
4.93575494097
4.93575494097
4.93575494097
4.93575494097
4.93575494097
4.93575494097
4.93575494097
4.93575494097
4.93575494097
4.93575494097
4.93575494097
4.93575494097
4.93575494097
4.93575494097
4.93575494097
4.93575494097
4.93575494097
4.93575494097
4.93575494097
4.93575494097
4.93575494097
4.93575494097
4.93575494097
4.93575494097
4.93575494097
4.93575494097
4.93575494097
4.93575494097
4.93575494097
4.93575494097
4.93575494097
4.93575494097
4.93575494097
4.93575494097
4.93575494097
4.93575494097
4.93575494097
4.93575494097
4.93575494097
4.93575494097
4.93575494097
4.93575494097
4.93575494097
4.93575494097
4.93575494097
4.93575494097
4.93575494097
4.93575494097
4.93575494097
4.93575494097
4.93575494097
4.93575494097
4.93575494097
4.93575494097
4.93575494097
4.93575494097
4.93575494097
4.93575494097
4.93575494097
4.93575494097
4.93575494097
4.93575494097
4.93575494097
4.93575494097
4.93575494097
4.93575494097
4.93575494097
4.93575494097
4.93575494097
4.93575494097
4.93575494097
4.93575494097
4.93575494097
4.93575494097
4.93575494097
4.93575494097
4.93575494097
4.93575494097
4.93575494097
4.93575494097
4.93575494097
4.93575494097
4.93575494097
4.93575494097
4.93575494097
4.93575494097
4.93575494097
4.93575494097
4.93575494097
4.93575494097
4.93575494097
4.93575494097
4.93575494097
4.93575494097
4.93575494097
4.93575494097
4.93575494097
4.93575494097
4.93575494097
4.93575494097
4.93575494097
4.93575494097
4.93575494097
4.93575494097
4.93575494097
4.93575494097
4.93575494097
4.93575494097
4.93575494097
4.93575494097
4.93575494097
4.93575494097
4.93575494097
4.93575494097
4.93575494097
4.93575494097
4.93575494097
4.93575494097
4.93575494097
4.93575494097
4.93575494097
4.93575494097
4.93575494097
4.93575494097
4.93575494097
4.93575494097
4.93575494097
4.93575494097
4.93575494097
4.93575494097
4.93575494097
4.93575494097
4.93575494097
4.93575494097
4.93575494097
4.93575494097
4.93575494097
4.93575494097
4.93575494097
4.93575494097
4.93575494097
4.93575494097
4.93575494097
4.93575494097
4.93575494097
4.93575494097
4.93575494097
4.93575494097
4.93575494097
4.93575494097
4.93575494097
4.93575494097
4.93575494097
4.93575494097
4.93575494097
4.93575494097
4.93575494097
4.93575494097
4.93575494097
4.93575494097
4.93575494097
4.93575494097
4.93575494097
4.93575494097
4.93575494097
4.93575494097
4.93575494097
4.93575494097
4.93575494097
4.93575494097
4.93575494097
4.93575494097
4.93575494097
4.93575494097
4.93575494097
4.93575494097
4.93575494097
4.93575494097
4.93575494097
4.93575494097
4.93575494097
4.93575494097
4.93575494097
4.93575494097
4.93575494097
4.93575494097
4.93575494097
4.93575494097
4.93575494097
4.93575494097
4.93575494097
4.93575494097
4.93575494097
4.93575494097
4.93575494097
4.93575494097
4.93575494097
4.93575494097
4.93575494097
4.93575494097
4.93575494097
4.93575494097
4.93575494097
4.93575494097
4.93575494097
4.93575494097
4.93575494097
4.93575494097
4.93575494097
4.93575494097
4.93575494097
4.93575494097
4.93575494097
4.93575494097
4.93575494097
4.93575494097
4.93575494097
4.93575494097
4.93575494097
4.93575494097
4.93575494097
4.93575494097
4.93575494097
4.93575494097
4.93575494097
4.93575494097
4.93575494097
4.93575494097
4.93575494097
4.93575494097
4.93575494097
4.93575494097
4.93575494097
4.93575494097
4.93575494097
4.93575494097
4.93575494097
4.93575494097
4.93575494097
4.93575494097
4.93575494097
4.93575494097
4.93575494097
4.93575494097
4.93575494097
4.93575494097
4.93575494097
4.93575494097
4.93575494097
4.93575494097
4.93575494097
4.93575494097
4.93575494097
4.93575494097
4.93575494097
4.93575494097
4.93575494097
4.93575494097
4.93575494097
4.93575494097
4.93575494097
4.93575494097
4.93575494097
4.93575494097
4.93575494097
4.93575494097
4.93575494097
4.93575494097
4.93575494097
4.93575494097
4.93575494097
4.93575494097
4.93575494097
4.93575494097
4.93575494097
4.93575494097
4.93575494097
4.93575494097
4.93575494097
4.93575494097
4.93575494097
4.93575494097
4.93575494097
4.93575494097
4.93575494097
4.93575494097
4.93575494097
4.93575494097
4.93575494097
4.93575494097
4.93575494097
4.93575494097
4.93575494097
4.93575494097
4.93575494097
4.93575494097
4.93575494097
4.93575494097
4.93575494097
4.93575494097
4.93575494097
4.93575494097
4.93575494097
4.93575494097
4.93575494097
4.93575494097
4.93575494097
4.93575494097
4.93575494097
4.93575494097
4.93575494097
4.93575494097
4.93575494097
4.93575494097
4.93575494097
4.93575494097
4.93575494097
4.93575494097
4.93575494097
4.93575494097
4.93575494097
4.93575494097
4.93575494097
4.93575494097
4.93575494097
4.93575494097
4.93575494097
4.93575494097
4.93575494097
4.93575494097
4.93575494097
4.93575494097
4.93575494097
4.93575494097
4.93575494097
4.93575494097
4.93575494097
4.93575494097
4.93575494097
4.93575494097
4.93575494097
4.93575494097
4.93575494097
4.93575494097
4.93575494097
4.93575494097
4.93575494097
4.93575494097
4.93575494097
4.93575494097
4.93575494097
4.93575494097
4.93575494097
4.93575494097
4.93575494097
4.93575494097
4.93575494097
4.93575494097
4.93575494097
4.93575494097
4.93575494097
4.93575494097
4.93575494097
4.93575494097
4.93575494097
4.93575494097
4.93575494097
4.93575494097
4.93575494097
4.93575494097
4.93575494097
4.93575494097
4.93575494097
4.93575494097
4.93575494097
4.93575494097
4.93575494097
4.93575494097
4.93575494097
4.93575494097
4.93575494097
4.93575494097
4.93575494097
4.93575494097
4.93575494097
4.93575494097
4.93575494097
4.93575494097
4.93575494097
4.93575494097
4.93575494097
4.93575494097
4.93575494097
4.93575494097
4.93575494097
4.93575494097
4.93575494097
4.93575494097
4.93575494097
4.93575494097
4.93575494097
4.93575494097
4.93575494097
4.93575494097
4.93575494097
4.93575494097
4.93575494097
4.93575494097
4.93575494097
4.93575494097
4.93575494097
4.93575494097
4.93575494097
4.93575494097
4.93575494097
4.93575494097
4.93575494097
4.93575494097
4.93575494097
4.93575494097
4.93575494097
4.93575494097
4.93575494097
4.93575494097
4.93575494097
4.93575494097
4.93575494097
4.93575494097
4.93575494097
4.93575494097
4.93575494097
4.93575494097
4.93575494097
4.93575494097
4.93575494097
4.93575494097
4.93575494097
4.93575494097
4.93575494097
4.93575494097
4.93575494097
4.93575494097
4.93575494097
4.93575494097
4.93575494097
4.93575494097
4.93575494097
4.93575494097
4.93575494097
4.93575494097
4.93575494097
4.93575494097
4.93575494097
4.93575494097
4.93575494097
4.93575494097
4.93575494097
4.93575494097
4.93575494097
4.93575494097
4.93575494097
4.93575494097
4.93575494097
4.93575494097
4.93575494097
4.93575494097
4.93575494097
4.93575494097
4.93575494097
4.93575494097
4.93575494097
4.93575494097
4.93575494097
4.93575494097
4.93575494097
4.93575494097
4.93575494097
4.93575494097
4.93575494097
4.93575494097
4.93575494097
4.93575494097
4.93575494097
4.93575494097
4.93575494097
4.93575494097
4.93575494097
4.93575494097
4.93575494097
4.93575494097
4.93575494097
4.93575494097
4.93575494097
4.93575494097
4.93575494097
4.93575494097
4.93575494097
4.93575494097
4.93575494097
4.93575494097
4.93575494097
4.93575494097
4.93575494097
4.93575494097
4.93575494097
4.93575494097
4.93575494097
4.93575494097
4.93575494097
4.93575494097
4.93575494097
4.93575494097
4.93575494097
4.93575494097
4.93575494097
4.93575494097
4.93575494097
4.93575494097
4.93575494097
4.93575494097
4.93575494097
4.93575494097
4.93575494097
4.93575494097
4.93575494097
4.93575494097
4.93575494097
4.93575494097
4.93575494097
4.93575494097
4.93575494097
4.93575494097
4.93575494097
4.93575494097
4.93575494097
4.93575494097
4.93575494097
4.93575494097
4.93575494097
4.93575494097
4.93575494097
4.93575494097
4.93575494097
4.93575494097
4.93575494097
4.93575494097
4.93575494097
4.93575494097
4.93575494097
4.93575494097
4.93575494097
4.93575494097
4.93575494097
4.93575494097
4.93575494097
4.93575494097
4.93575494097
4.93575494097
4.93575494097
4.93575494097
4.93575494097
4.93575494097
4.93575494097
4.93575494097
4.93575494097
4.93575494097
4.93575494097
4.93575494097
4.93575494097
4.93575494097
4.93575494097
4.93575494097
4.93575494097
4.93575494097
4.93575494097
4.93575494097
4.93575494097
4.93575494097
4.93575494097
4.93575494097
4.93575494097
4.93575494097
4.93575494097
4.93575494097
4.93575494097
4.93575494097
4.93575494097
4.93575494097
4.93575494097
4.93575494097
4.93575494097
4.93575494097
4.93575494097
4.93575494097
4.93575494097
4.93575494097
4.93575494097
4.93575494097
4.93575494097
4.93575494097
4.93575494097
4.93575494097
4.93575494097
4.93575494097
4.93575494097
4.93575494097
4.93575494097
4.93575494097
4.93575494097
4.93575494097
4.93575494097
4.93575494097
4.93575494097
4.93575494097
4.93575494097
4.93575494097
4.93575494097
4.93575494097
4.93575494097
4.93575494097
4.93575494097
4.93575494097
4.93575494097
4.93575494097
4.93575494097
4.93575494097
4.93575494097
4.93575494097
4.93575494097
4.93575494097
4.93575494097
4.93575494097
4.93575494097
4.93575494097
4.93575494097
4.93575494097
4.93575494097
4.93575494097
4.93575494097
4.93575494097
4.93575494097
4.93575494097
4.93575494097
4.93575494097
4.93575494097
4.93575494097
4.93575494097
4.93575494097
4.93575494097
4.93575494097
4.93575494097
4.93575494097
4.93575494097
4.93575494097
4.93575494097
4.93575494097
4.93575494097
4.93575494097
4.93575494097
4.93575494097
4.93575494097
4.93575494097
4.93575494097
4.93575494097
4.93575494097
4.93575494097
4.93575494097
4.93575494097
4.93575494097
4.93575494097
4.93575494097
4.93575494097
4.93575494097
4.93575494097
4.93575494097
4.93575494097
4.93575494097
4.93575494097
4.93575494097
4.93575494097
4.93575494097
4.93575494097
4.93575494097
4.93575494097
4.93575494097
4.93575494097
4.93575494097
4.93575494097
4.93575494097
4.93575494097
4.93575494097
4.93575494097
4.93575494097
4.93575494097
4.93575494097
4.93575494097
4.93575494097
4.93575494097
4.93575494097
4.93575494097
4.93575494097
4.93575494097
4.93575494097
4.93575494097
4.93575494097
4.93575494097
4.93575494097
4.93575494097
4.93575494097
4.93575494097
4.93575494097
4.93575494097
4.93575494097
4.93575494097
4.93575494097
4.93575494097
4.93575494097
4.93575494097
4.93575494097
4.93575494097
4.93575494097
4.93575494097
4.93575494097
4.93575494097
4.93575494097
4.93575494097
4.93575494097
4.93575494097
4.93575494097
4.93575494097
4.93575494097
4.93575494097
4.93575494097
4.93575494097
4.93575494097
4.93575494097
4.93575494097
4.93575494097
4.93575494097
4.93575494097
4.93575494097
4.93575494097
4.93575494097
4.93575494097
4.93575494097
4.93575494097
4.93575494097
4.93575494097
4.93575494097
4.93575494097
4.93575494097
4.93575494097
4.93575494097
4.93575494097
4.93575494097
4.93575494097
4.93575494097
4.93575494097
4.93575494097
4.93575494097
4.93575494097
4.93575494097
4.93575494097
4.93575494097
4.93575494097
4.93575494097
4.93575494097
4.93575494097
4.93575494097
4.93575494097
4.93575494097
4.93575494097
4.93575494097
4.93575494097
4.93575494097
4.93575494097
4.93575494097
4.93575494097
4.93575494097
4.93575494097
4.93575494097
4.93575494097
4.93575494097
4.93575494097
4.93575494097
4.93575494097
4.93575494097
4.93575494097
4.93575494097
4.93575494097
4.93575494097
4.93575494097
4.93575494097
4.93575494097
4.93575494097
4.93575494097
4.93575494097
4.93575494097
4.93575494097
4.93575494097
4.93575494097
4.93575494097
4.93575494097
4.93575494097
4.93575494097
4.93575494097
4.93575494097
4.93575494097
4.93575494097
4.93575494097
4.93575494097
4.93575494097
4.93575494097
4.93575494097
4.93575494097
4.93575494097
4.93575494097
4.93575494097
4.93575494097
4.93575494097
4.93575494097
4.93575494097
4.93575494097
4.93575494097
4.93575494097
4.93575494097
4.93575494097
4.93575494097
4.93575494097
4.93575494097
4.93575494097
4.93575494097
4.93575494097
4.93575494097
4.93575494097
4.93575494097
4.93575494097
4.93575494097
4.93575494097
4.93575494097
4.93575494097
4.93575494097
4.93575494097
4.93575494097
4.93575494097
4.93575494097
4.93575494097
4.93575494097
4.93575494097
4.93575494097
4.93575494097
4.93575494097
4.93575494097
4.93575494097
4.93575494097
4.93575494097
4.93575494097
4.93575494097
4.93575494097
4.93575494097
4.93575494097
4.93575494097
4.93575494097
4.93575494097
4.93575494097
4.93575494097
4.93575494097
4.93575494097
4.93575494097
4.93575494097
4.93575494097
4.93575494097
4.93575494097
4.93575494097
4.93575494097
4.93575494097
4.93575494097
4.93575494097
4.93575494097
4.93575494097
4.93575494097
4.93575494097
4.93575494097
4.93575494097
4.93575494097
4.93575494097
4.93575494097
4.93575494097
4.93575494097
4.93575494097
4.93575494097
4.93575494097
4.93575494097
4.93575494097
4.93575494097
4.93575494097
4.93575494097
4.93575494097
4.93575494097
4.93575494097
4.93575494097
4.93575494097
4.93575494097
4.93575494097
4.93575494097
4.93575494097
4.93575494097
4.93575494097
4.93575494097
4.93575494097
4.93575494097
4.93575494097
4.93575494097
4.93575494097
4.93575494097
4.93575494097
4.93575494097
4.93575494097
4.93575494097
4.93575494097
4.93575494097
4.93575494097
4.93575494097
4.93575494097
4.93575494097
4.93575494097
4.93575494097
4.93575494097
4.93575494097
4.93575494097
4.93575494097
4.93575494097
4.93575494097
4.93575494097
4.93575494097
4.93575494097
4.93575494097
4.93575494097
4.93575494097
4.93575494097
4.93575494097
4.93575494097
4.93575494097
4.93575494097
4.93575494097
4.93575494097
4.93575494097
4.93575494097
4.93575494097
4.93575494097
4.93575494097
4.93575494097
4.93575494097
4.93575494097
4.93575494097
4.93575494097
4.93575494097
4.93575494097
4.93575494097
4.93575494097
4.93575494097
4.93575494097
4.93575494097
4.93575494097
4.93575494097
4.93575494097
4.93575494097
4.93575494097
4.93575494097
4.93575494097
4.93575494097
4.93575494097
4.93575494097
4.93575494097
4.93575494097
4.93575494097
4.93575494097
4.93575494097
4.93575494097
4.93575494097
4.93575494097
4.93575494097
4.93575494097
4.93575494097
4.93575494097
4.93575494097
4.93575494097
4.93575494097
4.93575494097
4.93575494097
4.93575494097
4.93575494097
4.93575494097
4.93575494097
4.93575494097
4.93575494097
4.93575494097
4.93575494097
4.93575494097
4.93575494097
4.93575494097
4.93575494097
4.93575494097
4.93575494097
4.93575494097
4.93575494097
4.93575494097
4.93575494097
4.93575494097
4.93575494097
4.93575494097
4.93575494097
4.93575494097
4.93575494097
4.93575494097
4.93575494097
4.93575494097
4.93575494097
4.93575494097
4.93575494097
4.93575494097
4.93575494097
4.93575494097
4.93575494097
4.93575494097
4.93575494097
4.93575494097
4.93575494097
4.93575494097
4.93575494097
4.93575494097
4.93575494097
4.93575494097
4.93575494097
4.93575494097
4.93575494097
4.93575494097
4.93575494097
4.93575494097
4.93575494097
4.93575494097
4.93575494097
4.93575494097
4.93575494097
4.93575494097
4.93575494097
4.93575494097
4.93575494097
4.93575494097
4.93575494097
4.93575494097
4.93575494097
4.93575494097
4.93575494097
4.93575494097
4.93575494097
4.93575494097
4.93575494097
4.93575494097
4.93575494097
4.93575494097
4.93575494097
4.93575494097
4.93575494097
4.93575494097
4.93575494097
4.93575494097
4.93575494097
4.93575494097
4.93575494097
4.93575494097
4.93575494097
4.93575494097
4.93575494097
4.93575494097
4.93575494097
4.93575494097
4.93575494097
4.93575494097
4.93575494097
4.93575494097
4.93575494097
4.93575494097
4.93575494097
4.93575494097
4.93575494097
4.93575494097
4.93575494097
4.93575494097
4.93575494097
4.93575494097
4.93575494097
4.93575494097
4.93575494097
4.93575494097
4.93575494097
4.93575494097
4.93575494097
4.93575494097
4.93575494097
4.93575494097
4.93575494097
4.93575494097
4.93575494097
4.93575494097
4.93575494097
4.93575494097
4.93575494097
4.93575494097
4.93575494097
4.93575494097
4.93575494097
4.93575494097
4.93575494097
4.93575494097
4.93575494097
4.93575494097
4.93575494097
4.93575494097
4.93575494097
4.93575494097
4.93575494097
4.93575494097
4.93575494097
4.93575494097
4.93575494097
4.93575494097
4.93575494097
4.93575494097
4.93575494097
4.93575494097
4.93575494097
4.93575494097
4.93575494097
4.93575494097
4.93575494097
4.93575494097
4.93575494097
4.93575494097
4.93575494097
4.93575494097
4.93575494097
4.93575494097
4.93575494097
4.93575494097
4.93575494097
4.93575494097
4.93575494097
4.93575494097
4.93575494097
4.93575494097
4.93575494097
4.93575494097
4.93575494097
4.93575494097
4.93575494097
4.93575494097
4.93575494097
4.93575494097
4.93575494097
4.93575494097
4.93575494097
4.93575494097
4.93575494097
4.93575494097
4.93575494097
4.93575494097
4.93575494097
4.93575494097
4.93575494097
4.93575494097
4.93575494097
4.93575494097
4.93575494097
4.93575494097
4.93575494097
4.93575494097
4.93575494097
4.93575494097
4.93575494097
4.93575494097
4.93575494097
4.93575494097
4.93575494097
4.93575494097
4.93575494097
4.93575494097
4.93575494097
4.93575494097
4.93575494097
4.93575494097
4.93575494097
4.93575494097
4.93575494097
4.93575494097
4.93575494097
4.93575494097
4.93575494097
4.93575494097
4.93575494097
4.93575494097
4.93575494097
4.93575494097
4.93575494097
4.93575494097
4.93575494097
4.93575494097
4.93575494097
4.93575494097
4.93575494097
4.93575494097
4.93575494097
4.93575494097
4.93575494097
4.93575494097
4.93575494097
4.93575494097
4.93575494097
4.93575494097
4.93575494097
4.93575494097
4.93575494097
4.93575494097
4.93575494097
4.93575494097
4.93575494097
4.93575494097
4.93575494097
4.93575494097
4.93575494097
4.93575494097
4.93575494097
4.93575494097
4.93575494097
4.93575494097
4.93575494097
4.93575494097
4.93575494097
4.93575494097
4.93575494097
4.93575494097
4.93575494097
4.93575494097
4.93575494097
4.93575494097
4.93575494097
4.93575494097
4.93575494097
4.93575494097
4.93575494097
4.93575494097
4.93575494097
4.93575494097
4.93575494097
4.93575494097
4.93575494097
4.93575494097
4.93575494097
4.93575494097
4.93575494097
4.93575494097
4.93575494097
4.93575494097
4.93575494097
4.93575494097
4.93575494097
4.93575494097
4.93575494097
4.93575494097
4.93575494097
4.93575494097
4.93575494097
4.93575494097
4.93575494097
4.93575494097
4.93575494097
4.93575494097
4.93575494097
4.93575494097
4.93575494097
4.93575494097
4.93575494097
4.93575494097
4.93575494097
4.93575494097
4.93575494097
4.93575494097
4.93575494097
4.93575494097
4.93575494097
4.93575494097
4.93575494097
4.93575494097
4.93575494097
4.93575494097
4.93575494097
4.93575494097
4.93575494097
4.93575494097
4.93575494097
4.93575494097
4.93575494097
4.93575494097
4.93575494097
4.93575494097
4.93575494097
4.93575494097
4.93575494097
4.93575494097
4.93575494097
4.93575494097
4.93575494097
4.93575494097
4.93575494097
4.93575494097
4.93575494097
4.93575494097
4.93575494097
4.93575494097
4.93575494097
4.93575494097
4.93575494097
4.93575494097
4.93575494097
4.93575494097
4.93575494097
4.93575494097
4.93575494097
4.93575494097
4.93575494097
4.93575494097
4.93575494097
4.93575494097
4.93575494097
4.93575494097
4.93575494097
4.93575494097
4.93575494097
4.93575494097
4.93575494097
4.93575494097
4.93575494097
4.93575494097
4.93575494097
4.93575494097
4.93575494097
4.93575494097
4.93575494097
4.93575494097
4.93575494097
4.93575494097
4.93575494097
4.93575494097
4.93575494097
4.93575494097
4.93575494097
4.93575494097
4.93575494097
4.93575494097
4.93575494097
4.93575494097
4.93575494097
4.93575494097
4.93575494097
4.93575494097
4.93575494097
4.93575494097
4.93575494097
4.93575494097
4.93575494097
4.93575494097
4.93575494097
4.93575494097
4.93575494097
4.93575494097
4.93575494097
4.93575494097
4.93575494097
4.93575494097
4.93575494097
4.93575494097
4.93575494097
4.93575494097
4.93575494097
4.93575494097
4.93575494097
4.93575494097
4.93575494097
4.93575494097
4.93575494097
4.93575494097
4.93575494097
4.93575494097
4.93575494097
4.93575494097
4.93575494097
4.93575494097
4.93575494097
4.93575494097
4.93575494097
4.93575494097
4.93575494097
4.93575494097
4.93575494097
4.93575494097
4.93575494097
4.93575494097
4.93575494097
4.93575494097
4.93575494097
4.93575494097
4.93575494097
4.93575494097
4.93575494097
4.93575494097
4.93575494097
4.93575494097
4.93575494097
4.93575494097
4.93575494097
4.93575494097
4.93575494097
4.93575494097
4.93575494097
4.93575494097
4.93575494097
4.93575494097
4.93575494097
4.93575494097
4.93575494097
4.93575494097
4.93575494097
4.93575494097
4.93575494097
4.93575494097
4.93575494097
4.93575494097
4.93575494097
4.93575494097
4.93575494097
4.93575494097
4.93575494097
4.93575494097
4.93575494097
4.93575494097
4.93575494097
4.93575494097
4.93575494097
4.93575494097
4.93575494097
4.93575494097
4.93575494097
4.93575494097
4.93575494097
4.93575494097
4.93575494097
4.93575494097
4.93575494097
4.93575494097
4.93575494097
4.93575494097
4.93575494097
4.93575494097
4.93575494097
4.93575494097
4.93575494097
4.93575494097
4.93575494097
4.93575494097
4.93575494097
4.93575494097
4.93575494097
4.93575494097
4.93575494097
4.93575494097
4.93575494097
4.93575494097
4.93575494097
4.93575494097
4.93575494097
4.93575494097
4.93575494097
4.93575494097
4.93575494097
4.93575494097
4.93575494097
4.93575494097
4.93575494097
4.93575494097
4.93575494097
4.93575494097
4.93575494097
4.93575494097
4.93575494097
4.93575494097
4.93575494097
4.93575494097
4.93575494097
4.93575494097
4.93575494097
4.93575494097
4.93575494097
4.93575494097
4.93575494097
4.93575494097
4.93575494097
4.93575494097
4.93575494097
4.93575494097
4.93575494097
4.93575494097
4.93575494097
4.93575494097
4.93575494097
4.93575494097
4.93575494097
4.93575494097
4.93575494097
4.93575494097
4.93575494097
4.93575494097
4.93575494097
4.93575494097
4.93575494097
4.93575494097
4.93575494097
4.93575494097
4.93575494097
4.93575494097
4.93575494097
4.93575494097
4.93575494097
4.93575494097
4.93575494097
4.93575494097
4.93575494097
4.93575494097
4.93575494097
4.93575494097
4.93575494097
4.93575494097
4.93575494097
4.93575494097
4.93575494097
4.93575494097
4.93575494097
4.93575494097
4.93575494097
4.93575494097
4.93575494097
4.93575494097
4.93575494097
4.93575494097
4.93575494097
4.93575494097
4.93575494097
4.93575494097
4.93575494097
4.93575494097
4.93575494097
4.93575494097
4.93575494097
4.93575494097
4.93575494097
4.93575494097
4.93575494097
4.93575494097
4.93575494097
4.93575494097
4.93575494097
4.93575494097
4.93575494097
4.93575494097
4.93575494097
4.93575494097
4.93575494097
4.93575494097
4.93575494097
4.93575494097
4.93575494097
4.93575494097
4.93575494097
4.93575494097
4.93575494097
4.93575494097
4.93575494097
4.93575494097
4.93575494097
4.93575494097
4.93575494097
4.93575494097
4.93575494097
4.93575494097
4.93575494097
4.93575494097
4.93575494097
4.93575494097
4.93575494097
4.93575494097
4.93575494097
4.93575494097
4.93575494097
4.93575494097
4.93575494097
4.93575494097
4.93575494097
4.93575494097
4.93575494097
4.93575494097
4.93575494097
4.93575494097
4.93575494097
4.93575494097
4.93575494097
4.93575494097
4.93575494097
4.93575494097
4.93575494097
4.93575494097
4.93575494097
4.93575494097
4.93575494097
4.93575494097
4.93575494097
4.93575494097
4.93575494097
4.93575494097
4.93575494097
4.93575494097
4.93575494097
4.93575494097
4.93575494097
4.93575494097
4.93575494097
4.93575494097
4.93575494097
4.93575494097
4.93575494097
4.93575494097
4.93575494097
4.93575494097
4.93575494097
4.93575494097
4.93575494097
4.93575494097
4.93575494097
4.93575494097
4.93575494097
4.93575494097
4.93575494097
4.93575494097
4.93575494097
4.93575494097
4.93575494097
4.93575494097
4.93575494097
4.93575494097
4.93575494097
4.93575494097
4.93575494097
4.93575494097
4.93575494097
4.93575494097
4.93575494097
4.93575494097
4.93575494097
4.93575494097
4.93575494097
4.93575494097
4.93575494097
4.93575494097
4.93575494097
4.93575494097
4.93575494097
4.93575494097
4.93575494097
4.93575494097
4.93575494097
4.93575494097
4.93575494097
4.93575494097
4.93575494097
4.93575494097
4.93575494097
4.93575494097
4.93575494097
4.93575494097
4.93575494097
4.93575494097
4.93575494097
4.93575494097
4.93575494097
4.93575494097
4.93575494097
4.93575494097
4.93575494097
4.93575494097
4.93575494097
4.93575494097
4.93575494097
4.93575494097
4.93575494097
4.93575494097
4.93575494097
4.93575494097
4.93575494097
4.93575494097
4.93575494097
4.93575494097
4.93575494097
4.93575494097
4.93575494097
4.93575494097
4.93575494097
4.93575494097
4.93575494097
4.93575494097
4.93575494097
4.93575494097
4.93575494097
4.93575494097
4.93575494097
4.93575494097
4.93575494097
4.93575494097
4.93575494097
4.93575494097
4.93575494097
4.93575494097
4.93575494097
4.93575494097
4.93575494097
4.93575494097
4.93575494097
4.93575494097
4.93575494097
4.93575494097
4.93575494097
4.93575494097
4.93575494097
4.93575494097
4.93575494097
4.93575494097
4.93575494097
4.93575494097
4.93575494097
4.93575494097
4.93575494097
4.93575494097
4.93575494097
4.93575494097
4.93575494097
4.93575494097
4.93575494097
4.93575494097
4.93575494097
4.93575494097
4.93575494097
4.93575494097
4.93575494097
4.93575494097
4.93575494097
4.93575494097
4.93575494097
4.93575494097
4.93575494097
4.93575494097
4.93575494097
4.93575494097
4.93575494097
4.93575494097
4.93575494097
4.93575494097
4.93575494097
4.93575494097
4.93575494097
4.93575494097
4.93575494097
4.93575494097
4.93575494097
4.93575494097
4.93575494097
4.93575494097
4.93575494097
4.93575494097
4.93575494097
4.93575494097
4.93575494097
4.93575494097
4.93575494097
4.93575494097
4.93575494097
4.93575494097
4.93575494097
4.93575494097
4.93575494097
4.93575494097
4.93575494097
4.93575494097
4.93575494097
4.93575494097
4.93575494097
4.93575494097
4.93575494097
4.93575494097
4.93575494097
4.93575494097
4.93575494097
4.93575494097
4.93575494097
4.93575494097
4.93575494097
4.93575494097
4.93575494097
4.93575494097
4.93575494097
4.93575494097
4.93575494097
4.93575494097
4.93575494097
4.93575494097
4.93575494097
4.93575494097
4.93575494097
4.93575494097
4.93575494097
4.93575494097
4.93575494097
4.93575494097
4.93575494097
4.93575494097
4.93575494097
4.93575494097
4.93575494097
4.93575494097
4.93575494097
4.93575494097
4.93575494097
4.93575494097
4.93575494097
4.93575494097
4.93575494097
4.93575494097
4.93575494097
4.93575494097
4.93575494097
4.93575494097
4.93575494097
4.93575494097
4.93575494097
4.93575494097
4.93575494097
4.93575494097
4.93575494097
4.93575494097
4.93575494097
4.93575494097
4.93575494097
4.93575494097
4.93575494097
4.93575494097
4.93575494097
4.93575494097
4.93575494097
4.93575494097
4.93575494097
4.93575494097
4.93575494097
4.93575494097
4.93575494097
4.93575494097
4.93575494097
4.93575494097
4.93575494097
4.93575494097
4.93575494097
4.93575494097
4.93575494097
4.93575494097
4.93575494097
4.93575494097
4.93575494097
4.93575494097
4.93575494097
4.93575494097
4.93575494097
4.93575494097
4.93575494097
4.93575494097
4.93575494097
4.93575494097
4.93575494097
4.93575494097
4.93575494097
4.93575494097
4.93575494097
4.93575494097
4.93575494097
4.93575494097
4.93575494097
4.93575494097
4.93575494097
4.93575494097
4.93575494097
4.93575494097
4.93575494097
4.93575494097
4.93575494097
4.93575494097
4.93575494097
4.93575494097
4.93575494097
4.93575494097
4.93575494097
4.93575494097
4.93575494097
4.93575494097
4.93575494097
4.93575494097
4.93575494097
4.93575494097
4.93575494097
4.93575494097
4.93575494097
4.93575494097
4.93575494097
4.93575494097
4.93575494097
4.93575494097
4.93575494097
4.93575494097
4.93575494097
4.93575494097
4.93575494097
4.93575494097
4.93575494097
4.93575494097
4.93575494097
4.93575494097
4.93575494097
4.93575494097
4.93575494097
4.93575494097
4.93575494097
4.93575494097
4.93575494097
4.93575494097
4.93575494097
4.93575494097
4.93575494097
4.93575494097
4.93575494097
4.93575494097
4.93575494097
4.93575494097
4.93575494097
4.93575494097
4.93575494097
4.93575494097
4.93575494097
4.93575494097
4.93575494097
4.93575494097
4.93575494097
4.93575494097
4.93575494097
4.93575494097
4.93575494097
4.93575494097
4.93575494097
4.93575494097
4.93575494097
4.93575494097
4.93575494097
4.93575494097
4.93575494097
4.93575494097
4.93575494097
4.93575494097
4.93575494097
4.93575494097
4.93575494097
4.93575494097
4.93575494097
4.93575494097
4.93575494097
4.93575494097
4.93575494097
4.93575494097
4.93575494097
4.93575494097
4.93575494097
4.93575494097
4.93575494097
4.93575494097
4.93575494097
4.93575494097
4.93575494097
4.93575494097
4.93575494097
4.93575494097
4.93575494097
4.93575494097
4.93575494097
4.93575494097
4.93575494097
4.93575494097
4.93575494097
4.93575494097
4.93575494097
4.93575494097
4.93575494097
4.93575494097
4.93575494097
4.93575494097
4.93575494097
4.93575494097
4.93575494097
4.93575494097
4.93575494097
4.93575494097
4.93575494097
4.93575494097
4.93575494097
4.93575494097
4.93575494097
4.93575494097
4.93575494097
4.93575494097
4.93575494097
4.93575494097
4.93575494097
4.93575494097
4.93575494097
4.93575494097
4.93575494097
4.93575494097
4.93575494097
4.93575494097
4.93575494097
4.93575494097
4.93575494097
4.93575494097
4.93575494097
4.93575494097
4.93575494097
4.93575494097
4.93575494097
4.93575494097
4.93575494097
4.93575494097
4.93575494097
4.93575494097
4.93575494097
4.93575494097
4.93575494097
4.93575494097
4.93575494097
4.93575494097
4.93575494097
4.93575494097
4.93575494097
4.93575494097
4.93575494097
4.93575494097
4.93575494097
4.93575494097
4.93575494097
4.93575494097
4.93575494097
4.93575494097
4.93575494097
4.93575494097
4.93575494097
4.93575494097
4.93575494097
4.93575494097
4.93575494097
4.93575494097
4.93575494097
4.93575494097
4.93575494097
4.93575494097
4.93575494097
4.93575494097
4.93575494097
4.93575494097
4.93575494097
4.93575494097
4.93575494097
4.93575494097
4.93575494097
4.93575494097
4.93575494097
4.93575494097
4.93575494097
4.93575494097
4.93575494097
4.93575494097
4.93575494097
4.93575494097
4.93575494097
4.93575494097
4.93575494097
4.93575494097
4.93575494097
4.93575494097
4.93575494097
4.93575494097
4.93575494097
4.93575494097
4.93575494097
4.93575494097
4.93575494097
4.93575494097
4.93575494097
4.93575494097
4.93575494097
4.93575494097
4.93575494097
4.93575494097
4.93575494097
4.93575494097
4.93575494097
4.93575494097
4.93575494097
4.93575494097
4.93575494097
4.93575494097
4.93575494097
4.93575494097
4.93575494097
4.93575494097
4.93575494097
4.93575494097
4.93575494097
4.93575494097
4.93575494097
4.93575494097
4.93575494097
4.93575494097
4.93575494097
4.93575494097
4.93575494097
4.93575494097
4.93575494097
4.93575494097
4.93575494097
4.93575494097
4.93575494097
4.93575494097
4.93575494097
4.93575494097
4.93575494097
4.93575494097
4.93575494097
4.93575494097
4.93575494097
4.93575494097
4.93575494097
4.93575494097
4.93575494097
4.93575494097
4.93575494097
4.93575494097
4.93575494097
4.93575494097
4.93575494097
4.93575494097
4.93575494097
4.93575494097
4.93575494097
4.93575494097
4.93575494097
4.93575494097
4.93575494097
4.93575494097
4.93575494097
4.93575494097
4.93575494097
4.93575494097
4.93575494097
4.93575494097
4.93575494097
4.93575494097
4.93575494097
4.93575494097
4.93575494097
4.93575494097
4.93575494097
4.93575494097
4.93575494097
4.93575494097
4.93575494097
4.93575494097
4.93575494097
4.93575494097
4.93575494097
4.93575494097
4.93575494097
4.93575494097
4.93575494097
4.93575494097
4.93575494097
4.93575494097
4.93575494097
4.93575494097
4.93575494097
4.93575494097
4.93575494097
4.93575494097
4.93575494097
4.93575494097
4.93575494097
4.93575494097
4.93575494097
4.93575494097
4.93575494097
4.93575494097
4.93575494097
4.93575494097
4.93575494097
4.93575494097
4.93575494097
4.93575494097
4.93575494097
4.93575494097
4.93575494097
4.93575494097
4.93575494097
4.93575494097
4.93575494097
4.93575494097
4.93575494097
4.93575494097
4.93575494097
4.93575494097
4.93575494097
4.93575494097
4.93575494097
4.93575494097
4.93575494097
4.93575494097
4.93575494097
4.93575494097
4.93575494097
4.93575494097
4.93575494097
4.93575494097
4.93575494097
4.93575494097
4.93575494097
4.93575494097
4.93575494097
4.93575494097
4.93575494097
4.93575494097
4.93575494097
4.93575494097
4.93575494097
4.93575494097
4.93575494097
4.93575494097
4.93575494097
4.93575494097
4.93575494097
4.93575494097
4.93575494097
4.93575494097
4.93575494097
4.93575494097
4.93575494097
4.93575494097
4.93575494097
4.93575494097
4.93575494097
4.93575494097
4.93575494097
4.93575494097
4.93575494097
4.93575494097
4.93575494097
4.93575494097
4.93575494097
4.93575494097
4.93575494097
4.93575494097
4.93575494097
4.93575494097
4.93575494097
4.93575494097
4.93575494097
4.93575494097
4.93575494097
4.93575494097
4.93575494097
4.93575494097
4.93575494097
4.93575494097
4.93575494097
4.93575494097
4.93575494097
4.93575494097
4.93575494097
4.93575494097
4.93575494097
4.93575494097
4.93575494097
4.93575494097
4.93575494097
4.93575494097
4.93575494097
4.93575494097
4.93575494097
4.93575494097
4.93575494097
4.93575494097
4.93575494097
4.93575494097
4.93575494097
4.93575494097
4.93575494097
4.93575494097
4.93575494097
4.93575494097
4.93575494097
4.93575494097
4.93575494097
4.93575494097
4.93575494097
4.93575494097
4.93575494097
4.93575494097
4.93575494097
4.93575494097
4.93575494097
4.93575494097
4.93575494097
4.93575494097
4.93575494097
4.93575494097
4.93575494097
4.93575494097
4.93575494097
4.93575494097
4.93575494097
4.93575494097
4.93575494097
4.93575494097
4.93575494097
4.93575494097
4.93575494097
4.93575494097
4.93575494097
4.93575494097
4.93575494097
4.93575494097
4.93575494097
4.93575494097
4.93575494097
4.93575494097
4.93575494097
4.93575494097
4.93575494097
4.93575494097
4.93575494097
4.93575494097
4.93575494097
4.93575494097
4.93575494097
4.93575494097
4.93575494097
4.93575494097
4.93575494097
4.93575494097
4.93575494097
4.93575494097
4.93575494097
4.93575494097
4.93575494097
4.93575494097
4.93575494097
4.93575494097
4.93575494097
4.93575494097
4.93575494097
4.93575494097
4.93575494097
4.93575494097
4.93575494097
4.93575494097
4.93575494097
4.93575494097
4.93575494097
4.93575494097
4.93575494097
4.93575494097
4.93575494097
4.93575494097
4.93575494097
4.93575494097
4.93575494097
4.93575494097
4.93575494097
4.93575494097
4.93575494097
4.93575494097
4.93575494097
4.93575494097
4.93575494097
4.93575494097
4.93575494097
4.93575494097
4.93575494097
4.93575494097
4.93575494097
4.93575494097
4.93575494097
4.93575494097
4.93575494097
4.93575494097
4.93575494097
4.93575494097
4.93575494097
4.93575494097
4.93575494097
4.93575494097
4.93575494097
4.93575494097
4.93575494097
4.93575494097
4.93575494097
4.93575494097
4.93575494097
4.93575494097
4.93575494097
4.93575494097
4.93575494097
4.93575494097
4.93575494097
4.93575494097
4.93575494097
4.93575494097
4.93575494097
4.93575494097
4.93575494097
4.93575494097
4.93575494097
4.93575494097
4.93575494097
4.93575494097
4.93575494097
4.93575494097
4.93575494097
4.93575494097
4.93575494097
4.93575494097
4.93575494097
4.93575494097
4.93575494097
4.93575494097
4.93575494097
4.93575494097
4.93575494097
4.93575494097
4.93575494097
4.93575494097
4.93575494097
4.93575494097
4.93