0.0 0.0
-0.000271336573045 -2.82642263589e-08
-0.000536853837451 -1.12450727452e-07
-0.000790865488774 -2.50754823934e-07
-0.00102789203871 -4.40208733047e-07
-0.0012427591906 -6.76734902767e-07
-0.00143069093427 -9.55219290775e-07
-0.00158739575182 -1.26960332058e-06
-0.00170914444384 -1.61299292429e-06
-0.00179283822913 -1.97778278606e-06
-0.00183606593786 -2.35579363679e-06
-0.00183714930451 -2.73842022453e-06
-0.00179517557115 -3.11678739908e-06
-0.0017100168287 -3.4819116074e-06
-0.00158233575106 -3.82486500112e-06
-0.00141357761041 -4.13693930961e-06
-0.00120594869624 -4.40980663322e-06
-0.000962381494798 -4.63567436145e-06
-0.000686487211405 -4.80743151835e-06
-0.000382496436251 -4.91878398164e-06
-5.51889566072e-05 -4.96437621007e-06
0.000290186094256 -4.93989734156e-06
0.000647998395937 -4.8421697905e-06
0.00101233140866 -4.66921876919e-06
0.00137708253392 -4.4203214835e-06
0.00173606676193 -4.09603509852e-06
0.00208312203959 -3.69820293169e-06
0.00241221456139 -3.22993870243e-06
0.00271754218664 -2.69558904117e-06
0.00299363421635 -2.10067483253e-06
0.00323544582467 -1.45181232826e-06
0.00343844552934 -7.56615312213e-07
0.00359869420344 -2.35799233819e-08
0.00371291427364 7.38045959647e-07
0.00377854791691 1.5184066045e-06
0.00379380325335 2.30719318473e-06
0.00375768773773 3.09380682963e-06
0.00367002816809 3.86752723649e-06
0.00353147695865 4.61768402053e-06
0.00334350455625 5.33382792833e-06
0.00310837811588 6.00589904001e-06
0.00282912678443 6.62438913379e-06
0.0025094941694 7.18049548315e-06
0.00215387878761 7.6662634995e-06
0.00176726349257 8.07471582036e-06
0.00135513506508 8.39996567011e-06
0.000923395316833 8.63731258489e-06
0.000478265201144 8.78331888885e-06
2.61835465243e-05 8.8358656334e-06
-0.000426297875105 8.79418705751e-06
-0.000872621169278 8.65888299038e-06
-0.00130632922401 8.43190899108e-06
-0.00172117089927 8.11654439491e-06
-0.00211120273439 7.71733880807e-06
-0.00247088546471 7.240037954e-06
-0.00279517372241 6.691490122e-06
-0.00307959740928 6.07953479579e-06
-0.00332033337079 5.41287533953e-06
-0.00351426616763 4.70093788761e-06
-0.00365903692788 3.95371881516e-06
-0.00375307946643 3.18162335742e-06
-0.00379564307473 2.39529809272e-06
-0.00378680161035 1.60546010469e-06
-0.00372744874793 8.22725692366e-07
-0.00361927948915 5.74415010035e-08
-0.00346475826134 -6.80479098006e-07
-0.00326707416361 -1.38171164227e-06
-0.00303008413565 -2.03766563178e-06
-0.00275824503114 -2.64061658665e-06
-0.0024565357636 -3.18382291944e-06
-0.00213037086223 -3.66162569296e-06
-0.00178550691925 -4.06952962853e-06
-0.00142794353051 -4.40426405038e-06
-0.00106382042353 -4.6638227956e-06
-0.000699312530487 -4.84748247831e-06
-0.000340524797109 -4.9557988666e-06
6.61147825845e-06 -4.99058150398e-06
0.000336439009407 -4.95484707818e-06
0.000643669882126 -4.85275240198e-06
0.000923474287719 -4.68950821762e-06
0.00117156112302 -4.47127536233e-06
0.00138424909051 -4.20504513176e-06
0.00155852709464 -3.8985059458e-06
0.00169210291595 -3.55989865303e-06
0.00178343934408 -3.19786300095e-06
0.00183177716785 -2.82127794762e-06
0.00183714464432 -2.43909859219e-06
0.00180035330168 -2.06019255614e-06
0.00172298016451 -1.69317865342e-06
0.0016073367223 -1.34627064437e-06
0.00145642518964 -1.02712877855e-06
0.00127388282364 -7.4272169383e-07
0.00106391526857 -4.99201059225e-07
0.000831220085549 -3.01791126505e-07
0.00058090179287 -1.54695097503e-07
0.000318379887745 -6.10199224387e-08
4.92914402047e-05 -2.27208257773e-08
-0.00022061005743 -4.05665150716e-08
-0.000485557838162 -1.14125670862e-07
-0.000739875223708 -2.41774948141e-07
-0.000978077418874 -4.20728348409e-07
-0.00119496997913 -6.47087452368e-07
-0.00138574225078 -9.15911642984e-07
-0.00154605416925 -1.2213071034e-06
-0.00167211491502 -1.55653304968e-06
-0.00176075206603 -1.91412336021e-06
-0.00180947004841 -2.28602149713e-06
-0.0018164968706 -2.66372638452e-06
-0.00178081832663 -3.03844671757e-06
-0.00170219906897 -3.40126102961e-06
-0.00158119017634 -3.74328074266e-06
-0.00141912307328 -4.05581337283e-06
-0.00121808989182 -4.3305230567e-06
-0.000980910598579 -4.55958560778e-06
-0.000711087436616 -4.73583540311e-06
-0.000412747449834 -4.85290153712e-06
-9.05740612411e-05 -4.90533086119e-06
0.000250271134807 -4.88869574936e-06
0.000604235038899 -4.7996846896e-06
0.000965466697924 -4.63617409201e-06
0.00132791634795 -4.39728002473e-06
0.00168543816162 -4.08338892999e-06
0.00203189494897 -3.69616673097e-06
0.00236126302573 -3.2385461086e-06
0.0026677354593 -2.71469209974e-06
0.00294582192902 -2.12994653846e-06
0.00319044349388 -1.49075222358e-06
0.00339702064646 -8.0455804229e-07
0.00356155314558 -7.97066056189e-08
0.00368069025848 6.7469374897e-07
0.003751790207 1.44891046412e-06
0.0037729677939 2.23273942255e-06
0.0037431293874 3.01566621227e-06
0.00366199465531 3.78703330005e-06
0.00353010466626 4.53621031272e-06
0.00334881620631 5.25276457027e-06
0.00312028239388 5.92662900779e-06
0.00284741990911 6.54826466436e-06
0.00253386338104 7.10881500708e-06
0.00218390769504 7.60024949417e-06
0.00180243918739 8.01549396109e-06
0.00139485688171 8.34854563496e-06
0.000966985089203 8.59457084026e-06
0.000524978841382 8.7499837497e-06
7.5223747844e-05 8.81250485274e-06
-0.000375768028677 8.78119815682e-06
-0.000821463919516 8.65648649555e-06
-0.0012554174256 8.44014468877e-06
-0.00167137312812 8.13527067276e-06
-0.00206336847041 7.74623508958e-06
-0.00242583060137 7.27861018627e-06
-0.00275366665023 6.73907922256e-06
-0.00304234591086 6.13532791411e-06
-0.00328797255136 5.47591974096e-06
-0.00348734762683 4.7701572224e-06
-0.00363801935755 4.02793149486e-06
-0.00373832083454 3.25956272485e-06
-0.00378739452858 2.47563404119e-06
-0.00378520320287 1.6868217775e-06
-0.00373252705975 9.03724875144e-07
-0.00363094718693 1.36696307782e-07
-0.00348281559957 -6.04320649145e-07
-0.0032912124041 -1.30994856619e-06
-0.00305989082624 -1.97152181935e-06
-0.00279321105324 -2.5812199318e-06
-0.00249606402832 -3.13218608613e-06
-0.00217378650636 -3.61862885016e-06
-0.00183206882716 -4.0359054474e-06
-0.00147685698519 -4.38058521952e-06
-0.00111425067075 -4.65049226701e-06
-0.000750399024646 -4.84472661029e-06
-0.000391395885674 -4.96366358011e-06
-4.31763176046e-05 -5.00893151795e-06
0.000288583821328 -4.98336823631e-06
0.000598563556685 -4.8909570511e-06
0.000881886096886 -4.73674354552e-06
0.00113420023624 -4.52673455249e-06
0.00135175248181 -4.26778114436e-06
0.00153144868276 -3.96744768972e-06
0.00167090412254 -3.6338692725e-06
0.00176848123102 -3.27559996484e-06
0.00182331428761 -2.90145459831e-06
0.00183532070805 -2.52034678627e-06
0.00180519873893 -2.14112601054e-06
0.00173441161574 -1.7724165986e-06
0.00162515847294 -1.42246138102e-06
0.00148033252078 -1.09897273584e-06
0.00130346722217 -8.08993595954e-07
0.00109867140753 -5.58770822028e-07
0.00087055445555 -3.53643127957e-07
0.000624142837084 -1.97945493308e-07
0.000364789467393 -9.49317115913e-08
9.8077434819e-05 -4.67164092775e-08
-0.000170280230074 -5.42375337833e-08
-0.0004345430132 -1.17239954958e-07
-0.000689045833913 -2.34280459865e-07
-0.000928300643041 -4.02754051215e-07
-0.00114709494751 -6.18941091897e-07
-0.00134058555998 -8.78074478094e-07
-0.00150438595369 -1.17442567743e-06
-0.0016346457125 -1.50140814266e-06
-0.0017281207015 -1.85169631079e-06
-0.00178223274241 -2.21735812786e-06
-0.00179511775817 -2.58999880501e-06
-0.00176566154829 -2.9609133161e-06
-0.00169352256851 -3.32124499493e-06
-0.00157914131104 -3.66214748238e-06
-0.00142373611134 -3.97494721388e-06
-0.00122928543945 -4.25130362542e-06
-0.000998496966304 -4.48336429269e-06
-0.000734763921338 -4.66391230182e-06
-0.000442109476419 -4.78650328075e-06
-0.000125120095734 -4.84558969452e-06
0.000211131018482 -4.8366302234e-06
0.00056116908506 -4.75618229594e-06
0.00091921006013 -4.60197613499e-06
0.00127925853963 -4.37296898918e-06
0.00163520958058 -4.06937855999e-06
0.00198095270579 -3.69269498849e-06
0.00231047631784 -3.24567113186e-06
0.0026179707404 -2.73229122996e-06
0.00289792812684 -2.15771843129e-06
0.00314523752846 -1.52822200887e-06
0.00335527349605 -8.51085443813e-07
0.00352397669778 -1.34496881955e-07
0.00364792517087 6.12576229363e-07
0.00372439498432 1.38052624553e-06
0.00375140926792 2.15925585514e-06
0.00372777476188 2.93833752491e-06
0.00365310525147 3.70717919297e-06
0.00352783147543 4.45519343535e-06
0.00335319732538 5.17196726877e-06
0.00313124238713 5.84742973882e-06
0.00286477110703 6.4720144778e-06
0.00255730909381 7.03681449872e-06
0.00221304728535 7.53372662155e-06
0.00183677491597 7.95558310085e-06
0.00143380240865 8.29626823883e-06
0.00100987548632 8.55081801956e-06
0.000571081945014 8.71550108532e-06
0.00012375265834 8.78787968984e-06
-0.000325641514638 8.76684960064e-06
-0.000770595173926 8.65265827892e-06
-0.00120467439312 8.44690103235e-06
-0.00162162151785 8.15249520829e-06
-0.0020154569874 7.77363286399e-06
-0.00238057646924 7.31571271226e-06
-0.00271184167177 6.78525248924e-06
-0.00300466330474 6.18978322085e-06
-0.00325507478961 5.53772716936e-06
-0.00345979548082 4.83826151619e-06
-0.00361628233908 4.10117007662e-06
-0.00372276919495 3.33668554182e-06
-0.00377829295227 2.55532490149e-06
-0.0037827063025 1.76772081245e-06
-0.00373667674983 9.84451744497e-07
-0.00364167198042 2.15873751761e-07
-0.00349993183929 -5.28043312793e-07
-0.00331442740772 -1.23787240102e-06
-0.00308880789104 -1.90487607798e-06
-0.00282733623503 -2.52114109111e-06
-0.00253481457866 -3.07969846754e-06
-0.00221650082406 -3.57462715532e-06
-0.00187801775399 -4.0011395072e-06
-0.00152525625299 -4.35564721626e-06
-0.00116427428757 -4.63580664757e-06
-0.000801193371236 -4.84054286203e-06
-0.000442094281942 -4.97005199257e-06
-9.29138103523e-05 -5.02578200218e-06
0.000240655701658 -5.01039222184e-06
0.000553262322012 -4.9276924277e-06
0.000839984357169 -4.78256256529e-06
0.00109641252267 -4.58085455697e-06
0.00131872306223 -4.32927793355e-06
0.00150374057717 -4.03527130444e-06
0.00164898950582 -3.7068619208e-06
0.00175273338663 -3.35251578617e-06
0.00181400124923 -2.98098092826e-06
0.00183260069763 -2.6011265588e-06
0.00180911747864 -2.22178091544e-06
0.00174490155959 -1.85157059895e-06
0.0016420399709 -1.49876418953e-06
0.00150331689543 -1.17112284929e-06
0.0013321617051 -8.75760495065e-07
0.00113258585118 -6.19015957952e-07
0.000909109705666 -4.06339337447e-07
0.000666680622872 -2.42194511557e-07
0.000410583640466 -1.29979484126e-07
0.000146346365024 -7.19659418878e-08
-0.000120360313549 -6.92590615258e-08
-0.000383823963131 -1.21778257013e-07
-0.000638393048711 -2.28259195747e-07
-0.000878578300816 -3.86277044656e-07
-0.0010991512625 -5.92290540834e-07
-0.00129523831284 -8.41706121598e-07
-0.00146240854255 -1.12896100237e-06
-0.00159675396267 -1.44762376333e-06
-0.00169496065872 -1.79051070306e-06
-0.00175436965799 -2.14981594438e-06
-0.00177302645361 -2.51725303934e-06
-0.00174971832375 -2.88420562032e-06
-0.00168399879299 -3.24188448664e-06
-0.00157619880346 -3.58148840294e-06
-0.00142742439111 -3.89436581904e-06
-0.00123954089325 -4.17217470283e-06
-0.00101514394517 -4.40703770683e-06
-0.000757517748962 -4.59168996664e-06
-0.000470581317347 -4.71961695271e-06
-0.00015882360006 -4.78517996494e-06
0.000172771407402 -4.78372706834e-06
0.000518808301814 -4.7116875153e-06
0.000873571235204 -4.56664798019e-06
0.00123112065504 -4.34740924163e-06
0.00158539417389 -4.05402228028e-06
0.00193030984949 -3.68780311118e-06
0.00225987011333 -3.25132603172e-06
0.00256826457417 -2.7483953351e-06
0.00284996994028 -2.18399590651e-06
0.00309984535284 -1.56422348015e-06
0.00331322149918 -8.96195683061e-07
0.00348598198053 -1.87945320591e-07
0.00361463553867 5.5170233766e-07
0.00369637790215 1.31326623775e-06
0.00372914218718 2.08675791372e-06
0.00371163698392 2.86183907737e-06
0.00364337146657 3.62798579096e-06
0.00352466708721 4.37465647365e-06
0.00335665564024 5.09146092443e-06
0.00314126371652 5.76832752409e-06
0.00288118379755 6.39566580681e-06
0.00257983246739 6.96452166774e-06
0.00224129643898 7.46672259548e-06
0.00187026729884 7.89501048484e-06
0.00147196606443 8.24315979351e-06
0.00105205882014 8.50607905232e-06
0.000616564848788 8.67989401784e-06
0.000171758804658 8.76201106507e-06
-0.000275931420485 8.75115975092e-06
-0.000720029410682 8.64741383101e-06
-0.00115411574826 8.45219037695e-06
-0.00157193256705 8.16822701077e-06
-0.0019674853793 7.79953764136e-06
-0.00233514046589 7.35134744915e-06
-0.00266971619141 6.83000821402e-06
-0.00296656670513 6.2428954123e-06
-0.00322165661767 5.59828881617e-06
-0.00343162539765 4.90523860624e-06
-0.00359384040917 4.17341925136e-06
-0.00370643770515 3.41297361445e-06
-0.00376834989976 2.63434990561e-06
-0.00377932066271 1.84813422202e-06
-0.00373990560492 1.06488148581e-06
-0.00365145955701 2.94947614772e-07
-0.0035161104717 -4.51674263219e-07
-0.00333672041015 -1.16551081341e-06
-0.00311683428937 -1.83775609461e-06
-0.00286061727743 -2.46040729949e-06
-0.00257278191372 -3.0263863819e-06
-0.00225850620666 -3.5296455611e-06
-0.00192334411329 -3.96525496943e-06
-0.0015731299335 -4.32947101597e-06
-0.00121387825427 -4.61978436886e-06
-0.00085168115355 -4.83494680718e-06
-0.000492604418321 -4.97497655425e-06
-0.000142584547218 -5.04114207149e-06
0.000192671707544 -5.03592465896e-06
0.000507783548561 -4.96296056978e-06
0.000797786455937 -4.82696369431e-06
0.00105821508995 -4.63363019995e-06
0.00128517736786 -4.38952681893e-06
0.00147541846032 -4.10196475349e-06
0.00162637362715 -3.77886141105e-06
0.00173620900281 -3.42859238709e-06
0.00180384965029 -3.0598362774e-06
0.00182899441859 -2.68141502022e-06
0.00181211736721 -2.30213254253e-06
0.00175445574963 -1.93061450953e-06
0.00165798477898 -1.57515195447e-06
0.00152537962507 -1.24355149571e-06
0.00135996531048 -9.42994731591e-07
0.00116565538077 -6.79909242919e-07
0.000946880415471 -4.59853430811e-07
0.000708507620853 -2.87417177028e-07
0.00045575289731 -1.66140039719e-07
0.000194086903338 -9.84483938182e-08
-7.08632597147e-05 -8.56125976075e-08
-0.000333415043058 -1.27724920813e-07
-0.000587932381387 -2.23698610859e-07
-0.000828926798875 -3.71288108803e-07
-0.00105115594415 -5.67130061202e-07
-0.00124971785237 -8.06804415005e-07
-0.00142013930588 -1.08491453566e-06
-0.00155845676622 -1.39518495983e-06
-0.00166128847734 -1.73057508937e-06
-0.00172589649162 -2.08340685697e-06
-0.00175023754248 -2.44550415219e-06
-0.00173300187894 -2.80834159192e-06
-0.00167363938324 -3.16320005673e-06
-0.00157237251086 -3.5013262957e-06
-0.00143019581829 -3.81409382999e-06
-0.00124886207272 -4.0931623603e-06
-0.00103085516935 -4.33063290635e-06
-0.000779350306592 -4.51919597676e-06
-0.000498162089214 -4.65227018466e-06
-0.000191681435618 -4.72412888516e-06
0.00013519764159 -4.7300126137e-06
0.000477160139269 -4.66622534486e-06
0.000828559656014 -4.53021286619e-06
0.00118351394866 -4.3206218657e-06
0.00153600482544 -4.03733866007e-06
0.00187998067341 -3.68150683727e-06
0.002209459871 -3.25552344723e-06
0.00251863332095 -2.76301373973e-06
0.00280196435207 -2.20878481546e-06
0.00305428428228 -1.59875891605e-06
0.00327088200821 -9.39887427457e-07
0.00344758608723 -2.40047000848e-07
0.00358083790472 4.92080498313e-07
0.0036677546706 1.24714222491e-06
0.00370618116109 2.01526054071e-06
0.00369472931312 2.78618871511e-06
0.00363280498433 3.54947353776e-06
0.00352062141027 4.29462212053e-06
0.00335919911564 5.01127009198e-06
0.00315035226717 5.68934836102e-06
0.00289666168598 6.31924564781e-06
0.0026014349643 6.89196404888e-06
0.00226865435094 7.39926501922e-06
0.00190291327746 7.83380331384e-06
0.00150934258933 8.1892466333e-06
0.00109352771972 8.46037895716e-06
0.000661418196565 8.64318582344e-06
0.000219231005287 8.7349201153e-06
-0.000226650562125 8.7341472448e-06
-0.000669780861252 8.64076897153e-06
-0.0011037568951 8.45602545524e-06
-0.0015223225895 8.18247550893e-06
-0.00191947059116 7.82395538594e-06
-0.00228953987852 7.38551679535e-06
-0.00262730754351 6.87334518889e-06
-0.00292807319781 6.294659695e-06
-0.00318773458124 5.65759638468e-06
-0.00340285310071 4.97107683448e-06
-0.00357070820077 4.24466419891e-06
-0.00368933965808 3.48840921361e-06
-0.0037575770973 2.71268871826e-06
-0.00377505624319 1.92803941196e-06
-0.00374222164842 1.14498963158e-06
-0.0036603158671 3.73891973716e-07
-0.00353135527293 -3.75240436704e-07
-0.00335809294903 -1.09289129316e-06
-0.00314396929439 -1.77018944351e-06
-0.00289305120177 -2.3990457452e-06
-0.002609960854 -2.97227616767e-06
-0.00229979536246 -3.48370910689e-06
-0.0019680386258 -3.92827514733e-06
-0.00162046691837 -4.30207780818e-06
-0.00126304982318 -4.60244413543e-06
-0.000901848202205 -4.82795434641e-06
-0.000542910945619 -4.97845009097e-06
-0.0001921722612 -5.05502125835e-06
0.000144648746174 -5.0599716245e-06
0.000462144495184 -4.99676399519e-06
0.000755309709223 -4.8699458489e-06
0.00101962501585 -4.68505681503e-06
0.00125113194686 -4.44851963142e-06
0.00144649806853 -4.16751650481e-06
0.00160307114255 -3.84985304533e-06
0.00171892140543 -3.50381215491e-06
0.00179287125923 -3.13800041901e-06
0.00182451188134 -2.7611896752e-06
0.00181420648641 -2.38215651189e-06
0.00176308020132 -2.00952248192e-06
0.00167299674393 -1.65159780012e-06
0.0015465223223 -1.31623123072e-06
0.0013868773895 -1.01066876075e-06
0.00119787709736 -7.41423501698e-07
0.000983861485618 -5.14159065972e-07
0.00074961661849 -3.33588430127e-07
0.000500288035465 -2.03390028674e-07
