0.0 0.0
-0.00135668286523 -0.0557919983397
-0.0053976349177 -0.333555428681
-0.0120362315488 -1.05050282581
-0.0211300191863 -2.41442615187
-0.0324832753328 -4.6192102731
-0.0458505259572 -7.84059636379
-0.0609409593877 -12.232271475
-0.077423660366 -17.922354864
-0.0949335737308 -25.0103448173
-0.113078094566 -33.5645817357
-0.131444170778 -43.6202743163
-0.149605795156 -55.1781259223
-0.167131757155 -68.203587838
-0.183593520054 -82.6267552452
-0.198573086861 -98.3429106158
-0.211670718394 -115.213707976
-0.22251236935 -133.06898037
-0.230756712881 -151.709141996
-0.236101631119 -170.908146141
-0.238290058083 -190.41695031
-0.237115072395 -209.967431067
-0.232424149944 -229.276683203
-0.224122500921 -248.051631011
-0.212175431208 -265.99387391
-0.196609684729 -282.804684376
-0.177513740721 -298.190073303
-0.155037057716 -311.865836497
-0.129388273976 -323.562496078
-0.100832391961 -333.030052086
-0.0696869917563 -340.042462589
-0.0363175349862 -344.401774947
-0.00113183632233 -345.941836604
0.0354262060631 -344.531520701
0.0728835170158 -340.077409836
0.110745272867 -332.525890316
0.148502727822 -321.864619067
0.185641307352 -308.123335873
0.221648832985 -291.374004533
0.25602374056 -271.730277828
0.28828315392 -249.346292497
0.317970678422 -224.414811696
0.344663783191 -197.164743365
0.367980647976 -167.858073442
0.387586359377 -136.786262704
0.403198352165 -104.266165013
0.414591004075 -70.6355328474
0.421599306665 -36.2481829189
0.424121550403 -1.46890040365
0.42212097876 33.3318352673
0.415626383538 67.7832171226
0.404731631572 101.519482384
0.389594130956 134.185201662
0.370432262787 165.440399457
0.347521821792 194.965422674
0.321191525856 222.465478095
0.291817670198 247.674765339
0.259818016297 270.360138681
0.225645018605 290.324239011
0.189778503128 307.408046162
0.152717921156 321.492811604
0.11497430845 332.501341904
0.077062085025 340.398614303
0.0394908332336 345.191716942
0.00275719204817 346.92911764
-0.0326629967043 345.699276351
-0.066322158829 341.628627436
-0.0978079503253 334.878968387
-0.126749596159 325.644301553
-0.152823500133 314.147184486
-0.175758033262 300.634652681
-0.19533742217 285.373785485
-0.211404674418 268.646991804
-0.223863494189 250.747096727
-0.232679158959 231.97231332
-0.237878345597 212.621185517
-0.239547912191 192.98758826
-0.237832659753 173.355869779
-0.232932115295 153.99621822
-0.225096394446 135.160330696
-0.214621217392 117.077457462
-0.201842166324 99.9508872018
-0.187128285399 83.9549316598
-0.170875135346 69.2324590999
-0.153497424045 55.8930164351
-0.135421341486 44.0115696357
-0.117076732425 33.6278812429
-0.0988892426949 24.7465327464
-0.0812725753639 17.3375883928
-0.0646209909299 11.3378858705
-0.0493021813702 6.65292846243
-0.0356506413038 3.15934284779
-0.0239616508428 0.707856955463
-0.0144859740722 -0.87325671554
-0.00742536468013 -1.77433493111
-0.00292895627706 -2.20014428749
-0.00109059963731 -2.36544382996
-0.00194719272344 -2.49036949291
-0.0054780322014 -2.7957231959
-0.0116051975107 -3.49825106602
-0.0201949607237 -4.80599543347
-0.0310601977137 -6.91380396244
-0.0439637588632 -9.99907655492
-0.0586227409634 -14.2178265478
-0.0747135863847 -19.7011272842
-0.09187792129 -26.5520084723
-0.109729031862 -34.8428589606
-0.127858866457 -44.613383796
-0.145845442443 -55.8691538357
-0.163260529421 -68.5807759186
-0.179677475648 -82.683700854
-0.194679041896 -98.0786754207
-0.207865106721 -114.632833395
-0.218860109173 -132.181409519
-0.227320099349 -150.530049493
-0.232939273782 -169.457678668
-0.235455881337 -188.719882376
-0.234657395969 -208.052741852
-0.230384865101 -227.177061708
-0.222536356417 -245.802917968
-0.211069441187 -263.634449979
-0.196002668639 -280.374815069
-0.177416003086 -295.731221822
-0.155450213213 -309.419956207
-0.130305220788 -321.171314692
-0.102237433846 -330.734359773
-0.0715561067316 -337.881416153
-0.0386187860299 -342.412229943
-0.00382591706971 -344.157718786
0.0323852999506 -342.98324752
0.069547702278 -338.791371853
0.107171492282 -331.52400137
0.144751978189 -321.163942872
0.181777598402 -307.735795394
0.21773809501 -291.306179104
0.252132699373 -271.983291455
0.284478192374 -249.915795249
0.314316703889 -225.291054482
0.34122312034 -198.332744827
0.36481197572 -169.297876092
0.384743710132 -138.47327393
0.400730190478 -106.171577135
0.412539400333 -72.7268150445
0.419999219985 -38.4896366198
0.423000232932 -3.82226867185
0.421497511527 30.9067147659
0.415511351786 65.3277267129
0.405126945061 99.0755182335
0.390492992292 131.794458939
0.3718192843 163.143660997
0.349373288941 192.801863278
0.323475802683 220.47199634
0.294495739877 245.885354288
0.262844147566 268.805306232
0.228967546675 289.030487763
0.193340711753 306.39742167
0.156459010793 320.782526723
0.118830433977 332.103483624
0.08096744532 340.319938062
0.0433787940069 345.433531929
0.00656142277353 347.487265018
-0.029007391159 346.564200783
-0.0628775311773 342.785540666
-0.094633047329 336.308102084
-0.123898556726 327.321245094
-0.150344932134 316.043301908
-0.173694184808 302.717571675
-0.193723461475 287.607950085
-0.210268090537 270.994269337
-0.223223628817 253.16742866
-0.232546877294 234.424398899
-0.238255851845 215.063186521
-0.240428712862 195.377842861
-0.239201675343 175.653603315
-0.234765938453 156.162238752
-0.227363690185 137.157697504
-0.21728325852 118.872111049
-0.204853494929 101.512230084
-0.190437489106 85.2563500323
-0.17442572508 70.2517764788
-0.157228798312 56.6128715491
-0.139269820719 44.4197121272
-0.120976645741 33.7173801403
-0.102774048506 24.5158941616
-0.0850759967326 16.7907804444
-0.0682781462892 10.4842704175
-0.0527506913206 5.50710082241
-0.0388316926058 1.74088224404
-0.0268209994573 -0.959008040167
-0.0169748701419 -2.7600620275
-0.00950138367877 -3.84886704382
-0.00455672215638 -4.42699022759
-0.00224238764532 -4.70659567739
-0.0026034016216 -4.90587310151
-0.00562751783797 -5.24436005126
-0.0112454620735 -5.93824164388
-0.0193321944583 -7.19571205659
-0.0297091724111 -9.21248099286
-0.0421475749485 -12.1675058053
-0.0563724325168 -16.2190260492
-0.0720675908478 -21.5009720028
-0.0888814229178 -28.1198122188
-0.106433190137 -36.1518975695
-0.12431994264 -45.6413506545
-0.142123839173 -56.5985399974
-0.159419759757 -68.9991683255
-0.175783079154 -82.7839935867
-0.190797466266 -97.8591903815
-0.20406257402 -114.097348375
-0.215201486049 -131.339093179
-0.223867790487 -149.395304381
-0.229752157476 -168.04989495
-0.232588305337 -187.063106508
-0.232158250723 -206.175265841
-0.228296750205 -225.110939981
-0.220894854479 -243.583420105
-0.209902511481 -261.299458645
-0.195330170879 -277.964179429
-0.177249359448 -293.286077471
-0.155792214329 -306.982023228
-0.131149979038 -318.782185806
-0.103570484702 -328.434790743
-0.0733546564256 -335.710630538
-0.040852101303 -340.407250066
-0.00645585033384 -342.352734325
0.0294036590094 -341.409032494
0.0662652597854 -337.474759942
0.103644281047 -330.487428516
0.141040201196 -320.425064955
0.177944601262 -307.307187501
0.213849284897 -291.195121516
0.248254428901 -272.191645984
0.280676627464 -250.439974039
0.310656694934 -226.122081783
0.337767095939 -199.456410689
0.361618877834 -170.694979342
0.381867988841 -140.119950281
0.398220875464 -108.039706815
0.410439264939 -74.784502989
0.418344052096 -40.7017570259
0.421818225112 -6.15106461543
0.420808780831 28.5009868857
0.415327597388 62.8861189022
0.405451249553 96.6396903812
0.391319769998 129.405967998
0.373134377472 160.843251994
0.351154210189 190.628774252
0.325692119483 218.46328906
0.297109594601 244.075282171
0.265810904129 267.224730237
0.232236552777 287.706350224
0.196856163678 305.352287044
0.160160906007 320.034197069
0.122655595271 331.664695377
0.0848505989975 340.198145267
0.0472536837358 345.630779607
0.0103619400845 348.000154847
-0.025346079014 347.383949633
-0.0594178752491 343.898131012
-0.0914340517429 337.694521697
-0.121014772373 328.957811927
-0.147825526442 317.902068622
-0.171582103455 304.766802884
-0.192054696346 289.81266419
-0.20907106638 273.316835679
-0.222518719083 255.568209813
-0.232346057377 236.862427125
-0.238562495643 217.496862864
-0.241237536105 197.765646925
-0.240498826648 177.954801635
-0.23652923653 158.337579666
-0.229563003134 139.170080666
-0.219881018735 120.68722018
-0.20780534081 103.099118146
-0.193693022613 86.5879668671
-0.177929372198 71.3054299045
-0.160920757736 57.3706140597
-0.143087084557 44.8686466013
-0.124854074822 33.8498793549
-0.106645483941 24.3297303729
-0.0888753887498 16.2891628357
-0.0719406810974 9.67578978298
-0.0562138967658 4.40558244225
-0.0420365037631 0.365149468794
-0.0297127659817 -2.58545545228
-0.0195042881974 -4.60944932397
-0.0116253365548 -5.88961878509
-0.00623901523807 -6.6242693885
-0.00345436521062 -7.02289833839
-0.00332443495324 -7.30166857805
-0.00584535633664 -7.67876553529
-0.0109564413958 -8.36971984394
-0.0185412981435 -9.58277993159
-0.02842994596 -11.5144174868
-0.0404018938367 -14.3450465086
-0.0541901281137 -18.2350329357
-0.0694859406398 -23.3210668198
-0.0859445137468 -29.7129627266
-0.10319116533 -37.4909466339
-0.120828145888 -46.7034791719
-0.138441869775 -57.3656557602
-0.155610455359 -69.4582142027
-0.171911443341 -82.9271697684
-0.186929559314 -97.6840869062
-0.200264385736 -113.606985686
-0.211537809928 -130.541870032
-0.220401118399 -148.304853991
-0.22654161373 -166.684851857
-0.229688638317 -185.446788134
-0.22961889928 -204.335274185
-0.226161000734 -223.07869026
-0.219199103049 -241.393604384
-0.208675643598 -258.989453618
-0.194593069453 -275.573408458
-0.177014549337 -290.855337774
-0.156063649522 -304.552789694
-0.131922976085 -316.395903328
-0.104831803513 -326.132167129
-0.075082727047 -333.530942073
-0.0430173927869 -338.38767157
-0.00902137538835 -340.527705134
0.0264817122077 -339.809669175
0.0630367794118 -336.128325757
0.100164379858 -329.416868688
0.137368275714 -319.648615646
0.174143317966 -306.838065175
0.209983510735 -291.041297973
0.244390124373 -272.3557129
0.276879721156 -250.919099302
0.306991958727 -226.908058381
0.334297040051 -200.535797278
0.358402684583 -172.049330118
0.378960503272 -141.726130196
0.395671670089 -109.870286773
0.408291794511 -76.8082282538
0.416634912856 -42.8840808591
0.420576531123 -8.45473801874
0.420055668044 26.1152793835
0.415075863888 60.4590882701
0.405705138094 94.2127483726
0.392074896517 127.020520555
0.374377806785 158.539992826
0.352864677559 188.446990636
0.327840394273 216.440191708
0.29965897979 242.245370599
0.268717863176 265.619204449
0.2354514531 286.352578753
0.200324124065 304.273340414
0.163822733494 319.248454638
0.126448795469 331.185532254
0.0887104426568 340.033704634
0.0511143113187 345.783834337
0.0141574855091 348.46806075
-0.0216803646345 348.158691132
-0.0559445190437 344.96645845
-0.0882122925413 339.038177937
-0.118099550375 330.553844352
-0.145266546331 319.723221214
-0.169422986933 306.78198169
-0.190332238533 291.987468207
-0.207814608767 275.614144114
-0.221749649705 257.94881568
-0.232077446745 239.285706371
-0.238798874604 219.9214676
-0.241974819432 200.150210936
-0.24172438363 180.258646131
-0.23822210735 160.521407227
-0.231694257327 141.196645553
-0.222414249598 122.521963566
-0.210697287309 104.710757449
-0.196894308168 87.9490291185
-0.18138534773 72.3927200688
-0.16457243458 58.1656103212
-0.146872141315 45.3578158789
-0.128707920971 34.024907672
-0.110502362042 24.1876641608
-0.0926694964574 15.8324587679
-0.0756072938144 8.91227230125
-0.0596904717941 3.34830970714
-0.0452637471164 -0.967809967759
-0.0326356436601 -4.17133143343
-0.0220729646789 -6.42115905627
-0.0137960244973 -7.89622934415
-0.00797472190651 -8.79152586359
-0.00472552290328 -9.31380859856
-0.00410940468516 -9.67713467718
-0.00613079619902 -10.0982509788
-0.0107375333213 -10.7919413296
-0.0178218292226 -11.9664117592
-0.0272222429377 -13.8187966191
-0.0387266119203 -16.5308662523
-0.0520758977115 -20.2650134111
-0.066968878072 -25.1605907808
-0.0830676042898 -31.3306658878
-0.100003529135 -38.8592524381
-0.117384199305 -47.7990688794
-0.134800396412 -58.1698658476
-0.151833602723 -69.9573542974
-0.168063662194 -83.1127557037
-0.183076503839 -97.5529849293
-0.196471793294 -113.161465368
-0.207870379505 -129.789564986
-0.216921406884 -147.25863108
-0.223308968863 -165.36259113
-0.226758186488 -183.871077253
-0.227040605458 -202.533022573
-0.223978816553 -221.08066955
-0.217450217577 -239.233923026
-0.207389849554 -256.704974609
-0.193792255683 -273.203120139
-0.176712328189 -288.439688432
-0.156265125467 -302.132997324
-0.132624659507 -314.013252332
-0.106021671142 -323.827303961
-0.0767404279704 -331.343181836
-0.0451145965179 -336.354327401
-0.0115222560407 -338.683451816
0.023619863919 -338.185951821
0.0598628267956 -334.752823666
0.0967325059541 -328.313023497
0.133737058325 -318.835231835
0.170374729812 -306.328989725
0.206141861785 -290.845184636
0.240540964415 -272.475875097
0.273088721329 -251.353454147
0.303323791095 -227.649162776
0.330814274346 -201.570975455
0.355164720922 -173.360890441
0.376022559064 -143.291667518
0.393083838398 -111.663065174
0.406098189944 -78.7976376368
0.414872919525 -45.0361595859
0.419276165534 -10.7327526796
0.41923906775 23.7502069732
0.414756910633 58.0473175463
0.405889221852 91.7954312983
0.392758824429 124.638899447
0.375549858525 156.234696713
0.354504806177 186.257342156
0.329920569067 214.403536361
0.30214366536 240.396439803
0.271564626465 263.989523261
0.238611688055 284.969928352
0.203743881548 303.161284517
0.167443642253 318.425937917
0.130209058476 330.666557601
0.092545891774 339.827094771
0.0549595023159 345.893081829
0.0179468147384 348.891268969
-0.0180115409618 348.888607179
-0.0524587820716 345.990597448
-0.0849690932887 340.339036578
-0.115154195769 332.109200043
-0.142669256048 321.506511703
-0.167218037131 308.762758694
-0.188557207072 294.131917292
-0.206499734793 277.885661951
-0.220917318501 260.308634822
-0.231741808627 241.693556887
-0.238965604367 222.336264275
-0.242641020401 202.530754308
-0.242878637976 182.564325404
-0.239844671769 162.712893071
-0.233757400747 143.236560967
-0.224882727122 124.375521362
-0.213528942308 106.346353485
-0.200040792231 89.3387811668
-0.184792946176 73.5129431286
-0.168182983436 58.9972202699
-0.150624020112 45.886654589
-0.13253710441 34.2419840517
-0.114343512571 24.0893070144
-0.0964570791322 15.4203788782
-0.079276694406 8.19353268385
-0.0631790990748 2.33520455347
-0.0485121005158 -2.25796558366
-0.0355883280815 -5.71649748742
-0.0246796351667 -8.19494708803
-0.0160122446461 -9.8683531206
-0.00976272137633 -10.9283184953
