0.0
13.080625846
26.105238444
39.0180644032
51.7638090205
64.2878930606
76.536686473
88.4577380438
100.0
111.114046604
121.752285802
131.86916302
141.421356237
150.367961496
158.670668058
166.293922461
173.205080757
179.374548307
184.775906502
189.386025899
193.185165258
196.157056081
198.288972275
199.571784648
200.0
199.571784648
198.288972275
196.157056081
193.185165258
189.386025899
184.775906502
179.374548307
173.205080757
166.293922461
158.670668058
150.367961496
141.421356237
131.86916302
121.752285802
111.114046604
100.0
88.4577380438
76.536686473
64.2878930606
51.7638090205
39.0180644032
26.105238444
13.080625846
2.44929359829e-14
-13.080625846
-26.105238444
-39.0180644032
-51.7638090205
-64.2878930606
-76.536686473
-88.4577380438
-100.0
-111.114046604
-121.752285802
-131.86916302
-141.421356237
-150.367961496
-158.670668058
-166.293922461
-173.205080757
-179.374548307
-184.775906502
-189.386025899
-193.185165258
-196.157056081
-198.288972275
-199.571784648
-200.0
-199.571784648
-198.288972275
-196.157056081
-193.185165258
-189.386025899
-184.775906502
-179.374548307
-173.205080757
-166.293922461
-158.670668058
-150.367961496
-141.421356237
-131.86916302
-121.752285802
-111.114046604
-100.0
-88.4577380438
-76.536686473
-64.2878930606
-51.7638090205
-39.0180644032
-26.105238444
-13.080625846
-4.89858719659e-14
13.080625846
26.105238444
39.0180644032
51.7638090205
64.2878930606
76.536686473
88.4577380438
100.0
111.114046604
121.752285802
131.86916302
141.421356237
150.367961496
158.670668058
166.293922461
173.205080757
179.374548307
184.775906502
189.386025899
193.185165258
196.157056081
198.288972275
199.571784648
200.0
199.571784648
198.288972275
196.157056081
193.185165258
189.386025899
184.775906502
179.374548307
173.205080757
166.293922461
158.670668058
150.367961496
141.421356237
131.86916302
121.752285802
111.114046604
100.0
88.4577380438
76.536686473
64.2878930606
51.7638090205
39.0180644032
26.105238444
13.080625846
7.34788079488e-14
-13.080625846
-26.105238444
-39.0180644032
-51.7638090205
-64.2878930606
-76.536686473
-88.4577380438
-100.0
-111.114046604
-121.752285802
-131.86916302
-141.421356237
-150.367961496
-158.670668058
-166.293922461
-173.205080757
-179.374548307
-184.775906502
-189.386025899
-193.185165258
-196.157056081
-198.288972275
-199.571784648
-200.0
-199.571784648
-198.288972275
-196.157056081
-193.185165258
-189.386025899
-184.775906502
-179.374548307
-173.205080757
-166.293922461
-158.670668058
-150.367961496
-141.421356237
-131.86916302
-121.752285802
-111.114046604
-100.0
-88.4577380438
-76.536686473
-64.2878930606
-51.7638090205
-39.0180644032
-26.105238444
-13.080625846
-9.79717439318e-14
13.080625846
26.105238444
39.0180644032
51.7638090205
64.2878930606
76.536686473
88.4577380438
100.0
111.114046604
121.752285802
131.86916302
141.421356237
150.367961496
158.670668058
166.293922461
173.205080757
179.374548307
184.775906502
189.386025899
193.185165258
196.157056081
198.288972275
199.571784648
200.0
199.571784648
198.288972275
196.157056081
193.185165258
189.386025899
184.775906502
179.374548307
173.205080757
166.293922461
158.670668058
150.367961496
141.421356237
131.86916302
121.752285802
111.114046604
100.0
88.4577380438
76.536686473
64.2878930606
51.7638090205
39.0180644032
26.105238444
13.080625846
1.22464679915e-13
-13.080625846
-26.105238444
-39.0180644032
-51.7638090205
-64.2878930606
-76.536686473
-88.4577380438
-100.0
-111.114046604
-121.752285802
-131.86916302
-141.421356237
-150.367961496
-158.670668058
-166.293922461
-173.205080757
-179.374548307
-184.775906502
-189.386025899
-193.185165258
-196.157056081
-198.288972275
-199.571784648
-200.0
-199.571784648
-198.288972275
-196.157056081
-193.185165258
-189.386025899
-184.775906502
-179.374548307
-173.205080757
-166.293922461
-158.670668058
-150.367961496
-141.421356237
-131.86916302
-121.752285802
-111.114046604
-100.0
-88.4577380438
-76.536686473
-64.2878930606
-51.7638090205
-39.0180644032
-26.105238444
-13.080625846
-1.46957615898e-13
13.080625846
26.105238444
39.0180644032
51.7638090205
64.2878930606
76.536686473
88.4577380438
100.0
111.114046604
121.752285802
131.86916302
141.421356237
150.367961496
158.670668058
166.293922461
173.205080757
179.374548307
184.775906502
189.386025899
193.185165258
196.157056081
198.288972275
199.571784648
200.0
199.571784648
198.288972275
196.157056081
193.185165258
189.386025899
184.775906502
179.374548307
173.205080757
166.293922461
158.670668058
150.367961496
141.421356237
131.86916302
121.752285802
111.114046604
100.0
88.4577380438
76.536686473
64.2878930606
51.7638090205
39.0180644032
26.105238444
13.080625846
1.71450551881e-13
-13.080625846
-26.105238444
-39.0180644032
-51.7638090205
-64.2878930606
-76.536686473
-88.4577380438
-100.0
-111.114046604
-121.752285802
-131.86916302
-141.421356237
-150.367961496
-158.670668058
-166.293922461
-173.205080757
-179.374548307
-184.775906502
-189.386025899
-193.185165258
-196.157056081
-198.288972275
-199.571784648
-200.0
-199.571784648
-198.288972275
-196.157056081
-193.185165258
-189.386025899
-184.775906502
-179.374548307
-173.205080757
-166.293922461
-158.670668058
-150.367961496
-141.421356237
-131.86916302
-121.752285802
-111.114046604
-100.0
-88.4577380438
-76.536686473
-64.2878930606
-51.7638090205
-39.0180644032
-26.105238444
-13.080625846
-1.95943487864e-13
13.080625846
26.105238444
39.0180644032
51.7638090205
64.2878930606
76.536686473
88.4577380438
100.0
111.114046604
121.752285802
131.86916302
141.421356237
150.367961496
158.670668058
166.293922461
173.205080757
179.374548307
184.775906502
189.386025899
193.185165258
196.157056081
198.288972275
199.571784648
200.0
199.571784648
198.288972275
196.157056081
193.185165258
189.386025899
184.775906502
179.374548307
173.205080757
166.293922461
158.670668058
150.367961496
141.421356237
131.86916302
121.752285802
111.114046604
100.0
88.4577380438
76.536686473
64.2878930606
51.7638090205
39.0180644032
26.105238444
13.080625846
9.30979159607e-13
-13.080625846
-26.105238444
-39.0180644032
-51.7638090205
-64.2878930606
-76.536686473
-88.4577380438
-100.0
-111.114046604
-121.752285802
-131.86916302
-141.421356237
-150.367961496
-158.670668058
-166.293922461
-173.205080757
-179.374548307
-184.775906502
-189.386025899
-193.185165258
-196.157056081
-198.288972275
-199.571784648
-200.0
-199.571784648
-198.288972275
-196.157056081
-193.185165258
-189.386025899
-184.775906502
-179.374548307
-173.205080757
-166.293922461
-158.670668058
-150.367961496
-141.421356237
-131.86916302
-121.752285802
-111.114046604
-100.0
-88.4577380438
-76.536686473
-64.2878930606
-51.7638090205
-39.0180644032
-26.105238444
-13.080625846
