0.0 0.0 0.0
-0.00135668286523 2.38524477947e-18 -6.04557979211e-11
-0.0053976349177 8.67361737988e-19 -2.29912919306e-10
-0.0120362315488 3.46944695195e-18 -4.76768218807e-10
-0.0211300191863 3.46944695195e-18 -7.60023475182e-10
-0.0324832753328 0.0 -1.04090826425e-09
-0.0458505259572 -6.93889390391e-18 -1.29120932489e-09
-0.0609409593877 0.0 -1.49621594081e-09
-0.077423660366 0.0 -1.65303082768e-09
-0.0949335737308 0.0 -1.76652288836e-09
-0.113078094566 2.77555756156e-17 -1.8451317852e-09
-0.131444170778 8.32667268469e-17 -1.89778765716e-09
-0.149605795156 0.0 -1.93222753695e-09
-0.167131757155 -1.94289029309e-16 -1.95441216132e-09
-0.183593520054 3.05311331772e-16 -1.96858759399e-09
-0.198573086861 4.4408920985e-16 -1.97761706844e-09
-0.211670718394 -1.11022302463e-16 -1.98335729172e-09
-0.22251236935 6.10622663544e-16 -1.98697740457e-09
-0.230756712881 5.55111512313e-17 -1.98919334283e-09
-0.236101631119 5.82867087928e-16 -1.9904242238e-09
-0.238290058083 -1.38777878078e-16 -1.99088679305e-09
-0.237115072395 3.88578058619e-16 -1.99064128438e-09
-0.232424149944 -4.99600361081e-16 -1.98959342801e-09
-0.224122500921 8.04911692853e-16 -1.98744325913e-09
-0.212175431208 -4.99600361081e-16 -1.98354625128e-09
-0.196609684729 -1.66533453694e-16 -1.97660038552e-09
-0.177513740721 -5.55111512313e-17 -1.96395549304e-09
-0.155037057716 -1.38777878078e-16 -1.94006403638e-09
-0.129388273976 -5.55111512313e-17 -1.89292110018e-09
-0.100832391961 0.0 -1.79569241594e-09
-0.0696869917563 0.0 -1.58665868229e-09
-0.0363175349862 0.0 -1.12060095386e-09
-0.00113183632233 0.0 -5.05641482058e-11
0.0354262060631 6.93889390391e-18 2.4577540158e-09
0.0728835170158 0.0 8.40301355767e-09
0.110745272867 -1.38777878078e-17 2.25005689676e-08
0.148502727822 2.77555756156e-17 5.55663043606e-08
0.185641307352 2.77555756156e-17 1.31376607049e-07
0.221648832985 0.0 2.99215712188e-07
0.25602374056 2.77555756156e-17 6.53592561634e-07
0.28828315392 5.55111512313e-17 1.35820469975e-06
0.317970678422 0.0 2.66058818924e-06
0.344663783191 0.0 4.86858985897e-06
0.367980647976 5.55111512313e-17 8.25239617557e-06
0.387586359377 0.0 1.28604737383e-05
0.403198352165 5.55111512313e-17 1.83094503425e-05
0.414591004075 0.0 2.3693351072e-05
0.421599306665 0.0 2.77647081284e-05
0.424121550403 0.0 2.93952781961e-05
0.42212097876 1.11022302463e-16 2.80943672836e-05
0.415626383538 5.55111512313e-17 2.42549638768e-05
0.404731631572 0.0 1.89558130609e-05
0.389594130956 -5.55111512313e-17 1.34582211706e-05
0.370432262787 0.0 8.72317326749e-06
0.347521821792 0.0 5.19393483577e-06
0.321191525856 0.0 2.86185467161e-06
0.291817670198 0.0 1.47144269871e-06
0.259818016297 0.0 7.12357004298e-07
0.225645018605 0.0 3.27718117234e-07
0.189778503128 -2.77555756156e-17 1.44463825499e-07
0.152717921156 0.0 6.13264927093e-08
0.11497430845 0.0 2.49605821398e-08
0.077062085025 0.0 9.43447902897e-09
0.0394908332336 -6.93889390391e-18 2.88712866535e-09
0.00275719204817 6.93889390391e-18 1.28733264168e-10
-0.0326629967043 3.46944695195e-18 -1.0448001041e-09
-0.066322158829 1.38777878078e-17 -1.55396334775e-09
-0.0978079503253 0.0 -1.78122300908e-09
-0.126749596159 -1.38777878078e-17 -1.88633397569e-09
-0.152823500133 -2.77555756156e-17 -1.93698598212e-09
-0.175758033262 5.55111512313e-17 -1.96249492086e-09
-0.19533742217 -1.66533453694e-16 -1.97591705851e-09
-0.211404674418 -3.05311331772e-16 -1.98325681561e-09
-0.223863494189 8.04911692853e-16 -1.98736946212e-09
-0.232679158959 4.16333634234e-16 -1.98965329518e-09
-0.237878345597 -8.60422844084e-16 -1.99080150911e-09
-0.239547912191 8.04911692853e-16 -1.99114248335e-09
-0.237832659753 6.93889390391e-16 -1.99079199648e-09
-0.232932115295 7.49400541622e-16 -1.98971234019e-09
-0.225096394446 -7.21644966006e-16 -1.98771690592e-09
-0.214621217392 1.38777878078e-16 -1.98443198003e-09
-0.201842166324 -1.11022302463e-16 -1.97921279589e-09
-0.187128285399 5.55111512313e-17 -1.97100188453e-09
-0.170875135346 -1.11022302463e-16 -1.9581141035e-09
-0.153497424045 0.0 -1.93793947861e-09
-0.135421341486 8.32667268469e-17 -1.90658319966e-09
-0.117076732425 -2.77555756156e-17 -1.85852718078e-09
-0.0988892426949 -1.38777878078e-17 -1.78651015302e-09
-0.0812725753639 2.77555756156e-17 -1.6819665994e-09
-0.0646209909299 0.0 -1.53646166461e-09
-0.0493021813702 0.0 -1.3444539897e-09
-0.0356506413038 0.0 -1.10723189667e-09
-0.0239616508428 1.04083408559e-17 -8.3697033187e-10
-0.0144859740722 0.0 -5.58894956519e-10
-0.00742536468013 0.0 -3.09283329315e-10
-0.00292895627706 -2.60208521397e-18 -1.28236187721e-10
-0.00109059963731 2.16840434497e-18 -4.87445603498e-11
-0.00194719272344 6.50521303491e-19 -8.61956897683e-11
-0.0054780322014 0.0 -2.33129680495e-10
-0.0116051975107 -1.73472347598e-18 -4.61841147431e-10
-0.0201949607237 5.20417042793e-18 -7.33512125138e-10
-0.0310601977137 3.46944695195e-18 -1.00952655681e-09
-0.0439637588632 0.0 -1.26029808932e-09
-0.0586227409634 -6.93889390391e-18 -1.46908809533e-09
-0.0747135863847 0.0 -1.63109106447e-09
-0.09187792129 1.38777878078e-17 -1.74981104372e-09
-0.109729031862 0.0 -1.83294131171e-09
-0.127858866457 5.55111512313e-17 -1.8891511098e-09
-0.145845442443 8.32667268469e-17 -1.92620936578e-09
-0.163260529421 1.11022302463e-16 -1.95023930958e-09
-0.179677475648 2.22044604925e-16 -1.96567749709e-09
-0.194679041896 -1.38777878078e-16 -1.97555564648e-09
-0.207865106721 5.27355936697e-16 -1.98186086079e-09
-0.218860109173 2.22044604925e-16 -1.98585563546e-09
-0.227320099349 1.38777878078e-16 -1.98831958174e-09
-0.232939273782 5.55111512313e-16 -1.98971400621e-09
-0.235455881337 6.10622663544e-16 -1.99028329741e-09
-0.234657395969 -9.15933995316e-16 -1.99010616733e-09
-0.230384865101 -4.16333634234e-16 -1.98910204459e-09
-0.222536356417 0.0 -1.98698446994e-09
-0.211069441187 1.38777878078e-16 -1.98312934477e-09
-0.196002668639 3.33066907388e-16 -1.97627681256e-09
-0.177416003086 1.38777878078e-16 -1.96387570112e-09
-0.155450213213 -1.66533453694e-16 -1.94062167208e-09
-0.130305220788 -2.77555756156e-17 -1.89511961175e-09
-0.102237433846 0.0 -1.8020848615e-09
-0.0715561067316 0.0 -1.60377349992e-09
-0.0386187860299 -6.93889390391e-18 -1.16521494811e-09
-0.00382591706971 0.0 -1.65837505897e-10
0.0323852999506 -1.04083408559e-17 2.16137802098e-09
0.069547702278 -6.93889390391e-18 7.64678411678e-09
0.107171492282 -1.38777878078e-17 2.05975518704e-08
0.144751978189 0.0 5.08828354091e-08
0.181777598402 0.0 1.20212646191e-07
0.21773809501 2.77555756156e-17 2.737096792e-07
0.252132699373 0.0 5.98346443783e-07
0.284478192374 0.0 1.24600977205e-06
0.314316703889 0.0 2.44932708714e-06
0.34122312034 0.0 4.50382948607e-06
0.36481197572 0.0 7.68135661279e-06
0.384743710132 5.55111512313e-17 1.20592849023e-05
0.400730190478 0.0 1.7314950228e-05
0.412539400333 0.0 2.26186339717e-05
0.419999219985 5.55111512313e-17 2.67775007549e-05
0.423000232932 5.55111512313e-17 2.86588740209e-05
0.421497511527 5.55111512313e-17 2.77008333874e-05
0.415511351786 0.0 2.41919165182e-05
0.405126945061 5.55111512313e-17 1.91261273781e-05
0.390492992292 0.0 1.37347535985e-05
0.3718192843 0.0 9.00131554903e-06
0.349373288941 0.0 5.41620703046e-06
0.323475802683 0.0 3.01375126777e-06
0.294495739877 0.0 1.56347837203e-06
0.262844147566 0.0 7.62978211514e-07
0.228967546675 2.77555756156e-17 3.53458468761e-07
0.193340711753 2.77555756156e-17 1.5675647564e-07
0.156459010793 0.0 6.69198203377e-08
0.118830433977 0.0 2.74183472996e-08
0.08096744532 -1.38777878078e-17 1.04907682925e-08
0.0433787940069 -6.93889390391e-18 3.33648853762e-09
0.00656142277353 0.0 3.20066060437e-10
-0.029007391159 -3.46944695195e-18 -9.62440456829e-10
-0.0628775311773 0.0 -1.51781209578e-09
-0.094633047329 1.38777878078e-17 -1.76493001244e-09
-0.123898556726 -2.77555756156e-17 -1.87876052863e-09
-0.150344932134 -5.55111512313e-17 -1.93335144228e-09
-0.173694184808 1.66533453694e-16 -1.96070215151e-09
-0.193723461475 -1.11022302463e-16 -1.97502141855e-09
-0.210268090537 -5.55111512313e-17 -1.98282068848e-09
-0.223223628817 0.0 -1.98718528506e-09
-0.232546877294 -9.43689570931e-16 -1.9896222832e-09
-0.238255851845 8.32667268469e-16 -1.99087973764e-09
-0.240428712862 -2.77555756156e-17 -1.99131724547e-09
-0.239201675343 -1.11022302463e-16 -1.9910728263e-09
-0.234765938453 0.0 -1.99013043393e-09
-0.227363690185 -6.10622663544e-16 -1.9883310955e-09
-0.21728325852 4.4408920985e-16 -1.98534192126e-09
-0.204853494929 1.66533453694e-16 -1.98058185372e-09
-0.190437489106 -1.94289029309e-16 -1.97309365905e-09
-0.17442572508 -5.55111512313e-17 -1.96134720505e-09
-0.157228798312 -1.94289029309e-16 -1.94296359044e-09
-0.139269820719 -5.55111512313e-17 -1.91437292428e-09
-0.120976645741 5.55111512313e-17 -1.87047495303e-09
-0.102774048506 -1.38777878078e-17 -1.80447314373e-09
-0.0850759967326 0.0 -1.70818905225e-09
-0.0682781462892 -1.38777878078e-17 -1.57327148336e-09
-0.0527506913206 6.93889390391e-18 -1.39365574352e-09
-0.0388316926058 6.93889390391e-18 -1.16922634761e-09
-0.0268209994573 0.0 -9.09826085516e-10
-0.0169748701419 6.93889390391e-18 -6.37800946804e-10
-0.00950138367877 3.46944695195e-18 -3.86858130781e-10
-0.00455672215638 0.0 -1.95914312542e-10
-0.00224238764532 -1.30104260698e-18 -9.89346712081e-11
-0.0026034016216 3.68628738645e-18 -1.14398833296e-10
-0.00562751783797 8.67361737988e-19 -2.39095191897e-10
-0.0112454620735 -2.60208521397e-18 -4.49271281059e-10
-0.0193321944583 3.46944695195e-18 -7.08547937154e-10
-0.0297091724111 -3.46944695195e-18 -9.78784117965e-10
-0.0421475749485 0.0 -1.22927054122e-09
-0.0563724325168 -6.93889390391e-18 -1.44135843571e-09
-0.0720675908478 -1.38777878078e-17 -1.60833222064e-09
-0.0888814229178 -1.38777878078e-17 -1.73226155879e-09
-0.106433190137 -1.38777878078e-17 -1.82000812114e-09
-0.12431994264 8.32667268469e-17 -1.87991088718e-09
-0.142123839173 -1.38777878078e-16 -1.91972718786e-09
-0.159419759757 -1.66533453694e-16 -1.94572191444e-09
-0.175783079154 0.0 -1.96251616706e-09
-0.190797466266 2.49800180541e-16 -1.97331190189e-09
-0.20406257402 -1.11022302463e-16 -1.98023125525e-09
-0.215201486049 5.27355936697e-16 -1.98463502516e-09
-0.223867790487 0.0 -1.98737068976e-09
-0.229752157476 -6.66133814775e-16 -1.98894492225e-09
-0.232588305337 -8.04911692853e-16 -1.98963200553e-09
-0.232158250723 6.10622663544e-16 -1.98953063527e-09
-0.228296750205 6.93889390391e-16 -1.98857484375e-09
-0.220894854479 1.38777878078e-16 -1.9864920106e-09
-0.209902511481 -3.33066907388e-16 -1.98267800883e-09
-0.195330170879 -3.05311331772e-16 -1.97591310723e-09
-0.177249359448 2.49800180541e-16 -1.96373924757e-09
-0.155792214329 5.55111512313e-17 -1.94107934383e-09
-0.131149979038 0.0 -1.8971050707e-09
-0.103570484702 0.0 -1.80796477404e-09
-0.0733546564256 0.0 -1.6195727938e-09
-0.040852101303 -6.93889390391e-18 -1.20634665402e-09
-0.00645585033384 0.0 -2.71788224298e-10
0.0294036590094 0.0 1.88991899933e-09
0.0662652597854 0.0 6.95633589318e-09
0.103644281047 0.0 1.88643177854e-08
0.141040201196 1.38777878078e-17 4.66232571558e-08
0.177944601262 0.0 1.1006097432e-07
0.213849284897 0.0 2.50488649663e-07
0.248254428901 2.77555756156e-17 5.47914724061e-07
0.280676627464 0.0 1.14315711301e-06
0.310656694934 0.0 2.25452024853e-06
0.337767095939 0.0 4.16493770386e-06
0.361618877834 0.0 7.1458704774e-06
0.381867988841 5.55111512313e-17 1.12995418173e-05
0.398220875464 0.0 1.63592211515e-05
0.410439264939 0.0 2.15689633704e-05
0.418344052096 0.0 2.57932266257e-05
0.421818225112 0.0 2.79025751645e-05
0.420808780831 5.55111512313e-17 2.72725096583e-05
0.415327597388 5.55111512313e-17 2.40915429854e-05
0.405451249553 0.0 1.92669905223e-05
0.391319769998 0.0 1.39941230053e-05
0.373134377472 5.55111512313e-17 9.2732182853e-06
0.351154210189 0.0 5.63897707333e-06
0.325692119483 5.55111512313e-17 3.16882526475e-06
0.297109594601 5.55111512313e-17 1.65884819217e-06
0.265810904129 0.0 8.1608687977e-07
0.232236552777 0.0 3.80744563874e-07
0.196856163678 0.0 1.69898904552e-07
0.160160906007 0.0 7.29406967104e-08
0.122655595271 0.0 3.00776860003e-08
0.0848505989975 0.0 1.16377814713e-08
0.0472536837358 0.0 3.82544299898e-09
0.0103619400845 -3.46944695195e-18 5.2838362242e-10
-0.025346079014 -1.73472347598e-18 -8.72834043989e-10
-0.0594178752491 -6.93889390391e-18 -1.47855352141e-09
-0.0914340517429 0.0 -1.74728591397e-09
-0.121014772373 -4.16333634234e-17 -1.87058663232e-09
-0.147825526442 5.55111512313e-17 -1.92944210803e-09
-0.171582103455 -8.32667268469e-17 -1.95877872867e-09
-0.192054696346 3.60822483003e-16 -1.97406032674e-09
-0.20907106638 2.77555756156e-17 -1.98234908126e-09
-0.222518719083 4.4408920985e-16 -1.98697927525e-09
-0.232346057377 2.49800180541e-16 -1.98957502542e-09
-0.238562495643 0.0 -1.99094279178e-09
-0.241237536105 4.99600361081e-16 -1.99147468774e-09
-0.240498826648 -3.05311331772e-16 -1.99133100788e-09
-0.23652923653 -1.11022302463e-16 -1.99051641635e-09
-0.229563003134 9.43689570931e-16 -1.98889751056e-09
-0.219881018735 5.55111512313e-16 -1.98617859085e-09
-0.20780534081 4.16333634234e-16 -1.98183631701e-09
-0.193693022613 -2.22044604925e-16 -1.97500421082e-09
-0.177929372198 -2.49800180541e-16 -1.9642928463e-09
-0.160920757736 0.0 -1.9475342102e-09
-0.143087084557 0.0 -1.92145763953e-09
-0.124854074822 -1.11022302463e-16 -1.88135336337e-09
-0.106645483941 0.0 -1.82087055423e-09
-0.0888753887498 0.0 -1.73222500474e-09
-0.0719406810974 -2.77555756156e-17 -1.60720602407e-09
-0.0562138967658 0.0 -1.43935111261e-09
-0.0420365037631 0.0 -1.2273313221e-09
-0.0297127659817 -6.93889390391e-18 -9.78867141997e-10
-0.0195042881974 3.46944695195e-18 -7.13566459915e-10
-0.0116253365548 0.0 -4.62541826001e-10
-0.00623901523807 -1.73472347598e-18 -2.63289182266e-10
-0.00345436521062 -1.73472347598e-18 -1.50354273623e-10
-0.00332443495324 1.73472347598e-18 -1.44909058214e-10
-0.00584535633664 3.46944695195e-18 -2.47752412422e-10
-0.0109564413958 -8.67361737988e-19 -4.39097950414e-10
-0.0185412981435 -3.46944695195e-18 -6.85231246619e-10
-0.02842994596 3.46944695195e-18 -9.48796462967e-10
-0.0404018938367 6.93889390391e-18 -1.19822143742e-09
-0.0541901281137 0.0 -1.41308414531e-09
-0.0694859406398 -6.93889390391e-18 -1.58477424737e-09
-0.0859445137468 0.0 -1.71386708313e-09
-0.10319116533 -2.77555756156e-17 -1.80630965772e-09
-0.120828145888 -2.77555756156e-17 -1.87003905262e-09
-0.138441869775 -2.77555756156e-17 -1.91275384773e-09
-0.155610455359 1.66533453694e-16 -1.94083655181e-09
-0.171911443341 -5.55111512313e-17 -1.95908473221e-09
-0.186929559314 -3.05311331772e-16 -1.97087121357e-09
-0.200264385736 4.4408920985e-16 -1.9784573648e-09
-0.211537809928 3.33066907388e-16 -1.98330717214e-09
-0.220401118399 2.77555756156e-16 -1.9863402737e-09
-0.22654161373 -2.77555756156e-16 -1.98811203453e-09
-0.229688638317 -2.22044604925e-16 -1.98892902375e-09
-0.22961889928 8.04911692853e-16 -1.9889115421e-09
-0.226161000734 -4.16333634234e-16 -1.98800922341e-09
-0.219199103049 -4.4408920985e-16 -1.98596370136e-09
-0.208675643598 4.4408920985e-16 -1.98219046385e-09
-0.194593069453 3.33066907388e-16 -1.97550805404e-09
-0.177014549337 -2.22044604925e-16 -1.96354610169e-09
-0.156063649522 -1.11022302463e-16 -1.94144007081e-09
-0.131922976085 -8.32667268469e-17 -1.89888891715e-09
-0.104831803513 0.0 -1.81336735882e-09
-0.075082727047 1.38777878078e-17 -1.63415921404e-09
-0.0430173927869 0.0 -1.24428956612e-09
-0.00902137538835 0.0 -3.69244074998e-10
0.0264817122077 1.73472347598e-18 1.64108218456e-09
0.0630367794118 1.38777878078e-17 6.32546308765e-09
0.100164379858 0.0 1.7284653435e-08
0.137368275714 -2.77555756156e-17 4.2747103734e-08
0.174143317966 0.0 1.00826309801e-07
0.209983510735 0.0 2.29343898603e-07
0.244390124373 0.0 5.01878674946e-07
0.276879721156 0.0 1.04889164188e-06
0.306991958727 0.0 2.0749725524e-06
0.334297040051 -5.55111512313e-17 3.85031147286e-06
0.358402684583 0.0 6.64423097837e-06
0.378960503272 5.55111512313e-17 1.05800476134e-05
0.395671670089 0.0 1.54422944077e-05
0.408291794511 -5.55111512313e-17 2.05459836751e-05
0.416634912856 0.0 2.48148076568e-05
0.420576531123 -5.55111512313e-17 2.71295711145e-05
0.420055668044 5.55111512313e-17 2.68117228479e-05
0.415075863888 0.0 2.39547123718e-05
0.405705138094 0.0 1.93779917296e-05
0.392074896517 0.0 1.42352913465e-05
0.374377806785 0.0 9.53785253643e-06
0.352864677559 0.0 5.86155249232e-06
0.327840394273 0.0 3.32674511929e-06
0.29965897979 0.0 1.75745979796e-06
0.268717863176 0.0 8.71699805929e-07
0.2354514531 0.0 4.09621045266e-07
0.200324124065 0.0 1.8392942794e-07
0.163822733494 0.0 7.94137246214e-08
0.126448795469 2.77555756156e-17 3.29521386055e-08
0.0887104426568 0.0 1.28822729548e-08
0.0511143113187 0.0 4.35714618332e-09
0.0141574855091 -6.93889390391e-18 7.55095985789e-10
-0.0216803646345 1.73472347598e-18 -7.75367017046e-10
-0.0559445190437 0.0 -1.43592379422e-09
-0.0882122925413 0.0 -1.72817751227e-09
-0.118099550375 -1.38777878078e-17 -1.86176336947e-09
-0.145266546331 2.77555756156e-17 -1.92523655868e-09
-0.169422986933 -2.77555756156e-17 -1.95671512756e-09
-0.190332238533 0.0 -1.97302951239e-09
-0.207814608767 3.33066907388e-16 -1.98184012521e-09
-0.221749649705 -6.66133814775e-16 -1.98675073527e-09
-0.232077446745 -2.77555756156e-16 -1.98951147825e-09
-0.238798874604 -9.43689570931e-16 -1.9909910999e-09
-0.241974819432 -2.49800180541e-16 -1.99161571573e-09
-0.24172438363 -8.04911692853e-16 -1.9915680758e-09
-0.23822210735 -1.11022302463e-16 -1.99087277211e-09
-0.231694257327 8.32667268469e-17 -1.9894201533e-09
-0.222414249598 4.4408920985e-16 -1.98694846355e-09
-0.210697287309 2.49800180541e-16 -1.98298669803e-09
-0.196894308168 5.55111512313e-17 -1.97675058192e-09
-0.18138534773 0.0 -1.96697841097e-09
-0.16457243458 1.66533453694e-16 -1.95169455868e-09
-0.146872141315 -8.32667268469e-17 -1.92790365606e-09
-0.128707920971 0.0 -1.89126012674e-09
-0.110502362042 -2.77555756156e-17 -1.83583877574e-09
-0.0926694964574 -1.38777878078e-17 -1.75425177971e-09
-0.0756072938144 0.0 -1.63847535943e-09
-0.0596904717941 0.0 -1.48175956398e-09
-0.0452637471164 0.0 -1.28173701045e-09
-0.0326356436601 0.0 -1.04420879842e-09
-0.0220729646789 6.93889390391e-18 -7.86196473921e-10
-0.0137960244973 -3.46944695195e-18 -5.36223222557e-10
-0.00797472190651 -1.73472347598e-18 -3.30167022399e-10
-0.00472552290328 0.0 -2.02791014936e-10
-0.00410940468516 8.67361737988e-19 -1.77563715343e-10
-0.00613079619902 2.60208521397e-18 -2.59031819242e-10
-0.0107375333213 -8.67361737988e-19 -4.3134814023e-10
-0.0178218292226 -1.73472347598e-18 -6.63654867289e-10
-0.0272222429377 0.0 -9.1967779858e-10
-0.0387266119203 0.0 -1.16724892412e-09
-0.0520758977115 0.0 -1.38432776954e-09
-0.066968878072 0.0 -1.56044209014e-09
-0.0830676042898 -1.38777878078e-17 -1.69462366647e-09
-0.100003529135 0.0 -1.79182497838e-09
-0.117384199305 4.16333634234e-17 -1.85950788811e-09
-0.134800396412 2.77555756156e-17 -1.90526156909e-09
-0.151833602723 -5.55111512313e-17 -1.93555880667e-09
-0.168063662194 -1.94289029309e-16 -1.95536326561e-09
-0.183076503839 1.94289029309e-16 -1.96821799941e-09
-0.196471793294 -4.16333634234e-16 -1.97652727138e-09
-0.207870379505 -2.77555756156e-17 -1.98186302455e-09
-0.216921406884 -4.99600361081e-16 -1.98522142758e-09
-0.223308968863 -5.82867087928e-16 -1.98721000346e-09
-0.226758186488 3.60822483003e-16 -1.98817014114e-09
-0.227040605458 5.27355936697e-16 -1.98824548787e-09
-0.223978816553 4.4408920985e-16 -1.98740237354e-09
-0.217450217577 -3.33066907388e-16 -1.98539718557e-09
-0.207389849554 5.55111512313e-17 -1.98166476872e-09
-0.193792255683 -2.22044604925e-16 -1.97506026572e-09
-0.176712328189 2.49800180541e-16 -1.96329599105e-09
-0.156265125467 0.0 -1.94170639587e-09
-0.132624659507 8.32667268469e-17 -1.90048140092e-09
-0.106021671142 2.77555756156e-17 -1.81832450213e-09
-0.0767404279704 0.0 -1.64762579901e-09
-0.0451145965179 1.38777878078e-17 -1.27930917539e-09
-0.0115222560407 3.46944695195e-18 -4.58952076599e-10
0.023619863919 -6.07153216592e-18 1.41280059158e-09
0.0598628267956 -6.93889390391e-18 5.74858137131e-09
0.0967325059541 0.0 1.58439660527e-08
0.133737058325 0.0 3.92178939827e-08
0.170374729812 0.0 9.24224702153e-08
0.206141861785 0.0 2.10085651032e-07
0.240540964415 2.77555756156e-17 4.59854750073e-07
0.273088721329 0.0 9.62514666625e-07
0.303323791095 0.0 1.90956277032e-06
0.330814274346 0.0 3.55841726233e-06
0.355164720922 5.55111512313e-17 6.17475360878e-06
0.376022559064 0.0 9.89953324092e-06
0.393083838398 5.55111512313e-17 1.45640199126e-05
0.406098189944 0.0 1.95510983159e-05
0.414872919525 0.0 2.3844967233e-05
0.419276165534 5.55111512313e-17 2.63429867216e-05
0.41923906775 0.0 2.63208842194e-05
0.414756910633 5.55111512313e-17 2.37824597004e-05
0.405889221852 0.0 1.94588736541e-05
0.392758824429 0.0 1.4457305053e-05
0.375549858525 0.0 9.79420470467e-06
0.354504806177 0.0 6.08321847441e-06
0.329920569067 0.0 3.48715005761e-06
0.30214366536 0.0 1.85919998813e-06
0.271564626465 0.0 9.2982334658e-07
0.238611688055 0.0 4.40128985296e-07
0.203743881548 0.0 1.98885935283e-07
0.167443642253 0.0 8.63640204758e-08
0.130209058476 0.0 3.60557991334e-08
0.092545891774 0.0 1.42313675237e-08
0.0549595023159 0.0 4.93495687137e-09
0.0179468147384 0.0 1.00171476318e-09
-0.0180115409618 3.46944695195e-18 -6.69378330342e-10
-0.0524587820716 -6.93889390391e-18 -1.38963802279e-09
-0.0849690932887 1.38777878078e-17 -1.70748241535e-09
-0.115154195769 -2.77555756156e-17 -1.85223784611e-09
-0.142669256048 -2.77555756156e-17 -1.92071164767e-09
-0.167218037131 -5.55111512313e-17 -1.9545010636e-09
-0.188557207072 -1.11022302463e-16 -1.97192435991e-09
-0.206499734793 2.49800180541e-16 -1.98129178451e-09
-0.220917318501 -3.60822483003e-16 -1.9864988741e-09
-0.231741808627 -3.60822483003e-16 -1.98943152921e-09
-0.238965604367 -5.82867087928e-16 -1.99102501896e-09
-0.242641020401 -7.77156117238e-16 -1.99174113959e-09
-0.242878637976 -8.881784197e-16 -1.99178541979e-09
-0.239844671769 -3.33066907388e-16 -1.99120175368e-09
-0.233757400747 -7.49400541622e-16 -1.98990264525e-09
-0.224882727122 -1.11022302463e-16 -1.98765738443e-09
-0.213528942308 -2.77555756156e-16 -1.98404246847e-09
-0.200040792231 8.32667268469e-17 -1.97834811147e-09
-0.184792946176 -1.11022302463e-16 -1.96942854981e-09
-0.168182983436 -1.66533453694e-16 -1.95548360335e-09
-0.150624020112 -8.32667268469e-17 -1.9337709493e-09
-0.13253710441 -2.77555756156e-17 -1.90028407068e-09
-0.114343512571 1.38777878078e-17 -1.84950269733e-09
-0.0964570791322 0.0 -1.7744333679e-09
-0.079276694406 0.0 -1.66727640896e-09
-0.0631790990748 -1.38777878078e-17 -1.52109077131e-09
-0.0485121005158 0.0 -1.33263066097e-09
-0.0355883280815 0.0 -1.10597238332e-09
-0.0246796351667 3.46944695195e-18 -8.55709958064e-10
-0.0160122446461 0.0 -6.07808391615e-10
-0.00976272137633 1.73472347598e-18 -3.96367880315e-10
