0.0 0.0
0.0 0.0
-0.000271336573045 -2.82642263589e-08
-0.000808190410496 -1.40714953811e-07
-0.00159905589927 -3.91469777745e-07
-0.00262694793798 -8.31678510792e-07
-0.00386970712858 -1.50841341356e-06
-0.00530039806285 -2.46363270433e-06
-0.00688779381468 -3.73323602491e-06
-0.00859693825851 -5.3462289492e-06
-0.0103897764876 -7.32401173526e-06
-0.0122258424255 -9.67980537204e-06
-0.01406299173 -1.24182255966e-05
-0.0158581673012 -1.55350129957e-05
-0.0175681841299 -1.90169246031e-05
-0.0191505198809 -2.28417896042e-05
-0.0205640974913 -2.69787289138e-05
-0.0217700461876 -3.1388535547e-05
-0.0227324276824 -3.60242099085e-05
-0.0234189148938 -4.08316414268e-05
-0.02380141133 -4.57504254084e-05
-0.0238566002866 -5.07148016185e-05
-0.0235664141924 -5.56546989601e-05
-0.0229184157964 -6.04968687506e-05
-0.0219060843878 -6.51660875198e-05
-0.0205290018539 -6.95864090033e-05
-0.0187929350919 -7.36824441018e-05
-0.0167098130523 -7.73806470335e-05
-0.0142975984909 -8.06105857359e-05
-0.0115800563043 -8.33061747771e-05
-0.00858642208796 -8.54068496096e-05
-0.00535097626329 -8.68586619379e-05
-0.00191253073395 -8.76152772501e-05
0.00168616346949 -8.76388571735e-05
0.00539907774313 -8.69008112138e-05
0.00917762566003 -8.53824046093e-05
0.0129714289134 -8.30752114246e-05
0.0167291166511 -7.99814045949e-05
0.0203991448192 -7.61138773585e-05
0.0239306217778 -7.14961933379e-05
0.0272741263341 -6.61623654096e-05
0.03038250445 -6.01564663696e-05
0.0332116312344 -5.35320772358e-05
0.0357211254038 -4.63515817527e-05
0.0378750041914 -3.86853182532e-05
0.039642267684 -3.06106024328e-05
0.0409974027491 -2.22106367627e-05
0.0419207980659 -1.35733241778e-05
0.0423990632671 -4.79000528894e-06
0.0424252468136 4.04586034446e-06
0.0419989489385 1.2840047402e-05
0.0411263277692 2.14989303923e-05
0.0398199985452 2.99308393834e-05
0.0380988276459 3.80473837783e-05
0.0359876249115 4.57647225864e-05
0.0335167394468 5.30047605404e-05
0.0307215657244 5.96962506624e-05
0.0276419683151 6.57757854582e-05
0.0243216349443 7.11886607977e-05
0.0208073687767 7.58895986853e-05
0.0171483318488 7.98433175005e-05
0.0133952523824 8.30249408579e-05
0.00959960930768 8.54202389506e-05
0.00581280769732 8.70256990553e-05
0.00208535894939 8.78484247477e-05
-0.00153392053976 8.79058662487e-05
-0.0049986788011 8.72253871507e-05
-0.00826575296471 8.58436755084e-05
-0.0112958371004 8.38060098766e-05
-0.0140540821315 8.116539329e-05
-0.0165106178951 7.79815703705e-05
-0.0186409887573 7.43199446776e-05
-0.0204264956766 7.0250415049e-05
-0.0218544392071 6.58461509987e-05
-0.0229182596306 6.11823282031e-05
-0.0236175721611 5.63348457248e-05
-0.0239580969582 5.13790468582e-05
-0.02395148548 4.63884653542e-05
-0.0236150464706 4.1433618276e-05
-0.0229713765884 3.6580865874e-05
-0.0220479023007 3.18913576564e-05
-0.0208763411777 2.74200822941e-05
-0.0194920920872 2.32150371623e-05
-0.0179335649925 1.93165312165e-05
-0.0162414620766 1.57566325635e-05
-0.0144580227325 1.25587695625e-05
-0.0126262455646 9.73749161493e-06
-0.0107891009203 7.29839302274e-06
-0.00898874761865 5.2382004666e-06
-0.00726576745414 3.54502181318e-06
-0.00565843073184 2.19875116881e-06
-0.0042020055422 1.17162239026e-06
-0.00292812271857 4.28900696431e-07
-0.00186420745 -7.03003627939e-08
-0.00103298736445 -3.72091489299e-07
-0.000452085571578 -5.26786586801e-07
-0.000133705683834 -5.8780650924e-07
-8.44142436288e-05 -6.10527335018e-07
-0.000305024301059 -6.51093850089e-07
-0.000790582139221 -7.65219520952e-07
-0.00153045736293 -1.00699446909e-06
-0.0025085347818 -1.4277228175e-06
-0.00370350476093 -2.07481026987e-06
-0.00508924701171 -2.99072191285e-06
-0.00663530118096 -4.21202901626e-06
-0.00830741609598 -5.76856206594e-06
-0.010068168162 -7.68268542615e-06
-0.0118776382104 -9.96870692327e-06
-0.013694135081 -1.26324333078e-05
-0.0154749534076 -1.56708800254e-05
-0.0171771524766 -1.9072141055e-05
-0.018758342653 -2.28154217976e-05
-0.0201774657262 -2.68712351705e-05
-0.0213955556181 -3.12017582272e-05
-0.0223764662166 -3.5761343835e-05
-0.0230875536533 -4.04971792381e-05
-0.0235003011031 -4.53500807752e-05
-0.0235908751643 -5.02554116364e-05
-0.0233406040295 -5.51441073857e-05
-0.0227363689906 -5.99437920753e-05
-0.0217709022927 -6.45799661673e-05
-0.0204429859447 -6.89772461921e-05
-0.0187575477831 -7.30606351221e-05
-0.0167256528342 -7.6756801853e-05
-0.0143643898084 -7.99953479616e-05
-0.0116966543491 -8.27100400614e-05
-0.0087508324201 -8.48399865998e-05
-0.00556038892622 -8.63307388234e-05
-0.00216336827976 -8.71352968657e-05
0.00139818486582 -8.72150034713e-05
0.0050788751243 -8.65403097224e-05
0.00883066533129 -8.50913992582e-05
0.0126036331252 -8.28586598357e-05
0.0163467625126 -7.98429936234e-05
0.0200087571679 -7.60559603234e-05
0.0235388618342 -7.15197500106e-05
0.0268876780405 -6.62669854404e-05
0.0300079604344 -6.03403564326e-05
0.0328553803435 -5.37920917682e-05
0.0353892437245 -4.66832767611e-05
0.0375731514196 -3.9083027267e-05
0.0393755906069 -3.10675333059e-05
0.0407704474887 -2.27189876709e-05
0.0417374325779 -1.41244168306e-05
0.0422624114192 -5.37443308095e-06
0.0423376351671 3.43807177179e-06
0.0419618671384 1.22192699286e-05
0.0411404032189 2.08757564242e-05
0.0398849857933 2.93159011129e-05
0.0382136126652 3.74511717857e-05
0.0361502441948 4.51974068753e-05
0.0337244135934 5.24760170615e-05
0.0309707469432 5.92150962841e-05
0.0279284010323 6.53504241982e-05
0.0246404284809 7.08263439392e-05
0.0211530808541 7.55965011616e-05
0.0175150614966 7.96244326564e-05
0.013776740662 8.28839953813e-05
0.00998934613343 8.53596294225e-05
0.00620414293057 8.70464512e-05
0.00247161587082 8.79501760751e-05
-0.00115933131611 8.80868723829e-05
-0.00464214691568 8.74825517337e-05
-0.00793335931978 8.61726031676e-05
-0.010993250146 8.42010813482e-05
-0.0137864611993 8.16198614164e-05
-0.0162825252276 7.84876753303e-05
-0.0184563117339 7.48690464801e-05
-0.0202883805611 7.08331410327e-05
-0.0217652375463 6.64525558132e-05
-0.022879488217 6.18020635462e-05
-0.0236298872417 5.69573369359e-05
-0.0240212831274 5.19936733558e-05
-0.024064459445 4.69847418378e-05
-0.0237758756236 4.20013736015e-05
-0.023177312067 3.71104165504e-05
-0.0222954259701 3.23736730049e-05
-0.0211612257338 2.78469384524e-05
-0.019809473252 2.3579157308e-05
-0.0182780245693 1.96117096183e-05
-0.0166071204467 1.59778403458e-05
-0.0148386392157 1.2702240381e-05
-0.0130153249281 9.80078578267e-06
-0.0111800042201 7.2804389964e-06
-0.00937480548113 5.13931298586e-06
-0.00764039386539 3.36689638726e-06
-0.00601523539245 1.94443500624e-06
-0.00453490287166 8.45462270394e-07
-0.0032314356495 3.64686744395e-08
-0.00213276424197 -5.22302147588e-07
-0.00126220978642 -8.75945275545e-07
-0.000638066949335 -1.07389076885e-06
-0.000273277481942 -1.16882248044e-06
-0.000175200047123 -1.21553888972e-06
-0.000345480277197 -1.2697764235e-06
-0.000780023290396 -1.38701637846e-06
-0.00146906912431 -1.62129683833e-06
-0.00239736976735 -2.02405088954e-06
-0.00354446471486 -2.64299198144e-06
-0.00488505027484 -3.52106645953e-06
-0.00638943622853 -4.69549213697e-06
-0.00802408194103 -6.19690027963e-06
-0.00975220264253 -8.04859659042e-06
-0.0115344353849 -1.02659547183e-05
-0.0133295531431 -1.28559535233e-05
-0.0150952146914 -1.58168668394e-05
-0.0167887372599 -1.91381118343e-05
-0.018367878571 -2.28002593167e-05
-0.0197916146823 -2.67752065306e-05
-0.0210209001217 -3.1026510156e-05
-0.0220193970881 -3.55098744487e-05
-0.0227541610094 -4.01737867505e-05
-0.0231962704858 -4.49602900313e-05
-0.0233213905815 -4.98058797258e-05
-0.0231102595631 -5.46425099492e-05
-0.022549090478 -5.93986922451e-05
-0.0216298804179 -6.40006683801e-05
-0.0203506218782 -6.83736373693e-05
-0.0187154122977 -7.24430159293e-05
-0.0167344595919 -7.61357109178e-05
-0.014423983274 -7.93813820496e-05
-0.0118060125336 -8.21136732796e-05
-0.00890808440678 -8.42713917109e-05
-0.00576284687833 -8.57996137197e-05
-0.00240757338227 -8.66506991635e-05
0.00111640331551 -8.67851960455e-05
0.00476432848638 -8.61726198161e-05
0.0084887234707 -8.47920935706e-05
0.0122401327386 -8.26328377155e-05
0.0159679075005 -7.96945001906e-05
0.019621012752 -7.59873209976e-05
0.0231488442274 -7.15321275622e-05
0.0265020415528 -6.63601602935e-05
0.0296332839399 -6.05127305546e-05
0.0324980550469 -5.40407160768e-05
0.0350553641408 -4.70039015781e-05
0.0372684114261 -3.94701749566e-05
0.0391051863421 -3.15145918557e-05
0.0405389887507 -2.32183236169e-05
0.041548864237 -1.46675055973e-05
0.0421199461821 -5.95200451201e-06
0.0422436988404 2.83587517783e-06
0.0419180573258 1.16027247785e-05
0.0411474621518 2.02553830574e-05
0.0399427877587 2.87022840897e-05
0.0383211662409 3.6854779298e-05
0.0363057092535 4.4628412162e-05
0.0339251327842 5.19441248743e-05
0.0312132911125 5.87293773635e-05
0.0282086278077 6.49191605844e-05
0.0249535530181 7.04568877537e-05
0.0214937575373 7.52951492699e-05
0.0178774751982 7.93963193465e-05
0.0141547060033 8.27330048884e-05
0.010376413051 8.52883297899e-05
0.0065937067485 8.70560506023e-05
0.00285702999867 8.80405023468e-05
-0.000784641981757 8.82563760986e-05
-0.00428457382105 8.77283327858e-05
-0.00759900122877 8.64904603847e-05
-0.0106878091198 8.45855843068e-05
-0.0135151453548 8.20644432157e-05
-0.0160499599335 7.89847447481e-05
-0.0182664607576 7.54101175928e-05
-0.0201444785116 7.14089780856e-05
-0.0216697347645 6.70533308693e-05
-0.0228340090521 6.24175242218e-05
-0.0236352024233 5.75769813597e-05
-0.0240772967053 5.26069293672e-05
-0.0241702105156 4.7581147365e-05
-0.023929554814 4.25707551432e-05
-0.023376292492 3.76430627155e-05
-0.0225363081348 3.28605001502e-05
-0.0214398956121 2.82796455932e-05
-0.0201211725499 2.39503676597e-05
-0.0186174319727 1.99150963552e-05
-0.0169684424669 1.62082344344e-05
-0.0152157090803 1.28557186482e-05
-0.0134017078311 9.87473771999e-06
-0.0115691071334 7.27361116119e-06
-0.00975998965478 5.05183024575e-06
-0.00801508809519 3.20025964679e-06
-0.00637304812429 1.70149545726e-06
-0.00486973122886 5.30372607978e-07
-0.00353756952376 -3.45387887087e-07
-0.00240498367258 -9.64403845039e-07
-0.00149587396691 -1.37074318249e-06
-0.00082919334404 -1.61293769404e-06
-0.000418609703573 -1.74291717817e-06
-0.00027226333855 -1.81488312006e-06
-0.000392623652098 -1.88414218158e-06
-0.000776447615229 -2.0059204386e-06
-0.00141484066394 -2.23417963434e-06
-0.00229341896476 -2.620456679e-06
-0.00339257022725 -3.21274721983e-06
-0.00468780854009 -4.05445334143e-06
-0.00615021708265 -5.1834143438e-06
-0.00774697104532 -6.63103810713e-06
-0.00944193170404 -8.42154881019e-06
-0.011196301362 -1.05713647546e-05
-0.0129693278156 -1.30886177939e-05
-0.0147190461394 -1.59728234142e-05
-0.0164030449324 -1.92147079009e-05
-0.0179792437358 -2.27961963038e-05
-0.019406668127 -2.66905621229e-05
-0.0206462090202 -3.08627368257e-05
-0.0216613529654 -3.52697745325e-05
-0.0224188707143 -3.98614644991e-05
-0.0228894520317 -4.45810814519e-05
-0.0230482756317 -4.93662614168e-05
-0.0228755042243 -5.41499884851e-05
-0.0223566959225 -5.88616760004e-05
-0.0214831246873 -6.34283239806e-05
-0.0202520040323 -6.77757332223e-05
-0.0186666098584 -7.18297555025e-05
-0.0167363000089 -7.55175586137e-05
-0.0144764298956 -7.87688846454e-05
-0.0119081653214 -8.15172799805e-05
-0.00905819538112 -8.3701275887e-05
-0.00595835002828 -8.52654993672e-05
-0.0026451285291 -8.61616950503e-05
0.00084085345143 -8.63496403708e-05
0.0044554889901 -8.57979380332e-05
0.00815186689225 -8.44846717954e-05
0.0118810090794 -8.23979138817e-05
0.0155926460633 -7.95360748044e-05
0.0192360175299 -7.59080890134e-05
0.0227606846171 -7.15334325397e-05
0.0261173402574 -6.64419716153e-05
0.0292586039739 -6.06736440912e-05
0.0321397877714 -5.42779782844e-05
0.0347196202388 -4.73134566167e-05
0.0369609166778 -3.98467340212e-05
0.0388311839767 -3.19517235364e-05
0.0403031500411 -2.37085637428e-05
0.0413552088612 -1.52024846905e-05
0.04197177371 -6.52259067268e-06
0.0421435325147 2.23942039239e-06
0.0418676010942 1.09905801433e-05
0.0411475716835 1.96379939743e-05
0.0399934559352 2.80901843513e-05
0.0384215233682 3.6258411362e-05
0.0364540379889 4.40579490034e-05
0.034118897523 5.14092964526e-05
0.0314491813316 5.82393046666e-05
0.0284826146265 6.44822000789e-05
0.0252609580088 7.0080488895e-05
0.0218293326111 7.49857275013e-05
0.018235492202 7.91591467526e-05
0.0145290544968 8.25721203671e-05
0.010760704597 8.52064702727e-05
0.00698138393433 8.70546044947e-05
0.00324147832941 8.81194859805e-05
-0.000409981227598 8.84144335953e-05
-0.0039260916993 8.79627593321e-05
-0.00726281210945 8.67972485187e-05
-0.0103796463988 8.49594924241e-05
-0.0132402636762 8.24990851246e-05
-0.01581304559 7.94726987427e-05
-0.0180715517966 7.59430531816e-05
-0.0199948959099 7.19777982121e-05
-0.0215680258434 6.76483271962e-05
-0.0227819040977 6.30285428273e-05
-0.0236335852512 5.81935960201e-05
-0.0241261896696 5.32186194659e-05
-0.0242687742168 4.81774773944e-05
-0.0240761025092 4.31415527354e-05
-0.0235683189607 3.81785921656e-05
-0.0227705325047 3.33516284713e-05
-0.0217123174148 2.87179982714e-05
-0.0204271400469 2.43284714525e-05
-0.0189517215866 2.0226506699e-05
-0.0173253479595 1.64476452879e-05
-0.0155891389566 1.30190529008e-05
-0.0137852893064 9.95921662342e-06
-0.0119562948878 7.2778016032e-06
-0.0101441775206 4.97566906067e-06
-0.00838972177093 3.04505455114e-06
-0.00673173699195 1.46990259667e-06
-0.00520635736688 2.26351100962e-07
-0.0038463920564 -7.16643630629e-07
-0.00268073667563 -1.39655287355e-06
-0.00173385626016 -1.85640630436e-06
-0.00102534863931 -2.14382348139e-06
-0.000569595741996 -2.30996352111e-06
-0.000375508838659 -2.40841191492e-06
-0.000446372098373 -2.49402451253e-06
-0.000779787141432 -2.62174943335e-06
-0.00136771952282 -2.8454480442e-06
-0.00219664632169 -3.21673615301e-06
-0.00324780226584 -3.78386621421e-06
-0.00449752011821 -4.59067062922e-06
-0.00591765942409 -5.67558516487e-06
-0.00747611619031 -7.07077012471e-06
-0.00913740466765 -8.80134521408e-06
-0.0108633011593 -1.0884752071e-05
-0.0126135387017 -1.33302562232e-05
-0.0143465405807 -1.61385978152e-05
-0.0160201799639 -1.93017978719e-05
-0.0175925524748 -2.28031241676e-05
-0.0190227482931 -2.66172179976e-05
-0.0202716103658 -3.07103803579e-05
-0.0213024655351 -3.50410132642e-05
-0.0220818158417 -3.9560209241e-05
-0.022579977931 -4.42124794256e-05
-0.0227716593666 -4.89366083108e-05
-0.022636461725 -5.36666209245e-05
-0.0221593015857 -5.83328462694e-05
-0.0213307419297 -6.28630591355e-05
-0.020147227981 -6.71836810013e-05
-0.0186112231556 -7.12210196613e-05
-0.0167312424822 -7.49025264986e-05
-0.0145217826112 -7.81580499458e-05
-0.0120031492902 -8.09210636855e-05
-0.00920118493818 -8.3129848501e-05
-0.0061469006559 -8.47286074171e-05
-0.00287601864769 -8.56684948445e-05
0.000571567439546 -8.59085418454e-05
0.00415240534426 -8.54164613471e-05
0.00782016001486 -8.41693191221e-05
0.011526341176 -8.21540585814e-05
0.0152210704891 -7.93678698663e-05
0.0188538754734 -7.58183963286e-05
0.0223744968837 -7.1523774208e-05
0.0257336959993 -6.65125041161e-05
0.0288840482665 -6.0823155755e-05
0.0317807099525 -5.45039101072e-05
0.0343821449168 -4.76119460583e-05
0.0366507992677 -4.02126810391e-05
0.0385537125452 -3.23788777253e-05
0.0400630551345 -2.4189631092e-05
0.0411565828542 -1.57292521348e-05
0.0418180010508 -7.08606631138e-06
0.0420372320561 1.64885380392e-06
0.041810581494 1.03830010487e-05
0.0411408006327 1.90237700202e-05
0.0400370437376 2.74797954755e-05
0.0385147211481 3.56622709844e-05
0.0365952505569 4.34862263704e-05
0.0343057106784 5.08717431657e-05
0.0316784031349 5.77450883546e-05
0.0287503299371 6.40397480496e-05
0.0255625953559 6.96973444343e-05
0.0221597422551 7.46684212688e-05
0.0185890340544 7.89130854677e-05
0.0148996943963 8.24014946813e-05
0.011142117299 8.51141833995e-05
0.0073670610558 8.70422228115e-05
0.00362483940738 8.81872124431e-05
-3.5476459714e-05 8.85611044168e-05
-0.00356683173265 8.81858639801e-05
-0.00692492468168 8.70929726869e-05
-0.0100688939761 8.53227832434e-05
-0.0129619451778 8.29237374982e-05
-0.0155719060318 7.99514613305e-05
-0.0178717013943 7.64677522237e-05
-0.0198397400201 7.25394770763e-05
-0.0214602069385 6.82373992681e-05
-0.0227232567616 6.36349551327e-05
-0.0236251049639 5.88070007863e-05
-0.0241680159095 5.38285506953e-05
-0.0243601881707 4.8773529437e-05
-0.0242155394245 4.37135578125e-05
-0.0237533949293 3.87167938173e-05
-0.0229980852201 3.38468479684e-05
-0.0219784602042 2.91617911534e-05
-0.0207273282574 2.4713271522e-05
-0.0192808301888 2.05457550171e-05
-0.0176777590463 1.66959019718e-05
-0.0159588376409 1.31920898169e-05
-0.0141659663816 1.00540893979e-05
-0.0123414545003 7.29289972269e-06
-0.0105272480139 4.9107432108e-06
-0.00876416781256 2.90122072888e-06
-0.00709117106863 1.24962292876e-06
-0.00554464874633 -6.66083019685e-08
-0.00415777135683 -1.07727706271e-06
-0.00295989425947 -1.81870056441e-06
-0.00197603277386 -2.33285963038e-06
-0.00122641615537 -2.66644806051e-06
