0.0
-0.00135668286523
-0.0053976349177
-0.0120362315488
-0.0211300191863
-0.0324832753328
-0.0458505259572
-0.0609409593877
-0.077423660366
-0.0949335737308
-0.113078094566
-0.131444170778
-0.149605795156
-0.167131757155
-0.183593520054
-0.198573086861
-0.211670718394
-0.22251236935
-0.230756712881
-0.236101631119
-0.238290058083
-0.237115072395
-0.232424149944
-0.224122500921
-0.212175431208
-0.196609684729
-0.177513740721
-0.155037057716
-0.129388273976
-0.100832391961
-0.0696869917563
-0.0363175349862
-0.00113183632233
0.0354262060631
0.0728835170158
0.110745272867
0.148502727822
0.185641307352
0.221648832985
0.25602374056
0.28828315392
0.317970678422
0.344663783191
0.367980647976
0.387586359377
0.403198352165
0.414591004075
0.421599306665
0.424121550403
0.42212097876
0.415626383538
0.404731631572
0.389594130956
0.370432262787
0.347521821792
0.321191525856
0.291817670198
0.259818016297
0.225645018605
0.189778503128
0.152717921156
0.11497430845
0.077062085025
0.0394908332336
0.00275719204817
-0.0326629967043
-0.066322158829
-0.0978079503253
-0.126749596159
-0.152823500133
-0.175758033262
-0.19533742217
-0.211404674418
-0.223863494189
-0.232679158959
-0.237878345597
-0.239547912191
-0.237832659753
-0.232932115295
-0.225096394446
-0.214621217392
-0.201842166324
-0.187128285399
-0.170875135346
-0.153497424045
-0.135421341486
-0.117076732425
-0.0988892426949
-0.0812725753639
-0.0646209909299
-0.0493021813702
-0.0356506413038
-0.0239616508428
-0.0144859740722
-0.00742536468013
-0.00292895627706
-0.00109059963731
-0.00194719272344
-0.0054780322014
-0.0116051975107
-0.0201949607237
-0.0310601977137
-0.0439637588632
-0.0586227409634
-0.0747135863847
-0.09187792129
-0.109729031862
-0.127858866457
-0.145845442443
-0.163260529421
-0.179677475648
-0.194679041896
-0.207865106721
-0.218860109173
-0.227320099349
-0.232939273782
-0.235455881337
-0.234657395969
-0.230384865101
-0.222536356417
-0.211069441187
-0.196002668639
-0.177416003086
-0.155450213213
-0.130305220788
-0.102237433846
-0.0715561067316
-0.0386187860299
-0.00382591706971
0.0323852999506
0.069547702278
0.107171492282
0.144751978189
0.181777598402
0.21773809501
0.252132699373
0.284478192374
0.314316703889
0.34122312034
0.36481197572
0.384743710132
0.400730190478
0.412539400333
0.419999219985
0.423000232932
0.421497511527
0.415511351786
0.405126945061
0.390492992292
0.3718192843
0.349373288941
0.323475802683
0.294495739877
0.262844147566
0.228967546675
0.193340711753
0.156459010793
0.118830433977
0.08096744532
0.0433787940069
0.00656142277353
-0.029007391159
-0.0628775311773
-0.094633047329
-0.123898556726
-0.150344932134
-0.173694184808
-0.193723461475
-0.210268090537
-0.223223628817
-0.232546877294
-0.238255851845
-0.240428712862
-0.239201675343
-0.234765938453
-0.227363690185
-0.21728325852
-0.204853494929
-0.190437489106
-0.17442572508
-0.157228798312
-0.139269820719
-0.120976645741
-0.102774048506
-0.0850759967326
-0.0682781462892
-0.0527506913206
-0.0388316926058
-0.0268209994573
-0.0169748701419
-0.00950138367877
-0.00455672215638
-0.00224238764532
-0.0026034016216
-0.00562751783797
-0.0112454620735
-0.0193321944583
-0.0297091724111
-0.0421475749485
-0.0563724325168
-0.0720675908478
-0.0888814229178
-0.106433190137
-0.12431994264
-0.142123839173
-0.159419759757
-0.175783079154
-0.190797466266
-0.20406257402
-0.215201486049
-0.223867790487
-0.229752157476
-0.232588305337
-0.232158250723
-0.228296750205
-0.220894854479
-0.209902511481
-0.195330170879
-0.177249359448
-0.155792214329
-0.131149979038
-0.103570484702
-0.0733546564256
-0.040852101303
-0.00645585033384
0.0294036590094
0.0662652597854
0.103644281047
0.141040201196
0.177944601262
0.213849284897
0.248254428901
0.280676627464
0.310656694934
0.337767095939
0.361618877834
0.381867988841
0.398220875464
0.410439264939
0.418344052096
0.421818225112
0.420808780831
0.415327597388
0.405451249553
0.391319769998
0.373134377472
0.351154210189
0.325692119483
0.297109594601
0.265810904129
0.232236552777
0.196856163678
0.160160906007
0.122655595271
0.0848505989975
0.0472536837358
0.0103619400845
-0.025346079014
-0.0594178752491
-0.0914340517429
-0.121014772373
-0.147825526442
-0.171582103455
-0.192054696346
-0.20907106638
-0.222518719083
-0.232346057377
-0.238562495643
-0.241237536105
-0.240498826648
-0.23652923653
-0.229563003134
-0.219881018735
-0.20780534081
-0.193693022613
-0.177929372198
-0.160920757736
-0.143087084557
-0.124854074822
-0.106645483941
-0.0888753887498
-0.0719406810974
-0.0562138967658
-0.0420365037631
-0.0297127659817
-0.0195042881974
-0.0116253365548
-0.00623901523807
-0.00345436521062
-0.00332443495324
-0.00584535633664
-0.0109564413958
-0.0185412981435
-0.02842994596
-0.0404018938367
-0.0541901281137
-0.0694859406398
-0.0859445137468
-0.10319116533
-0.120828145888
-0.138441869775
-0.155610455359
-0.171911443341
-0.186929559314
-0.200264385736
-0.211537809928
-0.220401118399
-0.22654161373
-0.229688638317
-0.22961889928
-0.226161000734
-0.219199103049
-0.208675643598
-0.194593069453
-0.177014549337
-0.156063649522
-0.131922976085
-0.104831803513
-0.075082727047
-0.0430173927869
-0.00902137538835
0.0264817122077
0.0630367794118
0.100164379858
0.137368275714
0.174143317966
0.209983510735
0.244390124373
0.276879721156
0.306991958727
0.334297040051
0.358402684583
0.378960503272
0.395671670089
0.408291794511
0.416634912856
0.420576531123
0.420055668044
0.415075863888
0.405705138094
0.392074896517
0.374377806785
0.352864677559
0.327840394273
0.29965897979
0.268717863176
0.2354514531
0.200324124065
0.163822733494
0.126448795469
0.0887104426568
0.0511143113187
0.0141574855091
-0.0216803646345
-0.0559445190437
-0.0882122925413
-0.118099550375
-0.145266546331
-0.169422986933
-0.190332238533
-0.207814608767
-0.221749649705
-0.232077446745
-0.238798874604
-0.241974819432
-0.24172438363
-0.23822210735
-0.231694257327
-0.222414249598
-0.210697287309
-0.196894308168
-0.18138534773
-0.16457243458
-0.146872141315
-0.128707920971
-0.110502362042
-0.0926694964574
-0.0756072938144
-0.0596904717941
-0.0452637471164
-0.0326356436601
-0.0220729646789
-0.0137960244973
-0.00797472190651
-0.00472552290328
-0.00410940468516
-0.00613079619902
-0.0107375333213
-0.0178218292226
-0.0272222429377
-0.0387266119203
-0.0520758977115
-0.066968878072
-0.0830676042898
-0.100003529135
-0.117384199305
-0.134800396412
-0.151833602723
-0.168063662194
-0.183076503839
-0.196471793294
-0.207870379505
-0.216921406884
-0.223308968863
-0.226758186488
-0.227040605458
-0.223978816553
-0.217450217577
-0.207389849554
-0.193792255683
-0.176712328189
-0.156265125467
-0.132624659507
-0.106021671142
-0.0767404279704
-0.0451145965179
-0.0115222560407
0.023619863919
0.0598628267956
0.0967325059541
0.133737058325
0.170374729812
0.206141861785
0.240540964415
0.273088721329
0.303323791095
0.330814274346
0.355164720922
0.376022559064
0.393083838398
0.406098189944
0.414872919525
0.419276165534
0.41923906775
0.414756910633
0.405889221852
0.392758824429
0.375549858525
0.354504806177
0.329920569067
0.30214366536
0.271564626465
0.238611688055
0.203743881548
0.167443642253
0.130209058476
0.092545891774
0.0549595023159
0.0179468147384
-0.0180115409618
-0.0524587820716
-0.0849690932887
-0.115154195769
-0.142669256048
-0.167218037131
-0.188557207072
-0.206499734793
-0.220917318501
-0.231741808627
-0.238965604367
-0.242641020401
-0.242878637976
-0.239844671769
-0.233757400747
-0.224882727122
-0.213528942308
-0.200040792231
-0.184792946176
-0.168182983436
-0.150624020112
-0.13253710441
-0.114343512571
-0.0964570791322
-0.079276694406
-0.0631790990748
-0.0485121005158
-0.0355883280815
-0.0246796351667
-0.0160122446461
-0.00976272137633
