0.0 0.0 0.0
-0.000678341432613 2.38524477947e-06 -0.00135668286523
-0.00269881745885 8.67361737988e-07 -0.0053976349177
-0.00601811577441 3.46944695195e-06 -0.0120362315488
-0.0105650095931 3.46944695195e-06 -0.0211300191863
-0.0162416376664 0.0 -0.0324832753328
-0.0229252629786 -6.93889390391e-06 -0.0458505259572
-0.0304704796938 0.0 -0.0609409593877
-0.038711830183 0.0 -0.077423660366
-0.0474667868654 0.0 -0.0949335737308
-0.0565390472828 2.77555756156e-05 -0.113078094566
-0.0657220853888 8.32667268469e-05 -0.131444170778
-0.0748028975779 0.0 -0.149605795156
-0.0835658785775 -0.000194289029309 -0.167131757155
-0.0917967600269 0.000305311331772 -0.183593520054
-0.0992865434306 0.00044408920985 -0.198573086861
-0.105835359197 -0.000111022302463 -0.211670718394
-0.111256184675 0.000610622663544 -0.22251236935
-0.11537835644 5.55111512313e-05 -0.230756712881
-0.118050815559 0.000582867087928 -0.236101631119
-0.119145029042 -0.000138777878078 -0.238290058083
-0.118557536197 0.000388578058619 -0.237115072395
-0.116212074972 -0.000499600361081 -0.232424149944
-0.112061250461 0.000804911692853 -0.224122500921
-0.106087715604 -0.000499600361081 -0.212175431208
-0.0983048423644 -0.000166533453694 -0.196609684729
-0.0887568703607 -5.55111512313e-05 -0.177513740721
-0.0775185288582 -0.000138777878078 -0.155037057716
-0.0646941369881 -5.55111512313e-05 -0.129388273976
-0.0504161959807 0.0 -0.100832391961
-0.0348434958781 0.0 -0.0696869917563
-0.0181587674931 0.0 -0.0363175349862
-0.000565918161165 0.0 -0.00113183632233
0.0177131030315 6.93889390391e-06 0.0354262060631
0.0364417585079 0.0 0.0728835170158
0.0553726364335 -1.38777878078e-05 0.110745272867
0.0742513639112 2.77555756156e-05 0.148502727822
0.0928206536758 2.77555756156e-05 0.185641307352
0.110824416493 0.0 0.221648832985
0.12801187028 2.77555756156e-05 0.25602374056
0.14414157696 5.55111512313e-05 0.28828315392
0.158985339211 0.0 0.317970678422
0.172331891596 0.0 0.344663783191
0.183990323988 5.55111512313e-05 0.367980647976
0.193793179689 0.0 0.387586359377
0.201599176083 5.55111512313e-05 0.403198352165
0.207295502037 0.0 0.414591004075
0.210799653332 0.0 0.421599306665
0.212060775202 0.0 0.424121550403
0.21106048938 0.000111022302463 0.42212097876
0.207813191769 5.55111512313e-05 0.415626383538
0.202365815786 0.0 0.404731631572
0.194797065478 -5.55111512313e-05 0.389594130956
0.185216131394 0.0 0.370432262787
0.173760910896 0.0 0.347521821792
0.160595762928 0.0 0.321191525856
0.145908835099 0.0 0.291817670198
0.129909008149 0.0 0.259818016297
0.112822509303 0.0 0.225645018605
0.0948892515639 -2.77555756156e-05 0.189778503128
0.0763589605781 0.0 0.152717921156
0.0574871542252 0.0 0.11497430845
0.0385310425125 0.0 0.077062085025
0.0197454166168 -6.93889390391e-06 0.0394908332336
0.00137859602409 6.93889390391e-06 0.00275719204817
-0.0163314983521 3.46944695195e-06 -0.0326629967043
-0.0331610794145 1.38777878078e-05 -0.066322158829
-0.0489039751627 0.0 -0.0978079503253
-0.0633747980797 -1.38777878078e-05 -0.126749596159
-0.0764117500665 -2.77555756156e-05 -0.152823500133
-0.0878790166311 5.55111512313e-05 -0.175758033262
-0.0976687110848 -0.000166533453694 -0.19533742217
-0.105702337209 -0.000305311331772 -0.211404674418
-0.111931747094 0.000804911692853 -0.223863494189
-0.116339579479 0.000416333634234 -0.232679158959
-0.118939172798 -0.000860422844084 -0.237878345597
-0.119773956095 0.000804911692853 -0.239547912191
-0.118916329876 0.000693889390391 -0.237832659753
-0.116466057647 0.000749400541622 -0.232932115295
-0.112548197223 -0.000721644966006 -0.225096394446
-0.107310608696 0.000138777878078 -0.214621217392
-0.100921083162 -0.000111022302463 -0.201842166324
-0.0935641426993 5.55111512313e-05 -0.187128285399
-0.0854375676728 -0.000111022302463 -0.170875135346
-0.0767487120227 0.0 -0.153497424045
-0.0677106707429 8.32667268469e-05 -0.135421341486
-0.0585383662124 -2.77555756156e-05 -0.117076732425
-0.0494446213475 -1.38777878078e-05 -0.0988892426949
-0.040636287682 2.77555756156e-05 -0.0812725753639
-0.0323104954649 0.0 -0.0646209909299
-0.0246510906851 0.0 -0.0493021813702
-0.0178253206519 0.0 -0.0356506413038
-0.0119808254214 1.04083408559e-05 -0.0239616508428
-0.00724298703611 0.0 -0.0144859740722
-0.00371268234007 0.0 -0.00742536468013
-0.00146447813853 -2.60208521397e-06 -0.00292895627706
-0.000545299818656 2.16840434497e-06 -0.00109059963731
-0.000973596361719 6.50521303491e-07 -0.00194719272344
-0.0027390161007 0.0 -0.0054780322014
-0.00580259875537 -1.73472347598e-06 -0.0116051975107
-0.0100974803618 5.20417042793e-06 -0.0201949607237
-0.0155300988568 3.46944695195e-06 -0.0310601977137
-0.0219818794316 0.0 -0.0439637588632
-0.0293113704817 -6.93889390391e-06 -0.0586227409634
-0.0373567931924 0.0 -0.0747135863847
-0.045938960645 1.38777878078e-05 -0.09187792129
-0.0548645159311 0.0 -0.109729031862
-0.0639294332286 5.55111512313e-05 -0.127858866457
-0.0729227212217 8.32667268469e-05 -0.145845442443
-0.0816302647107 0.000111022302463 -0.163260529421
-0.089838737824 0.000222044604925 -0.179677475648
-0.097339520948 -0.000138777878078 -0.194679041896
-0.103932553361 0.000527355936697 -0.207865106721
-0.109430054587 0.000222044604925 -0.218860109173
-0.113660049675 0.000138777878078 -0.227320099349
-0.116469636891 0.000555111512313 -0.232939273782
-0.117727940669 0.000610622663544 -0.235455881337
-0.117328697985 -0.000915933995316 -0.234657395969
-0.11519243255 -0.000416333634234 -0.230384865101
-0.111268178208 0.0 -0.222536356417
-0.105534720594 0.000138777878078 -0.211069441187
-0.0980013343197 0.000333066907388 -0.196002668639
-0.0887080015432 0.000138777878078 -0.177416003086
-0.0777251066064 -0.000166533453694 -0.155450213213
-0.0651526103939 -2.77555756156e-05 -0.130305220788
-0.0511187169231 0.0 -0.102237433846
-0.0357780533658 0.0 -0.0715561067316
-0.019309393015 -6.93889390391e-06 -0.0386187860299
-0.00191295853485 0.0 -0.00382591706971
0.0161926499753 -1.04083408559e-05 0.0323852999506
0.034773851139 -6.93889390391e-06 0.069547702278
0.0535857461412 -1.38777878078e-05 0.107171492282
0.0723759890945 0.0 0.144751978189
0.0908887992012 0.0 0.181777598402
0.108869047505 2.77555756156e-05 0.21773809501
0.126066349687 0.0 0.252132699373
0.142239096187 0.0 0.284478192374
0.157158351945 0.0 0.314316703889
0.17061156017 0.0 0.34122312034
0.18240598786 0.0 0.36481197572
0.192371855066 5.55111512313e-05 0.384743710132
0.200365095239 0.0 0.400730190478
0.206269700166 0.0 0.412539400333
0.209999609993 5.55111512313e-05 0.419999219985
0.211500116466 5.55111512313e-05 0.423000232932
0.210748755764 5.55111512313e-05 0.421497511527
0.207755675893 0.0 0.415511351786
0.20256347253 5.55111512313e-05 0.405126945061
0.195246496146 0.0 0.390492992292
0.18590964215 0.0 0.3718192843
0.17468664447 0.0 0.349373288941
0.161737901341 0.0 0.323475802683
0.147247869939 0.0 0.294495739877
0.131422073783 0.0 0.262844147566
0.114483773338 2.77555756156e-05 0.228967546675
0.0966703558767 2.77555756156e-05 0.193340711753
0.0782295053964 0.0 0.156459010793
0.0594152169886 0.0 0.118830433977
0.04048372266 -1.38777878078e-05 0.08096744532
0.0216893970035 -6.93889390391e-06 0.0433787940069
0.00328071138677 0.0 0.00656142277353
-0.0145036955795 -3.46944695195e-06 -0.029007391159
-0.0314387655886 0.0 -0.0628775311773
-0.0473165236645 1.38777878078e-05 -0.094633047329
-0.0619492783632 -2.77555756156e-05 -0.123898556726
-0.0751724660671 -5.55111512313e-05 -0.150344932134
-0.0868470924038 0.000166533453694 -0.173694184808
-0.0968617307376 -0.000111022302463 -0.193723461475
-0.105134045268 -5.55111512313e-05 -0.210268090537
-0.111611814408 0.0 -0.223223628817
-0.116273438647 -0.000943689570931 -0.232546877294
-0.119127925923 0.000832667268469 -0.238255851845
-0.120214356431 -2.77555756156e-05 -0.240428712862
-0.119600837672 -0.000111022302463 -0.239201675343
-0.117382969226 0.0 -0.234765938453
-0.113681845093 -0.000610622663544 -0.227363690185
-0.10864162926 0.00044408920985 -0.21728325852
-0.102426747465 0.000166533453694 -0.204853494929
-0.0952187445532 -0.000194289029309 -0.190437489106
-0.08721286254 -5.55111512313e-05 -0.17442572508
-0.0786143991561 -0.000194289029309 -0.157228798312
-0.0696349103596 -5.55111512313e-05 -0.139269820719
-0.0604883228704 5.55111512313e-05 -0.120976645741
-0.051387024253 -1.38777878078e-05 -0.102774048506
-0.0425379983663 0.0 -0.0850759967326
-0.0341390731446 -1.38777878078e-05 -0.0682781462892
-0.0263753456603 6.93889390391e-06 -0.0527506913206
-0.0194158463029 6.93889390391e-06 -0.0388316926058
-0.0134104997287 0.0 -0.0268209994573
-0.00848743507097 6.93889390391e-06 -0.0169748701419
-0.00475069183938 3.46944695195e-06 -0.00950138367877
-0.00227836107819 0.0 -0.00455672215638
-0.00112119382266 -1.30104260698e-06 -0.00224238764532
-0.0013017008108 3.68628738645e-06 -0.0026034016216
-0.00281375891898 8.67361737988e-07 -0.00562751783797
-0.00562273103676 -2.60208521397e-06 -0.0112454620735
-0.00966609722915 3.46944695195e-06 -0.0193321944583
-0.0148545862055 -3.46944695195e-06 -0.0297091724111
-0.0210737874743 0.0 -0.0421475749485
-0.0281862162584 -6.93889390391e-06 -0.0563724325168
-0.0360337954239 -1.38777878078e-05 -0.0720675908478
-0.0444407114589 -1.38777878078e-05 -0.0888814229178
-0.0532165950687 -1.38777878078e-05 -0.106433190137
-0.0621599713201 8.32667268469e-05 -0.12431994264
-0.0710619195863 -0.000138777878078 -0.142123839173
-0.0797098798783 -0.000166533453694 -0.159419759757
-0.0878915395772 0.0 -0.175783079154
-0.0953987331332 0.000249800180541 -0.190797466266
-0.10203128701 -0.000111022302463 -0.20406257402
-0.107600743024 0.000527355936697 -0.215201486049
-0.111933895244 0.0 -0.223867790487
-0.114876078738 -0.000666133814775 -0.229752157476
-0.116294152668 -0.000804911692853 -0.232588305337
-0.116079125362 0.000610622663544 -0.232158250723
-0.114148375103 0.000693889390391 -0.228296750205
-0.11044742724 0.000138777878078 -0.220894854479
-0.10495125574 -0.000333066907388 -0.209902511481
-0.0976650854397 -0.000305311331772 -0.195330170879
-0.0886246797238 0.000249800180541 -0.177249359448
-0.0778961071647 5.55111512313e-05 -0.155792214329
-0.0655749895191 0.0 -0.131149979038
-0.051785242351 0.0 -0.103570484702
-0.0366773282128 0.0 -0.0733546564256
-0.0204260506515 -6.93889390391e-06 -0.040852101303
-0.00322792516692 0.0 -0.00645585033384
0.0147018295047 0.0 0.0294036590094
0.0331326298927 0.0 0.0662652597854
0.0518221405233 0.0 0.103644281047
0.0705201005978 1.38777878078e-05 0.141040201196
0.0889723006312 0.0 0.177944601262
0.106924642448 0.0 0.213849284897
0.124127214451 2.77555756156e-05 0.248254428901
0.140338313732 0.0 0.280676627464
0.155328347467 0.0 0.310656694934
0.168883547969 0.0 0.337767095939
0.180809438917 0.0 0.361618877834
0.19093399442 5.55111512313e-05 0.381867988841
0.199110437732 0.0 0.398220875464
0.205219632469 0.0 0.410439264939
0.209172026048 0.0 0.418344052096
0.210909112556 0.0 0.421818225112
0.210404390415 5.55111512313e-05 0.420808780831
0.207663798694 5.55111512313e-05 0.415327597388
0.202725624776 0.0 0.405451249553
0.195659884999 0.0 0.391319769998
0.186567188736 5.55111512313e-05 0.373134377472
0.175577105094 0.0 0.351154210189
0.162846059742 5.55111512313e-05 0.325692119483
0.1485547973 5.55111512313e-05 0.297109594601
0.132905452065 0.0 0.265810904129
0.116118276389 0.0 0.232236552777
0.0984280818388 0.0 0.196856163678
0.0800804530037 0.0 0.160160906007
0.0613277976357 0.0 0.122655595271
0.0424252994988 0.0 0.0848505989975
0.0236268418679 0.0 0.0472536837358
0.00518097004227 -3.46944695195e-06 0.0103619400845
-0.012673039507 -1.73472347598e-06 -0.025346079014
-0.0297089376246 -6.93889390391e-06 -0.0594178752491
-0.0457170258715 0.0 -0.0914340517429
-0.0605073861866 -4.16333634234e-05 -0.121014772373
-0.0739127632209 5.55111512313e-05 -0.147825526442
-0.0857910517277 -8.32667268469e-05 -0.171582103455
-0.0960273481728 0.000360822483003 -0.192054696346
-0.10453553319 2.77555756156e-05 -0.20907106638
-0.111259359542 0.00044408920985 -0.222518719083
-0.116173028689 0.000249800180541 -0.232346057377
-0.119281247822 0.0 -0.238562495643
-0.120618768052 0.000499600361081 -0.241237536105
-0.120249413324 -0.000305311331772 -0.240498826648
-0.118264618265 -0.000111022302463 -0.23652923653
-0.114781501567 0.000943689570931 -0.229563003134
-0.109940509367 0.000555111512313 -0.219881018735
-0.103902670405 0.000416333634234 -0.20780534081
-0.0968465113066 -0.000222044604925 -0.193693022613
-0.0889646860991 -0.000249800180541 -0.177929372198
-0.080460378868 0.0 -0.160920757736
-0.0715435422783 0.0 -0.143087084557
-0.0624270374112 -0.000111022302463 -0.124854074822
-0.0533227419705 0.0 -0.106645483941
-0.0444376943749 0.0 -0.0888753887498
-0.0359703405487 -2.77555756156e-05 -0.0719406810974
-0.0281069483829 0.0 -0.0562138967658
-0.0210182518816 0.0 -0.0420365037631
-0.0148563829908 -6.93889390391e-06 -0.0297127659817
-0.00975214409872 3.46944695195e-06 -0.0195042881974
-0.00581266827738 0.0 -0.0116253365548
-0.00311950761903 -1.73472347598e-06 -0.00623901523807
-0.00172718260531 -1.73472347598e-06 -0.00345436521062
-0.00166221747662 1.73472347598e-06 -0.00332443495324
-0.00292267816832 3.46944695195e-06 -0.00584535633664
-0.00547822069792 -8.67361737988e-07 -0.0109564413958
-0.00927064907174 -3.46944695195e-06 -0.0185412981435
-0.01421497298 3.46944695195e-06 -0.02842994596
-0.0202009469184 6.93889390391e-06 -0.0404018938367
-0.0270950640568 0.0 -0.0541901281137
-0.0347429703199 -6.93889390391e-06 -0.0694859406398
-0.0429722568734 0.0 -0.0859445137468
-0.0515955826652 -2.77555756156e-05 -0.10319116533
-0.0604140729442 -2.77555756156e-05 -0.120828145888
-0.0692209348876 -2.77555756156e-05 -0.138441869775
-0.0778052276794 0.000166533453694 -0.155610455359
-0.0859557216706 -5.55111512313e-05 -0.171911443341
-0.093464779657 -0.000305311331772 -0.186929559314
-0.100132192868 0.00044408920985 -0.200264385736
-0.105768904964 0.000333066907388 -0.211537809928
-0.110200559199 0.000277555756156 -0.220401118399
-0.113270806865 -0.000277555756156 -0.22654161373
-0.114844319159 -0.000222044604925 -0.229688638317
-0.11480944964 0.000804911692853 -0.22961889928
-0.113080500367 -0.000416333634234 -0.226161000734
-0.109599551525 -0.00044408920985 -0.219199103049
-0.104337821799 0.00044408920985 -0.208675643598
-0.0972965347267 0.000333066907388 -0.194593069453
-0.0885072746683 -0.000222044604925 -0.177014549337
-0.0780318247612 -0.000111022302463 -0.156063649522
-0.0659614880424 -8.32667268469e-05 -0.131922976085
-0.0524159017563 0.0 -0.104831803513
-0.0375413635235 1.38777878078e-05 -0.075082727047
-0.0215086963935 0.0 -0.0430173927869
-0.00451068769418 0.0 -0.00902137538835
0.0132408561038 1.73472347598e-06 0.0264817122077
0.0315183897059 1.38777878078e-05 0.0630367794118
0.0500821899292 0.0 0.100164379858
0.0686841378569 -2.77555756156e-05 0.137368275714
0.0870716589831 0.0 0.174143317966
0.104991755368 0.0 0.209983510735
0.122195062186 0.0 0.244390124373
0.138439860578 0.0 0.276879721156
0.153495979363 0.0 0.306991958727
0.167148520026 -5.55111512313e-05 0.334297040051
0.179201342292 0.0 0.358402684583
0.189480251636 5.55111512313e-05 0.378960503272
0.197835835044 0.0 0.395671670089
0.204145897256 -5.55111512313e-05 0.408291794511
0.208317456428 0.0 0.416634912856
0.210288265562 -5.55111512313e-05 0.420576531123
0.210027834022 5.55111512313e-05 0.420055668044
0.207537931944 0.0 0.415075863888
0.202852569047 0.0 0.405705138094
0.196037448259 0.0 0.392074896517
0.187188903393 0.0 0.374377806785
0.17643233878 0.0 0.352864677559
0.163920197136 0.0 0.327840394273
0.149829489895 0.0 0.29965897979
0.134358931588 0.0 0.268717863176
0.11772572655 0.0 0.2354514531
0.100162062033 0.0 0.200324124065
0.0819113667469 0.0 0.163822733494
0.0632243977346 2.77555756156e-05 0.126448795469
0.0443552213284 0.0 0.0887104426568
0.0255571556593 0.0 0.0511143113187
0.00707874275453 -6.93889390391e-06 0.0141574855091
-0.0108401823172 1.73472347598e-06 -0.0216803646345
-0.0279722595219 0.0 -0.0559445190437
-0.0441061462707 0.0 -0.0882122925413
-0.0590497751877 -1.38777878078e-05 -0.118099550375
-0.0726332731655 2.77555756156e-05 -0.145266546331
-0.0847114934665 -2.77555756156e-05 -0.169422986933
-0.0951661192663 0.0 -0.190332238533
-0.103907304383 0.000333066907388 -0.207814608767
-0.110874824853 -0.000666133814775 -0.221749649705
-0.116038723372 -0.000277555756156 -0.232077446745
-0.119399437302 -0.000943689570931 -0.238798874604
-0.120987409716 -0.000249800180541 -0.241974819432
-0.120862191815 -0.000804911692853 -0.24172438363
-0.119111053675 -0.000111022302463 -0.23822210735
-0.115847128664 8.32667268469e-05 -0.231694257327
-0.111207124799 0.00044408920985 -0.222414249598
-0.105348643654 0.000249800180541 -0.210697287309
-0.0984471540838 5.55111512313e-05 -0.196894308168
-0.0906926738651 0.0 -0.18138534773
-0.0822862172902 0.000166533453694 -0.16457243458
-0.0734360706575 -8.32667268469e-05 -0.146872141315
-0.0643539604853 0.0 -0.128707920971
-0.0552511810208 -2.77555756156e-05 -0.110502362042
-0.0463347482287 -1.38777878078e-05 -0.0926694964574
-0.0378036469072 0.0 -0.0756072938144
-0.0298452358971 0.0 -0.0596904717941
-0.0226318735582 0.0 -0.0452637471164
-0.0163178218301 0.0 -0.0326356436601
-0.0110364823395 6.93889390391e-06 -0.0220729646789
-0.00689801224866 -3.46944695195e-06 -0.0137960244973
-0.00398736095326 -1.73472347598e-06 -0.00797472190651
-0.00236276145164 0.0 -0.00472552290328
-0.00205470234258 8.67361737988e-07 -0.00410940468516
-0.00306539809951 2.60208521397e-06 -0.00613079619902
-0.00536876666063 -8.67361737988e-07 -0.0107375333213
-0.00891091461128 -1.73472347598e-06 -0.0178218292226
-0.0136111214688 0.0 -0.0272222429377
-0.0193633059601 0.0 -0.0387266119203
-0.0260379488558 0.0 -0.0520758977115
-0.033484439036 0.0 -0.066968878072
-0.0415338021449 -1.38777878078e-05 -0.0830676042898
-0.0500017645673 0.0 -0.100003529135
-0.0586920996525 4.16333634234e-05 -0.117384199305
-0.0674001982061 2.77555756156e-05 -0.134800396412
-0.0759168013616 -5.55111512313e-05 -0.151833602723
-0.0840318310968 -0.000194289029309 -0.168063662194
-0.0915382519197 0.000194289029309 -0.183076503839
-0.0982358966472 -0.000416333634234 -0.196471793294
-0.103935189752 -2.77555756156e-05 -0.207870379505
-0.108460703442 -0.000499600361081 -0.216921406884
-0.111654484432 -0.000582867087928 -0.223308968863
-0.113379093244 0.000360822483003 -0.226758186488
-0.113520302729 0.000527355936697 -0.227040605458
-0.111989408277 0.00044408920985 -0.223978816553
-0.108725108789 -0.000333066907388 -0.217450217577
-0.103694924777 5.55111512313e-05 -0.207389849554
-0.0968961278416 -0.000222044604925 -0.193792255683
-0.0883561640945 0.000249800180541 -0.176712328189
-0.0781325627335 0.0 -0.156265125467
-0.0663123297536 8.32667268469e-05 -0.132624659507
-0.0530108355711 2.77555756156e-05 -0.106021671142
-0.0383702139852 0.0 -0.0767404279704
-0.022557298259 1.38777878078e-05 -0.0451145965179
-0.00576112802036 3.46944695195e-06 -0.0115222560407
0.0118099319595 -6.07153216592e-06 0.023619863919
0.0299314133978 -6.93889390391e-06 0.0598628267956
0.048366252977 0.0 0.0967325059541
0.0668685291626 0.0 0.133737058325
0.0851873649062 0.0 0.170374729812
0.103070930893 0.0 0.206141861785
0.120270482208 2.77555756156e-05 0.240540964415
0.136544360665 0.0 0.273088721329
0.151661895547 0.0 0.303323791095
0.165407137173 0.0 0.330814274346
0.177582360461 5.55111512313e-05 0.355164720922
0.188011279532 0.0 0.376022559064
0.196541919199 5.55111512313e-05 0.393083838398
0.203049094972 0.0 0.406098189944
0.207436459763 0.0 0.414872919525
0.209638082767 5.55111512313e-05 0.419276165534
0.209619533875 0.0 0.41923906775
0.207378455317 5.55111512313e-05 0.414756910633
0.202944610926 0.0 0.405889221852
0.196379412214 0.0 0.392758824429
0.187774929263 0.0 0.375549858525
0.177252403088 0.0 0.354504806177
0.164960284533 0.0 0.329920569067
0.15107183268 0.0 0.30214366536
0.135782313232 0.0 0.271564626465
0.119305844028 0.0 0.238611688055
0.101871940774 0.0 0.203743881548
0.0837218211267 0.0 0.167443642253
0.0651045292382 0.0 0.130209058476
0.046272945887 0.0 0.092545891774
0.027479751158 0.0 0.0549595023159
0.00897340736918 0.0 0.0179468147384
-0.00900577048091 3.46944695195e-06 -0.0180115409618
-0.0262293910358 -6.93889390391e-06 -0.0524587820716
-0.0424845466443 1.38777878078e-05 -0.0849690932887
-0.0575770978847 -2.77555756156e-05 -0.115154195769
-0.0713346280242 -2.77555756156e-05 -0.142669256048
-0.0836090185653 -5.55111512313e-05 -0.167218037131
-0.094278603536 -0.000111022302463 -0.188557207072
-0.103249867396 0.000249800180541 -0.206499734793
-0.11045865925 -0.000360822483003 -0.220917318501
-0.115870904314 -0.000360822483003 -0.231741808627
-0.119482802183 -0.000582867087928 -0.238965604367
-0.1213205102 -0.000777156117238 -0.242641020401
-0.121439318988 -0.0008881784197 -0.242878637976
-0.119922335885 -0.000333066907388 -0.239844671769
-0.116878700374 -0.000749400541622 -0.233757400747
-0.112441363561 -0.000111022302463 -0.224882727122
-0.106764471154 -0.000277555756156 -0.213528942308
-0.100020396116 8.32667268469e-05 -0.200040792231
-0.0923964730879 -0.000111022302463 -0.184792946176
-0.0840914917179 -0.000166533453694 -0.168182983436
-0.0753120100562 -8.32667268469e-05 -0.150624020112
-0.0662685522048 -2.77555756156e-05 -0.13253710441
-0.0571717562854 1.38777878078e-05 -0.114343512571
-0.0482285395661 0.0 -0.0964570791322
-0.039638347203 0.0 -0.079276694406
-0.0315895495374 -1.38777878078e-05 -0.0631790990748
-0.0242560502579 0.0 -0.0485121005158
-0.0177941640408 0.0 -0.0355883280815
-0.0123398175833 3.46944695195e-06 -0.0246796351667
-0.00800612232305 0.0 -0.0160122446461
-0.00488136068817 1.73472347598e-06 -0.00976272137633
