-0 0 
-1.8006e-06 -3.75125e-10 
-2.95467e-06 -1.3658e-09 
-3.6613e-06 -2.74413e-09 
-4.05302e-06 -4.35128e-09 
-4.21848e-06 -6.07451e-09 
-4.21743e-06 -7.83199e-09 
-4.09067e-06 -9.56284e-09 
-3.86662e-06 -1.12206e-08 
-3.56562e-06 -1.2769e-08 
-3.20285e-06 -1.41791e-08 
-2.79011e-06 -1.54276e-08 
-2.33715e-06 -1.64958e-08 
-1.85235e-06 -1.73686e-08 
-1.34333e-06 -1.80344e-08 
-8.17152e-07 -1.84845e-08 
-2.80591e-07 -1.87132e-08 
2.59819e-07 -1.87175e-08 
7.97722e-07 -1.84972e-08 
1.32694e-06 -1.80545e-08 
1.84148e-06 -1.73945e-08 
2.33559e-06 -1.65242e-08 
2.80378e-06 -1.54535e-08 
3.24086e-06 -1.41942e-08 
3.64201e-06 -1.27603e-08 
4.00282e-06 -1.11676e-08 
4.31933e-06 -9.43385e-09 
4.58805e-06 -7.57815e-09 
4.80605e-06 -5.62104e-09 
4.97094e-06 -3.58417e-09 
5.08091e-06 -1.49003e-09 
5.13476e-06 6.38233e-10 
5.1319e-06 2.77712e-09 
5.07237e-06 4.90301e-09 
4.95683e-06 6.99243e-09 
4.78654e-06 9.02229e-09 
4.56337e-06 1.09702e-08 
4.28978e-06 1.28146e-08 
3.96877e-06 1.45351e-08 
3.60385e-06 1.61128e-08 
3.19903e-06 1.753e-08 
2.75876e-06 1.87712e-08 
2.28785e-06 1.98226e-08 
1.79148e-06 2.06725e-08 
1.27508e-06 2.13113e-08 
7.44314e-07 2.1732e-08 
2.05006e-07 2.19298e-08 
-3.36933e-07 2.19023e-08 
-8.75561e-07 2.16497e-08 
-1.40497e-06 2.11746e-08 
-1.91937e-06 2.0482e-08 
-2.4131e-06 1.95794e-08 
-2.88076e-06 1.84766e-08 
-3.31721e-06 1.71853e-08 
-3.71769e-06 1.57197e-08 
-4.07778e-06 1.40957e-08 
-4.39354e-06 1.23308e-08 
-4.66152e-06 1.04443e-08 
-4.87876e-06 8.45677e-09 
-5.04289e-06 6.38976e-09 
-5.15211e-06 4.2658e-09 
-5.20521e-06 2.10802e-09 
-5.20161e-06 -6.00627e-11 
-5.14134e-06 -2.21484e-09 
-5.02506e-06 -4.33284e-09 
-4.85405e-06 -6.39099e-09 
-4.63017e-06 -8.36687e-09 
-4.35587e-06 -1.0239e-08 
-4.03415e-06 -1.19869e-08 
-3.66854e-06 -1.35916e-08 
-3.26304e-06 -1.50357e-08 
-2.82208e-06 -1.63034e-08 
-2.3505e-06 -1.7381e-08 
-1.85346e-06 -1.82569e-08 
-1.3364e-06 -1.89214e-08 
-8.04983e-07 -1.93675e-08 
-2.6503e-07 -1.95905e-08 
2.77547e-07 -1.95878e-08 
8.16807e-07 -1.93599e-08 
1.34684e-06 -1.89091e-08 
1.86185e-06 -1.82406e-08 
2.3562e-06 -1.73619e-08 
2.82446e-06 -1.62826e-08 
3.26152e-06 -1.50146e-08 
3.66258e-06 -1.35721e-08 
4.02326e-06 -1.19709e-08 
4.33961e-06 -1.02286e-08 
4.60815e-06 -8.36452e-09 
4.82597e-06 -6.39908e-09 
4.99066e-06 -4.35395e-09 
5.10043e-06 -2.25164e-09 
5.15408e-06 -1.15281e-10 
5.15102e-06 2.03161e-09 
5.09129e-06 4.16543e-09 
4.97554e-06 6.26269e-09 
4.80506e-06 8.30031e-09 
4.5817e-06 1.02559e-08 
4.30791e-06 1.21079e-08 
3.98671e-06 1.38359e-08 
3.6216e-06 1.5421e-08 
3.2166e-06 1.68456e-08 
2.77613e-06 1.80941e-08 
2.30504e-06 1.91527e-08 
1.80848e-06 2.00097e-08 
1.2919e-06 2.06556e-08 
7.60961e-07 2.10833e-08 
2.21476e-07 2.12879e-08 
-3.20638e-07 2.12673e-08 
-8.5944e-07 2.10214e-08 
-1.38902e-06 2.0553e-08 
-1.90359e-06 1.9867e-08 
-2.39749e-06 1.8971e-08 
-2.86531e-06 1.78746e-08 
-3.30193e-06 1.65897e-08 
-3.70257e-06 1.51305e-08 
-4.06282e-06 1.35127e-08 
-4.37874e-06 1.1754e-08 
-4.64688e-06 9.87366e-09 
-4.86428e-06 7.89217e-09 
-5.02856e-06 5.83117e-09 
-5.13793e-06 3.71315e-09 
-5.19118e-06 1.56125e-09 
-5.18773e-06 -6.01022e-10 
-5.12761e-06 -2.75005e-09 
-5.01147e-06 -4.86236e-09 
-4.84061e-06 -6.91487e-09 
-4.61687e-06 -8.88518e-09 
-4.34271e-06 -1.07518e-08 
-4.02113e-06 -1.24942e-08 
-3.65566e-06 -1.40936e-08 
-3.25029e-06 -1.55323e-08 
-2.80947e-06 -1.67947e-08 
-2.33803e-06 -1.78671e-08 
-1.84112e-06 -1.87378e-08 
-1.32419e-06 -1.93972e-08 
-7.92904e-07 -1.98383e-08 
-2.5308e-07 -2.00562e-08 
2.8937e-07 -2.00487e-08 
8.28504e-07 -1.98158e-08 
1.35842e-06 -1.93602e-08 
1.8733e-06 -1.86869e-08 
2.36753e-06 -1.78034e-08 
2.83567e-06 -1.67194e-08 
3.27261e-06 -1.54468e-08 
3.67355e-06 -1.39997e-08 
4.03411e-06 -1.23939e-08 
4.35034e-06 -1.06472e-08 
4.61878e-06 -8.7786e-09 
4.83648e-06 -6.80876e-09 
5.00106e-06 -4.75927e-09 
5.11072e-06 -2.65265e-09 
5.16426e-06 -5.1203e-10 
5.16109e-06 1.63908e-09 
5.10125e-06 3.77707e-09 
4.9854e-06 5.87846e-09 
4.81481e-06 7.92017e-09 
4.59135e-06 9.87979e-09 
4.31746e-06 1.17358e-08 
3.99615e-06 1.34678e-08 
3.63094e-06 1.50568e-08 
3.22584e-06 1.64853e-08 
2.78528e-06 1.77376e-08 
2.31409e-06 1.88e-08 
1.81744e-06 1.96607e-08 
1.30076e-06 2.03103e-08 
7.69725e-07 2.07417e-08 
2.30147e-07 2.095e-08 
-3.12059e-07 2.09329e-08 
-8.50952e-07 2.06906e-08 
-1.38063e-06 2.02257e-08 
-1.89528e-06 1.95432e-08 
-2.38927e-06 1.86506e-08 
-2.85718e-06 1.75576e-08 
-3.29389e-06 1.62761e-08 
-3.69461e-06 1.48202e-08 
-4.05494e-06 1.32057e-08 
-4.37095e-06 1.14503e-08 
-4.63917e-06 9.5732e-09 
-4.85665e-06 7.5949e-09 
-5.02102e-06 5.53706e-09 
-5.13046e-06 3.42217e-09 
-5.18379e-06 1.27336e-09 
-5.18042e-06 -8.85848e-10 
-5.12037e-06 -3.03185e-09 
-5.00432e-06 -5.14116e-09 
-4.83353e-06 -7.19071e-09 
-4.60986e-06 -9.15808e-09 
-4.33578e-06 -1.10218e-08 
-4.01428e-06 -1.27614e-08 
-3.64888e-06 -1.43578e-08 
-3.24358e-06 -1.57938e-08 
-2.80283e-06 -1.70534e-08 
-2.33146e-06 -1.81231e-08 
-1.83462e-06 -1.8991e-08 
-1.31776e-06 -1.96478e-08 
-7.86544e-07 -2.00862e-08 
-2.46788e-07 -2.03014e-08 
2.95596e-07 -2.02913e-08 
8.34664e-07 -2.00558e-08 
1.36451e-06 -1.95976e-08 
1.87933e-06 -1.89218e-08 
2.37349e-06 -1.80358e-08 
2.84157e-06 -1.69494e-08 
3.27845e-06 -1.56744e-08 
3.67933e-06 -1.42248e-08 
4.03983e-06 -1.26167e-08 
4.356e-06 -1.08675e-08 
4.62437e-06 -8.99663e-09 
4.84201e-06 -7.02446e-09 
5.00653e-06 -4.97268e-09 
5.11614e-06 -2.86379e-09 
5.16962e-06 -7.20926e-10 
5.16639e-06 1.43241e-09 
5.1065e-06 3.5726e-09 
4.99059e-06 5.67616e-09 
4.81995e-06 7.72002e-09 
4.59643e-06 9.68176e-09 
4.32249e-06 1.15399e-08 
4.00112e-06 1.3274e-08 
3.63586e-06 1.4865e-08 
3.23071e-06 1.62955e-08 
2.7901e-06 1.75499e-08 
2.31886e-06 1.86142e-08 
1.82215e-06 1.94769e-08 
1.30543e-06 2.01285e-08 
7.7434e-07 2.05618e-08 
2.34713e-07 2.0772e-08 
-3.07542e-07 2.07569e-08 
-8.46483e-07 2.05164e-08 
-1.3762e-06 2.00534e-08 
-1.8909e-06 1.93727e-08 
-2.38494e-06 1.84819e-08 
-2.8529e-06 1.73907e-08 
-3.28965e-06 1.6111e-08 
-3.69041e-06 1.46568e-08 
-4.0508e-06 1.30441e-08 
-4.36685e-06 1.12904e-08 
-4.63511e-06 9.415e-09 
-4.85263e-06 7.43838e-09 
-5.01704e-06 5.3822e-09 
-5.12653e-06 3.26896e-09 
-5.1799e-06 1.12178e-09 
-5.17657e-06 -1.03582e-09 
-5.11657e-06 -3.18022e-09 
-5.00055e-06 -5.28795e-09 
-4.8298e-06 -7.33594e-09 
-4.60618e-06 -9.30177e-09 
-4.33213e-06 -1.11639e-08 
-4.01067e-06 -1.2902e-08 
-3.64531e-06 -1.4497e-08 
-3.24005e-06 -1.59314e-08 
-2.79934e-06 -1.71897e-08 
-2.328e-06 -1.82579e-08 
-1.8312e-06 -1.91244e-08 
-1.31438e-06 -1.97797e-08 
-7.83196e-07 -2.02167e-08 
-2.43475e-07 -2.04306e-08 
2.98873e-07 -2.0419e-08 
8.37907e-07 -2.01822e-08 
1.36772e-06 -1.97227e-08 
1.88251e-06 -1.90456e-08 
2.37663e-06 -1.81582e-08 
2.84468e-06 -1.70705e-08 
3.28152e-06 -1.57942e-08 
3.68237e-06 -1.43434e-08 
4.04284e-06 -1.27339e-08 
4.35898e-06 -1.09836e-08 
4.62732e-06 -9.11142e-09 
4.84493e-06 -7.13804e-09 
5.00942e-06 -5.08505e-09 
5.11899e-06 -2.97496e-09 
5.17244e-06 -8.30914e-10 
5.16919e-06 1.32359e-09 
5.10926e-06 3.46493e-09 
4.99333e-06 5.56964e-09 
4.82265e-06 7.61464e-09 
4.5991e-06 9.5775e-09 
4.32513e-06 1.14367e-08 
4.00374e-06 1.31719e-08 
3.63846e-06 1.4764e-08 
3.23327e-06 1.61956e-08 
2.79263e-06 1.7451e-08 
2.32137e-06 1.85164e-08 
1.82464e-06 1.93802e-08 
1.30788e-06 2.00328e-08 
7.7677e-07 2.04671e-08 
2.37117e-07 2.06783e-08 
-3.05163e-07 2.06642e-08 
-8.44129e-07 2.04247e-08 
-1.37388e-06 1.99626e-08 
-1.8886e-06 1.9283e-08 
-2.38266e-06 1.83931e-08 
-2.85064e-06 1.73028e-08 
-3.28742e-06 1.60241e-08 
-3.68821e-06 1.45708e-08 
-4.04861e-06 1.2959e-08 
-4.36469e-06 1.12062e-08 
-4.63297e-06 9.3317e-09 
-4.85052e-06 7.35597e-09 
-5.01495e-06 5.30067e-09 
-5.12446e-06 3.18829e-09 
-5.17786e-06 1.04197e-09 
-5.17454e-06 -1.11478e-09 
-5.11456e-06 -3.25834e-09 
-4.99857e-06 -5.36524e-09 
-4.82784e-06 -7.41241e-09 
-4.60424e-06 -9.37743e-09 
-4.33021e-06 -1.12388e-08 
-4.00877e-06 -1.29761e-08 
-3.64343e-06 -1.45703e-08 
-3.23819e-06 -1.60039e-08 
-2.7975e-06 -1.72614e-08 
-2.32618e-06 -1.83288e-08 
-1.8294e-06 -1.91946e-08 
-1.3126e-06 -1.98491e-08 
-7.81433e-07 -2.02854e-08 
-2.4173e-07 -2.04985e-08 
3.00599e-07 -2.04863e-08 
8.39614e-07 -2.02487e-08 
1.36941e-06 -1.97885e-08 
1.88418e-06 -1.91107e-08 
2.37829e-06 -1.82227e-08 
2.84631e-06 -1.71342e-08 
3.28314e-06 -1.58573e-08 
3.68397e-06 -1.44058e-08 
4.04442e-06 -1.27957e-08 
4.36054e-06 -1.10447e-08 
4.62887e-06 -9.17186e-09 
4.84646e-06 -7.19783e-09 
5.01094e-06 -5.14421e-09 
5.12049e-06 -3.0335e-09 
5.17393e-06 -8.88825e-10 
5.17066e-06 1.2663e-09 
5.11072e-06 3.40825e-09 
4.99477e-06 5.51356e-09 
4.82407e-06 7.55915e-09 
4.60051e-06 9.5226e-09 
4.32653e-06 1.13824e-08 
4.00512e-06 1.31182e-08 
3.63982e-06 1.47109e-08 
3.23462e-06 1.6143e-08 
2.79397e-06 1.7399e-08 
2.32269e-06 1.8465e-08 
1.82594e-06 1.93293e-08 
1.30918e-06 1.99824e-08 
7.78049e-07 2.04172e-08 
2.38383e-07 2.0629e-08 
-3.03911e-07 2.06154e-08 
-8.4289e-07 2.03764e-08 
-1.37265e-06 1.99149e-08 
-1.88739e-06 1.92357e-08 
-2.38146e-06 1.83463e-08 
-2.84945e-06 1.72566e-08 
-3.28624e-06 1.59783e-08 
-3.68704e-06 1.45255e-08 
-4.04746e-06 1.29142e-08 
-4.36355e-06 1.11619e-08 
-4.63185e-06 9.28784e-09 
-4.84941e-06 7.31258e-09 
-5.01385e-06 5.25774e-09 
-5.12337e-06 3.14582e-09 
-5.17678e-06 9.99953e-10 
-5.17348e-06 -1.15635e-09 
-5.11351e-06 -3.29947e-09 
-4.99753e-06 -5.40594e-09 
-4.82681e-06 -7.45267e-09 
-4.60321e-06 -9.41726e-09 
-4.3292e-06 -1.12782e-08 
-4.00777e-06 -1.3015e-08 
-3.64244e-06 -1.46088e-08 
-3.23721e-06 -1.60421e-08 
-2.79653e-06 -1.72991e-08 
-2.32522e-06 -1.83662e-08 
-1.82845e-06 -1.92315e-08 
-1.31166e-06 -1.98857e-08 
-7.80504e-07 -2.03216e-08 
-2.40812e-07 -2.05343e-08 
3.01508e-07 -2.05217e-08 
8.40513e-07 -2.02838e-08 
1.3703e-06 -1.98232e-08 
1.88506e-06 -1.9145e-08 
2.37916e-06 -1.82566e-08 
2.84718e-06 -1.71678e-08 
3.28399e-06 -1.58905e-08 
3.68482e-06 -1.44386e-08 
4.04526e-06 -1.28282e-08 
4.36137e-06 -1.10768e-08 
4.62969e-06 -9.20368e-09 
4.84727e-06 -7.22932e-09 
5.01174e-06 -5.17536e-09 
5.12128e-06 -3.06431e-09 
5.17471e-06 -9.19317e-10 
5.17143e-06 1.23613e-09 
5.11148e-06 3.3784e-09 
4.99552e-06 5.48403e-09 
4.82482e-06 7.52993e-09 
4.60125e-06 9.4937e-09 
4.32726e-06 1.13538e-08 
4.00585e-06 1.30899e-08 
3.64054e-06 1.46829e-08 
3.23533e-06 1.61153e-08 
2.79467e-06 1.73716e-08 
2.32338e-06 1.84379e-08 
1.82663e-06 1.93024e-08 
1.30986e-06 1.99559e-08 
7.78723e-07 2.0391e-08 
2.39049e-07 2.0603e-08 
-3.03252e-07 2.05897e-08 
-8.42238e-07 2.0351e-08 
-1.372e-06 1.98897e-08 
-1.88675e-06 1.92108e-08 
-2.38083e-06 1.83217e-08 
-2.84883e-06 1.72322e-08 
-3.28563e-06 1.59542e-08 
-3.68643e-06 1.45017e-08 
-4.04686e-06 1.28906e-08 
-4.36295e-06 1.11385e-08 
-4.63125e-06 9.26475e-09 
-4.84882e-06 7.28974e-09 
-5.01327e-06 5.23513e-09 
-5.1228e-06 3.12345e-09 
-5.17621e-06 9.77827e-10 
-5.17292e-06 -1.17824e-09 
-5.11295e-06 -3.32113e-09 
-4.99698e-06 -5.42736e-09 
-4.82626e-06 -7.47387e-09 
-4.60268e-06 -9.43823e-09 
-4.32867e-06 -1.12989e-08 
-4.00724e-06 -1.30356e-08 
-3.64192e-06 -1.46292e-08 
-3.2367e-06 -1.60622e-08 
-2.79602e-06 -1.7319e-08 
-2.32472e-06 -1.83858e-08 
-1.82795e-06 -1.9251e-08 
-1.31116e-06 -1.9905e-08 
-7.80016e-07 -2.03406e-08 
-2.40328e-07 -2.05532e-08 
3.01986e-07 -2.05403e-08 
8.40986e-07 -2.03022e-08 
1.37077e-06 -1.98414e-08 
1.88552e-06 -1.9163e-08 
2.37961e-06 -1.82745e-08 
2.84763e-06 -1.71855e-08 
3.28444e-06 -1.5908e-08 
3.68526e-06 -1.44559e-08 
4.0457e-06 -1.28453e-08 
4.3618e-06 -1.10938e-08 
4.63012e-06 -9.22044e-09 
4.84769e-06 -7.2459e-09 
5.01216e-06 -5.19176e-09 
5.1217e-06 -3.08054e-09 
5.17512e-06 -9.35371e-10 
5.17184e-06 1.22025e-09 
5.11189e-06 3.36269e-09 
4.99592e-06 5.46848e-09 
4.82522e-06 7.51455e-09 
4.60164e-06 9.47848e-09 
4.32765e-06 1.13388e-08 
4.00623e-06 1.3075e-08 
3.64092e-06 1.46681e-08 
3.23571e-06 1.61008e-08 
2.79504e-06 1.73572e-08 
2.32375e-06 1.84236e-08 
1.82699e-06 1.92883e-08 
1.31021e-06 1.99419e-08 
7.79078e-07 2.03772e-08 
2.394e-07 2.05894e-08 
-3.02904e-07 2.05761e-08 
-8.41895e-07 2.03376e-08 
-1.37167e-06 1.98765e-08 
-1.88641e-06 1.91977e-08 
-2.38049e-06 1.83088e-08 
-2.8485e-06 1.72194e-08 
-3.2853e-06 1.59415e-08 
-3.68611e-06 1.44891e-08 
-4.04654e-06 1.28782e-08 
-4.36264e-06 1.11263e-08 
-4.63094e-06 9.25259e-09 
-4.84851e-06 7.27771e-09 
-5.01296e-06 5.22323e-09 
