0 0 
-1.8006e-05 -9.37811e-05 
-6.55586e-05 -0.000529014 
-0.000131718 -0.0015565 
-0.000208861 -0.00333035 
-0.000291576 -0.0059368 
-0.000375935 -0.00941342 
-0.000459016 -0.0137621 
-0.000538589 -0.018958 
-0.000612912 -0.0249554 
-0.000680596 -0.0316924 
-0.000740526 -0.0390941 
-0.000791799 -0.0470749 
-0.000833694 -0.0555411 
-0.00086565 -0.0643918 
-0.000887255 -0.0735215 
-0.000898233 -0.0828209 
-0.00089844 -0.0921786 
-0.000887865 -0.101482 
-0.000866618 -0.11062 
-0.000834934 -0.119482 
-0.000793163 -0.127962 
-0.00074177 -0.135957 
-0.000681323 -0.143369 
-0.000612495 -0.150107 
-0.000536046 -0.156089 
-0.000452825 -0.16124 
-0.000363751 -0.165493 
-0.00026981 -0.168792 
-0.00017204 -0.171094 
-7.15215e-05 -0.172362 
3.06352e-05 -0.172575 
0.000133302 -0.171721 
0.000235344 -0.169801 
0.000335636 -0.166827 
0.00043307 -0.162824 
0.000526569 -0.157826 
0.000615101 -0.151879 
0.000697686 -0.145042 
0.000773412 -0.13738 
0.000841441 -0.128969 
0.000901019 -0.119894 
0.000951485 -0.110246 
0.000992278 -0.100122 
0.00102294 -0.0896258 
0.00104314 -0.078865 
0.00105263 -0.0679495 
0.00105131 -0.0569915 
0.00103919 -0.0461034 
0.00101638 -0.0353974 
0.000983138 -0.0249832 
0.000939814 -0.0149678 
0.000886875 -0.00545381 
0.000824895 0.00346166 
0.000754546 0.0116879 
0.000676592 0.0191418 
0.000591878 0.0257484 
0.000501328 0.0314422 
0.000405925 0.0361674 
0.000306708 0.0398791 
0.000204758 0.0425429 
0.000101185 0.0441364 
-2.88301e-06 0.0446484 
-0.000106312 0.0440797 
-0.000207976 0.0424427 
-0.000306768 0.0397618 
-0.00040161 0.0360723 
-0.00049147 0.0314209 
-0.00057537 0.0258644 
-0.000652397 0.0194698 
-0.000721713 0.012313 
-0.000782564 0.00447819 
-0.00083429 -0.00394292 
-0.000876329 -0.0128524 
-0.000908228 -0.022147 
-0.000929642 -0.0317192 
-0.000940342 -0.0414587 
-0.000940217 -0.0512533 
-0.000929273 -0.0609902 
-0.000907637 -0.0705574 
-0.00087555 -0.0798449 
-0.000833369 -0.0887455 
-0.000781562 -0.0971566 
-0.000720703 -0.104981 
-0.000651462 -0.112128 
-0.000574603 -0.118513 
-0.000490975 -0.124063 
-0.000401497 -0.128711 
-0.000307156 -0.132402 
-0.000208989 -0.135091 
-0.000108079 -0.136742 
-5.5335e-06 -0.137334 
9.75175e-05 -0.136855 
0.000199941 -0.135305 
0.000300609 -0.132698 
0.000398415 -0.129058 
0.000492282 -0.124419 
0.000581179 -0.118828 
0.000664125 -0.112342 
0.000740208 -0.105027 
0.00080859 -0.0969608 
0.000868517 -0.0882259 
0.000919329 -0.0789142 
0.000960464 -0.0691236 
0.000991468 -0.0589573 
0.001012 -0.0485226 
0.00102182 -0.0379298 
0.00102083 -0.027291 
0.00100903 -0.0167188 
0.000986544 -0.0063252 
0.000953618 0.0037798 
0.000910607 0.0134893 
0.000857979 0.0227007 
0.000796307 0.0313168 
0.000726262 0.0392468 
0.000648608 0.0464076 
0.000564192 0.0527243 
0.000473936 0.0581312 
0.000378824 0.0625726 
0.000279896 0.0660035 
0.000178231 0.0683895 
7.494e-05 0.0697081 
-2.88491e-05 0.0699482 
-0.000132002 0.0691104 
-0.000233393 0.0672073 
-0.000331914 0.064263 
-0.000426489 0.060313 
-0.000516084 0.0554038 
-0.000599723 0.0495923 
-0.000676491 0.0429453 
-0.00074555 0.0355389 
-0.000806148 0.0274571 
-0.000857623 0.0187916 
-0.000899414 0.0096404 
-0.000931067 0.000106639 
-0.000952238 -0.00970224 
-0.000962698 -0.0196759 
-0.000962335 -0.0297021 
-0.000951157 -0.0396682 
-0.000929287 -0.0494622 
-0.00089697 -0.0589739 
-0.000854562 -0.0680965 
-0.00080253 -0.0767272 
-0.000741447 -0.0847687 
-0.000671985 -0.0921303 
-0.000594909 -0.0987288 
-0.000511064 -0.104489 
-0.000421373 -0.109345 
-0.00032682 -0.113242 
-0.000228445 -0.116134 
-0.000127327 -0.117987 
-2.45774e-05 -0.118778 
7.86761e-05 -0.118497 
0.000181299 -0.117143 
0.000282166 -0.114729 
0.000380168 -0.111279 
0.00047423 -0.106829 
0.000563318 -0.101425 
0.000646454 -0.0951244 
0.000722725 -0.0879932 
0.000791293 -0.0801077 
0.000851404 -0.071552 
0.000902398 -0.0624176 
0.000943713 -0.0528024 
0.000974895 -0.0428097 
0.0009956 -0.0325467 
0.0010056 -0.0221238 
0.00100478 -0.0116531 
0.000993149 -0.00124719 
0.000970834 0.00898188 
0.000938075 0.0189241 
0.000895229 0.0284726 
0.000842765 0.0375246 
0.000781254 0.0459831 
0.000711369 0.0537571 
0.000633874 0.0607636 
0.000549615 0.0669276 
0.000459514 0.0721835 
0.000364555 0.0764755 
0.000265779 0.0797585 
0.000164264 0.0819983 
6.11214e-05 0.0831722 
-4.25207e-05 0.0832691 
-0.000145529 0.0822896 
-0.000246776 0.0802464 
-0.000345154 0.0771634 
-0.000439588 0.0730762 
-0.000529044 0.0680313 
-0.000612545 0.0620855 
-0.000689177 0.0553057 
-0.000758101 0.0477678 
-0.000818565 0.039556 
-0.000869908 0.0307618 
-0.000911569 0.0214833 
-0.000943093 0.0118236 
-0.000964136 0.00189013 
-0.000974469 -0.00820677 
-0.000973981 -0.018355 
-0.000962679 -0.0284417 
-0.000940687 -0.0383551 
-0.000908248 -0.047985 
-0.00086572 -0.0572244 
-0.00081357 -0.0659707 
-0.000752369 -0.0741266 
-0.000682792 -0.0816014 
-0.0006056 -0.0883118 
-0.000521642 -0.0941828 
-0.000431838 -0.0991489 
-0.000337174 -0.103154 
-0.000238689 -0.106153 
-0.000137462 -0.108113 
-3.46045e-05 -0.109009 
6.87557e-05 -0.108831 
0.000171485 -0.10758 
0.000272456 -0.105267 
0.000370561 -0.101918 
0.000464725 -0.0975679 
0.000553914 -0.0922625 
0.00063715 -0.0860591 
0.00071352 -0.0790243 
0.000782186 -0.0712342 
0.000842394 -0.0627728 
0.000893483 -0.0537318 
0.000934893 -0.044209 
0.000966169 -0.0343077 
0.000986967 -0.0241351 
0.000997057 -0.0138016 
0.000996329 -0.00341939 
0.000984789 0.00689893 
0.000962562 0.0170414 
0.000929891 0.0268979 
0.000887132 0.0363616 
0.000834754 0.0453297 
0.000773329 0.0537052 
0.000703528 0.0613971 
0.000626116 0.0683223 
0.000541939 0.074406 
0.00045192 0.0795823 
0.000357042 0.0837957 
0.000258346 0.0870008 
0.00015691 0.0891636 
5.38456e-05 0.0902613 
-4.97191e-05 0.0902828 
-0.000152651 0.0892288 
-0.000253822 0.0871117 
-0.000352125 0.0839558 
-0.000446485 0.0797963 
-0.000535868 0.0746799 
-0.000619296 0.0686634 
-0.000695856 0.0618137 
-0.00076471 0.0542066 
-0.000825103 0.0459263 
-0.000876377 0.0370644 
-0.000917969 0.0277189 
-0.000949425 0.0179928 
-0.0009704 0.00799376 
-0.000980667 -0.00216805 
-0.000980113 -0.0123804 
-0.000968745 -0.0225308 
-0.000946689 -0.032507 
-0.000914187 -0.042199 
-0.000871595 -0.0515 
-0.000819382 -0.0603072 
-0.00075812 -0.0685233 
-0.000688481 -0.0760577 
-0.000611229 -0.082827 
-0.000527211 -0.0887564 
-0.000437348 -0.0937801 
-0.000342626 -0.0978425 
-0.000244082 -0.100898 
-0.000142798 -0.102913 
-3.98839e-05 -0.103865 
6.35324e-05 -0.103742 
0.000166317 -0.102544 
0.000267343 -0.100286 
0.000365503 -0.0969897 
0.00045972 -0.0926917 
0.000548962 -0.0874382 
0.000632251 -0.081286 
0.000708673 -0.074302 
0.00077739 -0.0665621 
0.000837649 -0.0581504 
0.000888789 -0.0491586 
0.00093025 -0.0396844 
0.000961575 -0.0298312 
0.000982421 -0.0197062 
0.00099256 -0.00941981 
0.00099188 0.000915809 
0.000980387 0.011188 
0.000958207 0.0212849 
0.000925582 0.0310963 
0.000882869 0.0405153 
0.000830536 0.0494393 
0.000769156 0.057771 
0.000699399 0.0654197 
0.000622031 0.0723022 
0.000537898 0.0783435 
0.000447922 0.083478 
0.000353087 0.0876499 
0.000254432 0.090814 
0.000153038 0.0929363 
5.00147e-05 0.0939938 
-5.35092e-05 0.0939756 
-0.0001564 0.0928824 
-0.000257532 0.0907265 
-0.000355796 0.0875321 
-0.000450117 0.0833346 
-0.000539461 0.0781805 
-0.000622851 0.0721268 
-0.000699373 0.0652403 
-0.000768189 0.0575967 
-0.000828546 0.0492804 
-0.000879783 0.0403828 
-0.000921338 0.031002 
-0.000952758 0.0212411 
-0.000973699 0.0112074 
-0.00098393 0.00101146 
-0.000983342 -0.00923475 
-0.000971939 -0.0194185 
-0.000949849 -0.0294278 
-0.000917313 -0.0391526 
-0.000874689 -0.048486 
-0.000822443 -0.0573252 
-0.000761148 -0.0655731 
-0.000691477 -0.0731388 
-0.000614193 -0.0799392 
-0.000530143 -0.0858993 
-0.000440249 -0.0909534 
-0.000345496 -0.0950458 
-0.000246922 -0.0981313 
-0.000145608 -0.100176 
-4.26636e-05 -0.101156 
6.07822e-05 -0.101062 
0.000163596 -0.0998933 
0.000264651 -0.0976629 
0.000362839 -0.0943947 
0.000457085 -0.0901243 
0.000546355 -0.084898 
0.000629672 -0.0787729 
0.000706121 -0.0718156 
0.000774866 -0.0641022 
0.000835152 -0.0557166 
0.000886318 -0.0467507 
0.000927804 -0.0373021 
0.000959156 -0.0274742 
0.000980028 -0.0173743 
0.000990192 -0.00711271 
0.000989537 0.00319838 
0.000978069 0.0134463 
0.000955914 0.0235192 
0.000923313 0.0333068 
0.000880625 0.0427023 
0.000828316 0.051603 
0.000766959 0.0599118 
0.000697226 0.0675377 
0.000619881 0.0743976 
0.00053577 0.0804167 
0.000445816 0.0855291 
0.000351004 0.0896792 
0.000252371 0.0928218 
0.000150999 0.0949227 
4.79977e-05 0.0959591 
-5.55048e-05 0.09592 
-0.000158375 0.0948061 
-0.000259485 0.0926297 
-0.000357728 0.089415 
-0.000452029 0.0851976 
-0.000541353 0.0800237 
-0.000624722 0.0739504 
-0.000701224 0.0670444 
-0.000770021 0.0593817 
-0.000830358 0.0510464 
-0.000881576 0.0421301 
-0.000923113 0.0327306 
-0.000954514 0.0229513 
-0.000975435 0.0128995 
-0.000985648 0.00268553 
-0.000985042 -0.00757848 
-0.000973621 -0.0177798 
-0.000951513 -0.0278066 
-0.00091896 -0.0375486 
-0.000876317 -0.046899 
-0.000824054 -0.0557551 
-0.000762742 -0.0640197 
-0.000693054 -0.071602 
-0.000615754 -0.0784187 
-0.000531687 -0.0843949 
-0.000441777 -0.0894651 
-0.000347007 -0.0935733 
-0.000248417 -0.0966745 
-0.000147087 -0.0987344 
-4.41272e-05 -0.0997303 
5.93342e-05 -0.0996511 
0.000162163 -0.0984975 
0.000263233 -0.0962819 
0.000361437 -0.0930284 
0.000455698 -0.0887725 
0.000544983 -0.0835606 
0.000628314 -0.0774497 
0.000704778 -0.0705065 
0.000773536 -0.0628069 
0.000833836 -0.0544352 
0.000885017 -0.0454828 
0.000926517 -0.0360478 
0.000957882 -0.0262332 
0.000978768 -0.0161465 
0.000988945 -0.00589797 
0.000988303 0.0044002 
0.000976849 0.0146354 
0.000954706 0.0246956 
0.000922119 0.0344707 
0.000879443 0.0438538 
0.000827146 0.0527423 
0.000765802 0.0610389 
0.000696081 0.0686529 
0.000618748 0.0755009 
0.00053465 0.0815082 
0.000444708 0.0866091 
0.000349907 0.0907477 
0.000251286 0.0938789 
0.000149926 0.0959685 
4.69357e-05 0.0969939 
-5.65555e-05 0.0969438 
-0.000159414 0.0958189 
-0.000260514 0.0936318 
-0.000358746 0.0904065 
-0.000453035 0.0861785 
-0.000542349 0.0809942 
-0.000625708 0.0749105 
-0.000702199 0.0679944 
-0.000770985 0.0603215 
-0.000831313 0.0519762 
-0.00088252 0.04305 
-0.000924047 0.0336408 
-0.000955438 0.0238518 
-0.00097635 0.0137904 
-0.000986553 0.00356697 
-0.000985937 -0.00670641 
-0.000974507 -0.0169171 
-0.000952389 -0.026953 
-0.000919826 -0.0367041 
-0.000877175 -0.0460635 
-0.000824903 -0.0549285 
-0.000763582 -0.0632018 
-0.000693885 -0.0707928 
-0.000616575 -0.0776181 
-0.0005325 -0.0836029 
-0.000442581 -0.0886814 
-0.000347803 -0.092798 
-0.000249205 -0.0959074 
-0.000147866 -0.0979755 
-4.48978e-05 -0.0989795 
5.85718e-05 -0.0989083 
0.000161409 -0.0977625 
0.000262487 -0.0955547 
0.000360698 -0.092309 
0.000454967 -0.0880607 
0.00054426 -0.0828564 
0.000627599 -0.076753 
0.00070407 -0.0698172 
0.000772836 -0.062125 
0.000833144 -0.0537605 
0.000884332 -0.0448153 
0.000925839 -0.0353873 
0.000957211 -0.0255798 
0.000978104 -0.0155 
0.000988289 -0.00525838 
0.000987654 0.00503299 
0.000976206 0.0152614 
0.00095407 0.0253149 
0.00092149 0.0350835 
0.000878821 0.0444601 
0.000826531 0.0533421 
0.000765193 0.0616324 
0.000695479 0.06924 
0.000618152 0.0760819 
0.00053406 0.082083 
0.000444124 0.0871777 
0.00034933 0.0913103 
0.000250715 0.0944355 
