0.0
-1.80059796765e-05
-6.55586348623e-05
-0.000131718273577
-0.000208861418907
-0.000291576360036
-0.00037593537988
-0.000459016336994
-0.000538589206159
-0.000612911624862
-0.000680596340132
-0.000740525940493
-0.000791798536819
-0.000833693545074
-0.000865650365129
-0.00088725516679
-0.000898232600332
-0.000898440317796
-0.000887864904487
-0.000866618297583
-0.000834934089978
-0.000793163335104
-0.000741769617279
-0.000681323255167
-0.000612494578304
-0.000536046268551
-0.000452824796141
-0.000363751008228
-0.000269809949269
-0.000172040008981
-7.15215063362e-05
3.06351722501e-05
0.000133301755171
0.000235344457874
0.000335636411577
0.000433070013595
0.000526569064869
0.000615100562286
0.000697686016993
0.000773412174932
0.000841441022345
0.0009010189667
0.000951485092557
0.000992278401955
0.00102294396002
0.0010431378785
0.00105263108264
0.00105131182008
0.00103918688442
0.0010163815399
0.000983138148126
0.000939813511871
0.000886874965011
0.000824895251486
0.00075454624937
0.000676591608813
0.000591878384522
0.000501327754443
0.000405924926355
0.000306708342936
0.00020475830359
0.000101185127693
-2.88301106391e-06
-0.000106312445932
-0.000207976438543
-0.000306767524429
-0.00040160964736
-0.000491469949572
-0.000575370088679
-0.00065239695731
-0.000721712688001
-0.000782563833737
-0.000834289623565
-0.000876329202811
-0.000908227778595
-0.000929641603296
-0.000940341741384
-0.000940216578333
-0.000929273044131
-0.000907636537997
-0.000875549555101
-0.000833369030364
-0.000781562428418
-0.000720702622573
-0.000651461618902
-0.000574603194195
-0.000490974528451
-0.000401496923583
-0.000307155710014
-0.000208989451763
-0.000108078568287
-5.53349773693e-06
9.75174686834e-05
0.000199940547963
0.000300608886706
0.00039841490664
0.000492282438945
0.000581178514458
0.000664124680584
0.00074020772091
0.000808589660094
0.000868516944388
0.000919328697242
0.000960463959505
0.000991467834935
0.00101199647365
0.00102182083893
0.00102082921617
0.0010090284363
0.000986543800563
0.000953617707191
0.000910606995193
0.000857979034308
0.000796306603967
0.000726261617357
0.000648607759375
0.000564192119101
0.000473935908496
0.000378824368988
0.000279895976549
0.000178231063522
7.49399818732e-05
-2.88490624633e-05
-0.000132002370838
-0.000233393173323
-0.000331913974222
-0.000426488686414
-0.000516084421568
-0.000599722807059
-0.000676490705598
-0.000745550220118
-0.000806147874322
-0.000857622868281
-0.000899414318655
-0.000931067404201
-0.000952238349242
-0.000962698190486
-0.000962335285939
-0.000951156538417
-0.000929287320251
-0.000896970100016
-0.000854561786315
-0.000802529817742
-0.000741447041851
-0.000671985439226
-0.000594908761445
-0.00051106416356
-0.000421372922802
-0.000326820345175
-0.000228444970541
-0.000127327194454
-2.45774314158e-05
7.86760507646e-05
0.000181299492224
0.000282166062469
0.000380168205884
0.000474229776066
0.000563317826032
0.000646453925128
0.000722724878653
0.000791292732739
0.000851403954893
0.000902397689585
0.000943712998468
0.000974895005877
0.000995599882289
0.00100559861114
0.00100477949773
0.000993149392735
0.000970833616892
0.000938074587733
0.000895229163364
0.000842764732417
0.000781254093015
0.000711369176838
0.000633873687077
0.000549614730916
0.000459513538224
0.000364555368147
0.000265778714188
0.000164263926034
6.11213728089e-05
-4.25207225746e-05
-0.000145528644672
-0.000246775606935
-0.000345154097229
-0.000439588012167
-0.000529044447324
-0.000612545014153
-0.000689176559611
-0.000758101171049
-0.000818565356747
-0.000869908301523
-0.000911569106942
-0.00094309293683
-0.000964136000735
-0.000974469320747
-0.000973981240412
-0.000962678648239
-0.000940686902404
-0.000908248457474
-0.000865720208198
-0.000813569579462
-0.000752369405255
-0.000682791652744
-0.00060560006023
-0.000521641769632
-0.000431838045183
-0.000337174180034
-0.000238688701323
-0.00013746199202
-3.46044541776e-05
6.87556567156e-05
0.000171484592984
0.000272455536191
0.000370560942653
0.000464724677769
0.000553913806232
0.000637149908944
0.000713519802631
0.000782185544738
0.000842393613958
0.000893483165831
0.000934893272962
0.000966169070522
0.000986966739708
0.000997057274562
0.000996328990879
0.000984788749713
0.000962561882075
0.00092989081566
0.000887132418627
0.000834754089557
0.000773328636411
0.000703528000609
0.000626115894974
0.000541939436221
0.000451919863648
0.000357042445731
0.000258345685202
0.000156909940881
5.38455909267e-05
-4.97191328106e-05
-0.000152650506042
-0.000253821733471
-0.000352125294305
-0.000446485076592
-0.000535868167436
-0.000619296169905
-0.000695855922662
-0.000764709504852
-0.000825103416637
-0.000876376834801
-0.000917968852965
-0.00094942462709
-0.000970400358947
-0.000980667062929
-0.000980113074967
-0.000968745276038
-0.000946689016864
-0.000914186744639
-0.000871595346816
-0.000819382241064
-0.000758120254229
-0.000688481346415
-0.00061122924893
-0.00052721109678
-0.000437348147355
-0.000342625687036
-0.000244082236264
-0.000142798171383
-3.98838878893e-05
6.35323652143e-05
0.000166316846669
0.000267342744388
0.000365502520968
0.000459720048022
0.000548962396393
0.000632251153065
0.000708673140783
0.000777390422946
0.000837649484138
0.000888789485728
0.000930249506087
0.00096157468609
0.00098242121258
0.000992560085183
0.000991879625218
0.000980386699206
0.000958206643568
0.000925581891347
0.000882869315996
0.000830536321334
0.000769155720505
0.000699399460053
0.000622031257876
0.000537898235705
0.000447921637803
0.00035308673756
0.000254432042565
0.000153037916448
5.00147421235e-05
-5.35092438508e-05
-0.00015640031253
-0.000257531664011
-0.000355795772943
-0.000450116522866
-0.000539460996419
-0.00062285079226
-0.000699372744683
-0.000768188928513
-0.000828545839638
-0.000879782650612
-0.00092133845087
-0.000952758392237
-0.000973698672385
-0.000983930301657
-0.000983341611975
-0.000971939480348
-0.000949849253574
-0.000917313374966
-0.000874688728134
-0.000822442726947
-0.000761148194493
-0.000691477087153
-0.000614193132558
-0.000530143462069
-0.000440249329476
-0.000345496017594
-0.00024692204334
-0.000145607779568
-4.26636183215e-05
6.07821948105e-05
0.000163595921948
0.000264650754348
0.000362839157913
0.000457085007529
0.000546355377277
0.000629671857341
0.000706121273638
0.000774865692701
0.000835151602214
0.000886318166618
0.000927804467318
0.000959155648193
0.000980027899058
0.00099019222248
0.000989536942687
0.000978068929077
0.000955913520919
0.000923313154073
0.000880624704781
0.000828315579618
0.000766958594455
0.000697225698539
0.000619880612434
0.000535770460517
0.000445816489664
0.000351003975849
0.000252371429224
0.000150999215947
4.79977214389e-05
-5.55048152653e-05
-0.000158374662769
-0.000259485018743
-0.000357728355437
-0.000452028554017
-0.000541352694773
-0.000624722374038
-0.000701224423809
-0.000770020916633
-0.000830358346149
-0.000881575882684
-0.000923112613471
-0.000954513688153
-0.000975435302248
-0.000985648463963
-0.000985041503111
-0.000973621294613
-0.000951513183199
-0.000918959610139
-0.00087631745702
-0.00082405413571
-0.000762742467318
-0.000693054406266
-0.000615753678246
-0.000531687412704
-0.000441776861532
-0.000347007305668
-0.000248417260173
-0.000147087096063
-4.41272035653e-05
5.93341735297e-05
0.000162163299121
0.000263233366225
0.000361436842486
0.000455697604514
0.000544982728093
0.000628313805094
0.000704777663102
0.0007735363703
0.000833836416007
0.000885016966278
0.000926517104118
0.000957881974988
0.000978767770265
0.000988945494066
0.000988303472152
0.000976848575434
0.000954706144681
0.000922118617237
0.000879442870811
0.000827146313429
0.000765801762402
0.000696081168393
0.000618748253376
0.000534650143118
0.000444708085871
0.000349907358973
0.000251286473919
0.000149925798203
4.6935718564e-05
-5.65555246584e-05
-0.000159414198777
-0.000260513500184
-0.000358745899868
-0.000453035277743
-0.000542348712864
-0.000625707800338
-0.000702199370952
-0.000770985496057
-0.000831312668105
-0.000882520056252
-0.00092404674657
-0.000955437887555
-0.000976349673588
-0.000986553111755
-0.000985936530757
-0.000974506804413
-0.000952389276369
-0.000919826386816
-0.000877175016277
-0.000824902575566
-0.00076358188475
-0.000693884897219
-0.000616575337647
-0.000532500334468
-0.000442581138576
-0.000347803029922
-0.000249204522587
-0.000147865986623
-4.48978112979e-05
5.85717605436e-05
0.000161408993737
0.000262487082227
0.000360698494573
0.000454967108292
0.000544260000066
0.000627598762654
0.00070407022452
0.000772836454716
0.00083314394342
0.000884331857537
0.000925839280916
0.000957211359849
0.000978104286538
0.000988289065915
0.000987654024546
0.000976206034142
0.00095407043626
0.000921489669025
0.000878820610919
0.000826530670733
0.000765192666532
0.000695478549731
0.000618152043043
0.000534060272966
0.000444124488478
0.000349329967633
0.000250715222636
