0 0 
0 0 
-1.8006e-06 -3.75125e-10 
-4.75527e-06 -1.74093e-09 
-8.41656e-06 -4.48506e-09 
-1.24696e-05 -8.83634e-09 
-1.66881e-05 -1.49108e-08 
-2.09055e-05 -2.27428e-08 
-2.49962e-05 -3.23057e-08 
-2.88628e-05 -4.35263e-08 
-3.24284e-05 -5.62953e-08 
-3.56312e-05 -7.04744e-08 
-3.84214e-05 -8.5902e-08 
-4.07585e-05 -1.02398e-07 
-4.26109e-05 -1.19766e-07 
-4.39542e-05 -1.37801e-07 
-4.47713e-05 -1.56285e-07 
-4.50519e-05 -1.74998e-07 
-4.47921e-05 -1.93716e-07 
-4.39944e-05 -2.12213e-07 
-4.26674e-05 -2.30268e-07 
-4.0826e-05 -2.47662e-07 
-3.84904e-05 -2.64186e-07 
-3.56866e-05 -2.7964e-07 
-3.24457e-05 -2.93834e-07 
-2.88037e-05 -3.06594e-07 
-2.48009e-05 -3.17762e-07 
-2.04816e-05 -3.27196e-07 
-1.58935e-05 -3.34774e-07 
-1.10875e-05 -3.40395e-07 
-6.11653e-06 -3.43979e-07 
-1.03562e-06 -3.45469e-07 
4.09914e-06 -3.44831e-07 
9.23104e-06 -3.42054e-07 
1.43034e-05 -3.37151e-07 
1.92602e-05 -3.30159e-07 
2.40468e-05 -3.21136e-07 
2.86101e-05 -3.10166e-07 
3.28999e-05 -2.97351e-07 
3.68687e-05 -2.82816e-07 
4.04725e-05 -2.66704e-07 
4.36716e-05 -2.49174e-07 
4.64303e-05 -2.30402e-07 
4.87182e-05 -2.1058e-07 
5.05097e-05 -1.89907e-07 
5.17847e-05 -1.68596e-07 
5.25291e-05 -1.46864e-07 
5.27341e-05 -1.24934e-07 
5.23971e-05 -1.03032e-07 
5.15216e-05 -8.1382e-08 
5.01166e-05 -6.02074e-08 
4.81972e-05 -3.97254e-08 
4.57841e-05 -2.01459e-08 
4.29034e-05 -1.66935e-09 
3.95862e-05 1.5516e-08 
3.58685e-05 3.12357e-08 
3.17907e-05 4.53313e-08 
2.73971e-05 5.76621e-08 
2.27356e-05 6.81065e-08 
1.78569e-05 7.65632e-08 
1.2814e-05 8.2953e-08 
7.66186e-06 8.72188e-08 
2.45665e-06 8.93268e-08 
-2.74495e-06 8.92668e-08 
-7.88629e-06 8.70519e-08 
-1.29114e-05 8.27191e-08 
-1.77654e-05 7.63281e-08 
-2.23956e-05 6.79612e-08 
-2.67514e-05 5.77223e-08 
-3.07856e-05 4.57354e-08 
-3.44541e-05 3.21438e-08 
-3.77172e-05 1.71081e-08 
-4.05392e-05 8.0468e-10 
-4.28897e-05 -1.65764e-08 
-4.47432e-05 -3.48332e-08 
-4.60796e-05 -5.37546e-08 
-4.68846e-05 -7.31222e-08 
-4.71496e-05 -9.27126e-08 
-4.68721e-05 -1.123e-07 
-4.60552e-05 -1.3166e-07 
-4.47084e-05 -1.50569e-07 
-4.28466e-05 -1.6881e-07 
-4.04904e-05 -1.86172e-07 
-3.76659e-05 -2.02454e-07 
-3.44044e-05 -2.17469e-07 
-3.07418e-05 -2.31041e-07 
-2.67185e-05 -2.43012e-07 
-2.23789e-05 -2.53241e-07 
-1.77708e-05 -2.61605e-07 
-1.29448e-05 -2.68004e-07 
-7.95414e-06 -2.72358e-07 
-2.85371e-06 -2.7461e-07 
2.30036e-06 -2.74725e-07 
7.45138e-06 -2.72694e-07 
1.25427e-05 -2.68528e-07 
1.75182e-05 -2.62265e-07 
2.23233e-05 -2.53965e-07 
2.6905e-05 -2.43709e-07 
3.12129e-05 -2.31601e-07 
3.51996e-05 -2.17765e-07 
3.88212e-05 -2.02344e-07 
4.20378e-05 -1.85499e-07 
4.48139e-05 -1.67405e-07 
4.7119e-05 -1.48252e-07 
4.89274e-05 -1.28242e-07 
5.02193e-05 -1.07587e-07 
5.09803e-05 -8.65035e-08 
5.12018e-05 -6.52156e-08 
5.08811e-05 -4.39483e-08 
5.00217e-05 -2.29269e-08 
4.86327e-05 -2.37391e-09 
4.67291e-05 1.74931e-08 
4.43316e-05 3.64641e-08 
4.14663e-05 5.43387e-08 
3.81644e-05 7.09284e-08 
3.44618e-05 8.60588e-08 
3.0399e-05 9.95715e-08 
2.60202e-05 1.11326e-07 
2.13734e-05 1.21199e-07 
1.65091e-05 1.29091e-07 
1.14805e-05 1.34923e-07 
6.34259e-06 1.38636e-07 
1.15141e-06 1.40197e-07 
-4.03632e-06 1.39596e-07 
-9.16392e-06 1.36846e-07 
-1.41754e-05 1.31983e-07 
-1.9016e-05 1.25069e-07 
-2.36329e-05 1.16183e-07 
-2.79756e-05 1.05432e-07 
-3.19967e-05 9.29374e-08 
-3.56524e-05 7.88439e-08 
-3.89027e-05 6.33116e-08 
-4.17121e-05 4.65168e-08 
-4.40502e-05 2.86497e-08 
-4.58913e-05 9.9119e-09 
-4.72155e-05 -9.48534e-09 
-4.80084e-05 -2.93236e-08 
-4.82614e-05 -4.93799e-08 
-4.79721e-05 -6.94285e-08 
-4.71436e-05 -8.92443e-08 
-4.57852e-05 -1.08604e-07 
-4.39119e-05 -1.27291e-07 
-4.15443e-05 -1.45095e-07 
-3.87087e-05 -1.61814e-07 
-3.5436e-05 -1.77261e-07 
-3.17625e-05 -1.91261e-07 
-2.77284e-05 -2.03654e-07 
-2.3378e-05 -2.14302e-07 
-1.87593e-05 -2.2308e-07 
-1.39228e-05 -2.29889e-07 
-8.92172e-06 -2.34648e-07 
-3.811e-06 -2.37301e-07 
1.35326e-06 -2.37813e-07 
6.51435e-06 -2.36174e-07 
1.16156e-05 -2.32397e-07 
1.6601e-05 -2.26518e-07 
2.14158e-05 -2.18598e-07 
2.60072e-05 -2.08718e-07 
3.03246e-05 -1.96983e-07 
3.43208e-05 -1.83515e-07 
3.79517e-05 -1.68458e-07 
4.11776e-05 -1.51973e-07 
4.39628e-05 -1.34235e-07 
4.62769e-05 -1.15435e-07 
4.80944e-05 -9.57746e-08 
4.93951e-05 -7.54642e-08 
5.01649e-05 -5.47226e-08 
5.0395e-05 -3.37726e-08 
5.00829e-05 -1.28397e-08 
4.9232e-05 7.85092e-09 
4.78514e-05 2.80766e-08 
4.59561e-05 4.76198e-08 
4.35668e-05 6.62704e-08 
4.07096e-05 8.3828e-08 
3.74158e-05 1.00104e-07 
3.37212e-05 1.14924e-07 
2.96662e-05 1.2813e-07 
2.52953e-05 1.3958e-07 
2.06561e-05 1.49154e-07 
1.57994e-05 1.56748e-07 
1.07784e-05 1.62286e-07 
5.64796e-06 1.65708e-07 
4.64173e-07 1.66981e-07 
-4.71624e-06 1.66095e-07 
-9.83662e-06 1.63063e-07 
-1.48409e-05 1.57922e-07 
-1.96745e-05 1.50731e-07 
-2.42843e-05 1.41573e-07 
-2.86201e-05 1.30552e-07 
-3.26344e-05 1.1779e-07 
-3.62833e-05 1.03432e-07 
-3.95269e-05 8.76387e-08 
-4.23297e-05 7.05852e-08 
-4.46611e-05 5.24621e-08 
-4.64958e-05 3.34711e-08 
-4.78135e-05 1.38233e-08 
-4.86001e-05 -6.26282e-09 
-4.88469e-05 -2.65643e-08 
-4.85513e-05 -4.68555e-08 
-4.77166e-05 -6.69113e-08 
-4.63521e-05 -8.6509e-08 
-4.44728e-05 -1.05431e-07 
-4.20993e-05 -1.23467e-07 
-3.92577e-05 -1.40416e-07 
-3.59792e-05 -1.5609e-07 
-3.22999e-05 -1.70315e-07 
-2.82601e-05 -1.82932e-07 
-2.39041e-05 -1.93799e-07 
-1.92797e-05 -2.02796e-07 
-1.44377e-05 -2.09821e-07 
-9.43117e-06 -2.14793e-07 
-4.31503e-06 -2.17657e-07 
8.54586e-07 -2.18378e-07 
6.02098e-06 -2.16946e-07 
1.11275e-05 -2.13373e-07 
1.61181e-05 -2.07697e-07 
2.0938e-05 -1.99977e-07 
2.55344e-05 -1.90295e-07 
2.98569e-05 -1.78755e-07 
3.38581e-05 -1.65481e-07 
3.74939e-05 -1.50616e-07 
4.07246e-05 -1.34321e-07 
4.35147e-05 -1.16771e-07 
4.58336e-05 -9.81565e-08 
4.76557e-05 -7.86796e-08 
4.89612e-05 -5.8551e-08 
4.97355e-05 -3.79892e-08 
4.99702e-05 -1.72172e-08 
4.96627e-05 3.53964e-09 
4.88162e-05 2.40561e-08 
4.744e-05 4.41094e-08 
4.55491e-05 6.34822e-08 
4.31642e-05 8.19641e-08 
4.03113e-05 9.93548e-08 
3.70216e-05 1.15466e-07 
3.33312e-05 1.30123e-07 
2.92804e-05 1.43167e-07 
2.49135e-05 1.54457e-07 
2.02784e-05 1.63872e-07 
1.54258e-05 1.71311e-07 
1.04088e-05 1.76693e-07 
5.28223e-06 1.79962e-07 
1.02328e-07 1.81083e-07 
-5.07424e-06 1.80048e-07 
-1.01908e-05 1.76867e-07 
-1.51914e-05 1.71579e-07 
-2.00212e-05 1.64244e-07 
-2.46273e-05 1.54942e-07 
-2.89595e-05 1.43778e-07 
-3.29701e-05 1.30876e-07 
-3.66154e-05 1.16379e-07 
-3.98555e-05 1.00447e-07 
-4.26548e-05 8.32577e-08 
-4.49828e-05 6.49999e-08 
-4.6814e-05 4.58755e-08 
-4.81284e-05 2.60959e-08 
-4.89116e-05 5.87918e-09 
-4.91551e-05 -1.45514e-08 
-4.88562e-05 -3.49704e-08 
-4.80183e-05 -5.51526e-08 
-4.66506e-05 -7.48753e-08 
-4.47681e-05 -9.39208e-08 
-4.23915e-05 -1.12079e-07 
-3.95468e-05 -1.2915e-07 
-3.62653e-05 -1.44944e-07 
-3.25829e-05 -1.59287e-07 
-2.854e-05 -1.72021e-07 
-2.41811e-05 -1.83005e-07 
-1.95537e-05 -1.92116e-07 
-1.47088e-05 -1.99254e-07 
-9.6994e-06 -2.04339e-07 
-4.58041e-06 -2.07314e-07 
5.92025e-07 -2.08145e-07 
5.76121e-06 -2.06821e-07 
1.08705e-05 -2.03356e-07 
1.58638e-05 -1.97787e-07 
2.06865e-05 -1.90172e-07 
2.52856e-05 -1.80595e-07 
2.96107e-05 -1.69158e-07 
3.36144e-05 -1.55986e-07 
3.72529e-05 -1.41222e-07 
4.04862e-05 -1.25026e-07 
4.32788e-05 -1.07575e-07 
4.56002e-05 -8.90589e-08 
4.74248e-05 -6.96787e-08 
4.87327e-05 -4.96459e-08 
4.95094e-05 -2.91788e-08 
4.97466e-05 -8.50046e-09 
4.94414e-05 1.21637e-08 
4.85973e-05 3.25884e-08 
4.72234e-05 5.25511e-08 
4.53348e-05 7.1834e-08 
4.29521e-05 9.02271e-08 
4.01015e-05 1.0753e-07 
3.68141e-05 1.23554e-07 
3.31259e-05 1.38125e-07 
2.90773e-05 1.51084e-07 
2.47126e-05 1.6229e-07 
2.00796e-05 1.71622e-07 
1.52291e-05 1.78978e-07 
1.02141e-05 1.84278e-07 
5.08966e-06 1.87467e-07 
-8.81905e-08 1.88509e-07 
-5.26273e-06 1.87394e-07 
-1.03773e-05 1.84136e-07 
-1.53759e-05 1.7877e-07 
-2.02037e-05 1.71358e-07 
-2.48079e-05 1.6198e-07 
-2.91382e-05 1.50742e-07 
-3.31469e-05 1.37766e-07 
-3.67904e-05 1.23195e-07 
-4.00285e-05 1.07191e-07 
-4.2826e-05 8.99301e-08 
-4.51522e-05 7.16013e-08 
-4.69816e-05 5.24067e-08 
-4.82942e-05 3.25576e-08 
-4.90756e-05 1.22722e-08 
-4.93174e-05 -8.22636e-09 
-4.90168e-05 -2.87126e-08 
-4.81772e-05 -4.89614e-08 
-4.68078e-05 -6.87499e-08 
-4.49236e-05 -8.78606e-08 
-4.25453e-05 -1.06083e-07 
-3.9699e-05 -1.23218e-07 
-3.64158e-05 -1.39075e-07 
-3.27319e-05 -1.53481e-07 
-2.86874e-05 -1.66276e-07 
-2.43269e-05 -1.77321e-07 
-1.9698e-05 -1.86493e-07 
-1.48516e-05 -1.93691e-07 
-9.84063e-06 -1.98835e-07 
-4.72014e-06 -2.01868e-07 
4.53782e-07 -2.02757e-07 
5.62444e-06 -2.01491e-07 
1.07352e-05 -1.98083e-07 
1.57299e-05 -1.92569e-07 
2.0554e-05 -1.8501e-07 
2.51545e-05 -1.75487e-07 
2.9481e-05 -1.64105e-07 
3.34862e-05 -1.50987e-07 
3.7126e-05 -1.36276e-07 
4.03606e-05 -1.20133e-07 
4.31546e-05 -1.02734e-07 
4.54773e-05 -8.42688e-08 
4.73032e-05 -6.49396e-08 
4.86124e-05 -4.49572e-08 
4.93904e-05 -2.45399e-08 
4.96288e-05 -3.91091e-09 
4.93249e-05 1.67044e-08 
4.8482e-05 3.70809e-08 
4.71094e-05 5.69957e-08 
4.5222e-05 7.62314e-08 
4.28405e-05 9.45778e-08 
3.99911e-05 1.11834e-07 
3.67048e-05 1.27813e-07 
3.30178e-05 1.42338e-07 
2.89703e-05 1.55252e-07 
2.46067e-05 1.66414e-07 
1.99749e-05 1.75702e-07 
1.51255e-05 1.83015e-07 
1.01116e-05 1.88272e-07 
4.98827e-06 1.91418e-07 
-1.88502e-07 1.92418e-07 
-5.36198e-06 1.91262e-07 
-1.04755e-05 1.87962e-07 
-1.5473e-05 1.82556e-07 
-2.02998e-05 1.75104e-07 
-2.4903e-05 1.65686e-07 
-2.92322e-05 1.54408e-07 
-3.324e-05 1.41393e-07 
-3.68824e-05 1.26784e-07 
-4.01197e-05 1.10742e-07 
-4.29162e-05 9.34432e-08 
-4.52414e-05 7.5077e-08 
-4.70699e-05 5.58455e-08 
-4.83815e-05 3.59598e-08 
-4.9162e-05 1.56382e-08 
-4.94028e-05 -4.8961e-09 
-4.91013e-05 -2.54178e-08 
-4.82608e-05 -4.57016e-08 
-4.68905e-05 -6.55248e-08 
-4.50055e-05 -8.46698e-08 
-4.26263e-05 -1.02926e-07 
-3.97791e-05 -1.20094e-07 
-3.64951e-05 -1.35985e-07 
-3.28103e-05 -1.50423e-07 
-2.87651e-05 -1.63251e-07 
-2.44037e-05 -1.74328e-07 
-1.9774e-05 -1.83532e-07 
-1.49267e-05 -1.90761e-07 
-9.915e-06 -1.95937e-07 
-4.79371e-06 -1.99001e-07 
3.80994e-07 -1.9992e-07 
5.55242e-06 -1.98684e-07 
1.06639e-05 -1.95306e-07 
1.56594e-05 -1.89822e-07 
2.04843e-05 -1.82292e-07 
2.50855e-05 -1.72798e-07 
2.94128e-05 -1.61444e-07 
3.34186e-05 -1.48354e-07 
3.70592e-05 -1.33672e-07 
4.02945e-05 -1.17556e-07 
4.30892e-05 -1.00185e-07 
4.54125e-05 -8.17468e-08 
4.72392e-05 -6.24443e-08 
4.8549e-05 -4.24884e-08 
4.93278e-05 -2.20975e-08 
4.95668e-05 -1.49442e-09 
4.92635e-05 1.90952e-08 
4.84213e-05 3.94462e-08 
4.70493e-05 5.9336e-08 
4.51626e-05 7.85468e-08 
4.27817e-05 9.68685e-08 
3.99329e-05 1.14101e-07 
3.66473e-05 1.30055e-07 
3.29608e-05 1.44557e-07 
2.8914e-05 1.57447e-07 
2.4551e-05 1.68586e-07 
1.99198e-05 1.7785e-07 
1.5071e-05 1.8514e-07 
1.00577e-05 1.90375e-07 
4.93489e-06 1.93499e-07 
-2.41319e-07 1.94477e-07 
-5.41423e-06 1.93298e-07 
-1.05272e-05 1.89977e-07 
-1.55242e-05 1.8455e-07 
-2.03504e-05 1.77076e-07 
-2.49531e-05 1.67638e-07 
-2.92818e-05 1.56339e-07 
-3.3289e-05 1.43303e-07 
-3.69309e-05 1.28674e-07 
-4.01676e-05 1.12612e-07 
-4.29636e-05 9.52929e-08 
-4.52884e-05 7.69071e-08 
-4.71163e-05 5.76561e-08 
-4.84275e-05 3.77512e-08 
-4.92075e-05 1.74105e-08 
-4.94478e-05 -3.14265e-09 
-4.91458e-05 -2.3683e-08 
-4.83048e-05 -4.39852e-08 
-4.69341e-05 -6.38267e-08 
-4.50486e-05 -8.29897e-08 
-4.26689e-05 -1.01264e-07 
-3.98213e-05 -1.1845e-07 
-3.65369e-05 -1.34358e-07 
-3.28516e-05 -1.48814e-07 
-2.88059e-05 -1.61659e-07 
-2.44441e-05 -1.72753e-07 
-1.9814e-05 -1.81973e-07 
-1.49663e-05 -1.89219e-07 
-9.95415e-06 -1.94411e-07 
-4.83245e-06 -1.97491e-07 
3.42669e-07 -1.98427e-07 
5.51451e-06 -1.97206e-07 
1.06264e-05 -1.93844e-07 
1.56223e-05 -1.88375e-07 
2.04475e-05 -1.80861e-07 
2.50492e-05 -1.71382e-07 
2.93768e-05 -1.60043e-07 
3.33831e-05 -1.46968e-07 
3.7024e-05 -1.323e-07 
4.02597e-05 -1.162e-07 
4.30547e-05 -9.88424e-08 
4.53785e-05 -8.04188e-08 
4.72055e-05 -6.11305e-08 
4.85157e-05 -4.11886e-08 
4.92948e-05 -2.08114e-08 
4.95342e-05 -2.22088e-10 
4.92312e-05 2.0354e-08 
4.83894e-05 4.06917e-08 
4.70177e-05 6.05681e-08 
4.51313e-05 7.97658e-08 
4.27508e-05 9.80746e-08 
3.99023e-05 1.15294e-07 
3.6617e-05 1.31235e-07 
3.29309e-05 1.45725e-07 
2.88843e-05 1.58603e-07 
2.45217e-05 1.69729e-07 
1.98908e-05 1.78982e-07 
1.50422e-05 1.86259e-07 
