0 
-1.8006e-05 
-6.55586e-05 
-0.000131718 
-0.000208861 
-0.000291576 
-0.000375935 
-0.000459016 
-0.000538589 
-0.000612912 
-0.000680596 
-0.000740526 
-0.000791799 
-0.000833694 
-0.00086565 
-0.000887255 
-0.000898233 
-0.00089844 
-0.000887865 
-0.000866618 
-0.000834934 
-0.000793163 
-0.00074177 
-0.000681323 
-0.000612495 
-0.000536046 
-0.000452825 
-0.000363751 
-0.00026981 
-0.00017204 
-7.15215e-05 
3.06352e-05 
0.000133302 
0.000235344 
0.000335636 
0.00043307 
0.000526569 
0.000615101 
0.000697686 
0.000773412 
0.000841441 
0.000901019 
0.000951485 
0.000992278 
0.00102294 
0.00104314 
0.00105263 
0.00105131 
0.00103919 
0.00101638 
0.000983138 
0.000939814 
0.000886875 
0.000824895 
0.000754546 
0.000676592 
0.000591878 
0.000501328 
0.000405925 
0.000306708 
0.000204758 
0.000101185 
-2.88301e-06 
-0.000106312 
-0.000207976 
-0.000306768 
-0.00040161 
-0.00049147 
-0.00057537 
-0.000652397 
-0.000721713 
-0.000782564 
-0.00083429 
-0.000876329 
-0.000908228 
-0.000929642 
-0.000940342 
-0.000940217 
-0.000929273 
-0.000907637 
-0.00087555 
-0.000833369 
-0.000781562 
-0.000720703 
-0.000651462 
-0.000574603 
-0.000490975 
-0.000401497 
-0.000307156 
-0.000208989 
-0.000108079 
-5.5335e-06 
9.75175e-05 
0.000199941 
0.000300609 
0.000398415 
0.000492282 
0.000581179 
0.000664125 
0.000740208 
0.00080859 
0.000868517 
0.000919329 
0.000960464 
0.000991468 
0.001012 
0.00102182 
0.00102083 
0.00100903 
0.000986544 
0.000953618 
0.000910607 
0.000857979 
0.000796307 
0.000726262 
0.000648608 
0.000564192 
0.000473936 
0.000378824 
0.000279896 
0.000178231 
7.494e-05 
-2.88491e-05 
-0.000132002 
-0.000233393 
-0.000331914 
-0.000426489 
-0.000516084 
-0.000599723 
-0.000676491 
-0.00074555 
-0.000806148 
-0.000857623 
-0.000899414 
-0.000931067 
-0.000952238 
-0.000962698 
-0.000962335 
-0.000951157 
-0.000929287 
-0.00089697 
-0.000854562 
-0.00080253 
-0.000741447 
-0.000671985 
-0.000594909 
-0.000511064 
-0.000421373 
-0.00032682 
-0.000228445 
-0.000127327 
-2.45774e-05 
7.86761e-05 
0.000181299 
0.000282166 
0.000380168 
0.00047423 
0.000563318 
0.000646454 
0.000722725 
0.000791293 
0.000851404 
0.000902398 
0.000943713 
0.000974895 
0.0009956 
0.0010056 
0.00100478 
0.000993149 
0.000970834 
0.000938075 
0.000895229 
0.000842765 
0.000781254 
0.000711369 
0.000633874 
0.000549615 
0.000459514 
0.000364555 
0.000265779 
0.000164264 
6.11214e-05 
-4.25207e-05 
-0.000145529 
-0.000246776 
-0.000345154 
-0.000439588 
-0.000529044 
-0.000612545 
-0.000689177 
-0.000758101 
-0.000818565 
-0.000869908 
-0.000911569 
-0.000943093 
-0.000964136 
-0.000974469 
-0.000973981 
-0.000962679 
-0.000940687 
-0.000908248 
-0.00086572 
-0.00081357 
-0.000752369 
-0.000682792 
-0.0006056 
-0.000521642 
-0.000431838 
-0.000337174 
-0.000238689 
-0.000137462 
-3.46045e-05 
6.87557e-05 
0.000171485 
0.000272456 
0.000370561 
0.000464725 
0.000553914 
0.00063715 
0.00071352 
0.000782186 
0.000842394 
0.000893483 
0.000934893 
0.000966169 
0.000986967 
0.000997057 
0.000996329 
0.000984789 
0.000962562 
0.000929891 
0.000887132 
0.000834754 
0.000773329 
0.000703528 
0.000626116 
0.000541939 
0.00045192 
0.000357042 
0.000258346 
0.00015691 
5.38456e-05 
-4.97191e-05 
-0.000152651 
-0.000253822 
-0.000352125 
-0.000446485 
-0.000535868 
-0.000619296 
-0.000695856 
-0.00076471 
-0.000825103 
-0.000876377 
-0.000917969 
-0.000949425 
-0.0009704 
-0.000980667 
-0.000980113 
-0.000968745 
-0.000946689 
-0.000914187 
-0.000871595 
-0.000819382 
-0.00075812 
-0.000688481 
-0.000611229 
-0.000527211 
-0.000437348 
-0.000342626 
-0.000244082 
-0.000142798 
-3.98839e-05 
6.35324e-05 
0.000166317 
0.000267343 
0.000365503 
0.00045972 
0.000548962 
0.000632251 
0.000708673 
0.00077739 
0.000837649 
0.000888789 
0.00093025 
0.000961575 
0.000982421 
0.00099256 
0.00099188 
0.000980387 
0.000958207 
0.000925582 
0.000882869 
0.000830536 
0.000769156 
0.000699399 
0.000622031 
0.000537898 
0.000447922 
0.000353087 
0.000254432 
0.000153038 
5.00147e-05 
-5.35092e-05 
-0.0001564 
-0.000257532 
-0.000355796 
-0.000450117 
-0.000539461 
-0.000622851 
-0.000699373 
-0.000768189 
-0.000828546 
-0.000879783 
-0.000921338 
-0.000952758 
-0.000973699 
-0.00098393 
-0.000983342 
-0.000971939 
-0.000949849 
-0.000917313 
-0.000874689 
-0.000822443 
-0.000761148 
-0.000691477 
-0.000614193 
-0.000530143 
-0.000440249 
-0.000345496 
-0.000246922 
-0.000145608 
-4.26636e-05 
6.07822e-05 
0.000163596 
0.000264651 
0.000362839 
0.000457085 
0.000546355 
0.000629672 
0.000706121 
0.000774866 
0.000835152 
0.000886318 
0.000927804 
0.000959156 
0.000980028 
0.000990192 
0.000989537 
0.000978069 
0.000955914 
0.000923313 
0.000880625 
0.000828316 
0.000766959 
0.000697226 
0.000619881 
0.00053577 
0.000445816 
0.000351004 
0.000252371 
0.000150999 
4.79977e-05 
-5.55048e-05 
-0.000158375 
-0.000259485 
-0.000357728 
-0.000452029 
-0.000541353 
-0.000624722 
-0.000701224 
-0.000770021 
-0.000830358 
-0.000881576 
-0.000923113 
-0.000954514 
-0.000975435 
-0.000985648 
-0.000985042 
-0.000973621 
-0.000951513 
-0.00091896 
-0.000876317 
-0.000824054 
-0.000762742 
-0.000693054 
-0.000615754 
-0.000531687 
-0.000441777 
-0.000347007 
-0.000248417 
-0.000147087 
-4.41272e-05 
5.93342e-05 
0.000162163 
0.000263233 
0.000361437 
0.000455698 
0.000544983 
0.000628314 
0.000704778 
0.000773536 
0.000833836 
0.000885017 
0.000926517 
0.000957882 
0.000978768 
0.000988945 
0.000988303 
0.000976849 
0.000954706 
0.000922119 
0.000879443 
0.000827146 
0.000765802 
0.000696081 
0.000618748 
0.00053465 
0.000444708 
0.000349907 
0.000251286 
0.000149926 
4.69357e-05 
-5.65555e-05 
-0.000159414 
-0.000260514 
-0.000358746 
-0.000453035 
-0.000542349 
-0.000625708 
-0.000702199 
-0.000770985 
-0.000831313 
-0.00088252 
-0.000924047 
-0.000955438 
-0.00097635 
-0.000986553 
-0.000985937 
-0.000974507 
-0.000952389 
-0.000919826 
-0.000877175 
-0.000824903 
-0.000763582 
-0.000693885 
-0.000616575 
-0.0005325 
-0.000442581 
-0.000347803 
-0.000249205 
-0.000147866 
-4.48978e-05 
5.85718e-05 
0.000161409 
0.000262487 
0.000360698 
0.000454967 
0.00054426 
0.000627599 
0.00070407 
0.000772836 
0.000833144 
0.000884332 
0.000925839 
0.000957211 
0.000978104 
0.000988289 
0.000987654 
0.000976206 
0.00095407 
0.00092149 
0.000878821 
0.000826531 
0.000765193 
0.000695479 
0.000618152 
0.00053406 
0.000444124 
0.00034933 
0.000250715 
