0.0 0.0
-1.80059796765e-06 -3.75124576594e-10
-2.95466755092e-06 -1.36580489296e-09
-3.66129632058e-06 -2.74413069953e-09
-4.05301821238e-06 -4.35127956056e-09
-4.2184759005e-06 -6.07450750075e-09
-4.21742608389e-06 -7.83198708083e-09
-4.09066962752e-06 -9.56284035404e-09
-3.86661728896e-06 -1.12206084616e-08
-3.56562458133e-06 -1.27689921846e-08
-3.20284694566e-06 -1.41790904194e-08
-2.7901130905e-06 -1.54276237603e-08
-2.33714654204e-06 -1.64958028504e-08
-1.85235428351e-06 -1.73686155224e-08
-1.34332772198e-06 -1.80343826069e-08
-8.17152444056e-07 -1.84844826414e-08
-2.80590910145e-07 -1.87131791736e-08
2.59819163743e-07 -1.87175066207e-08
7.97722167137e-07 -1.84971855101e-08
1.32693852323e-06 -1.80545478663e-08
1.84148223725e-06 -1.73944602079e-08
2.33559325023e-06 -1.6524236148e-08
2.80377853219e-06 -1.54535336933e-08
3.24085767906e-06 -1.41942344826e-08
3.64201000725e-06 -1.27603037147e-08
4.00282096801e-06 -1.11676305948e-08
4.31932627305e-06 -9.43384991959e-09
4.58805251824e-06 -7.57814600474e-09
4.80605337765e-06 -5.62104060976e-09
4.97094065115e-06 -3.58416685376e-09
5.08090961329e-06 -1.490031382e-09
5.13475824534e-06 6.3823275521e-10
5.13190004671e-06 2.77711989939e-09
5.07237022366e-06 4.90300953905e-09
4.95682514664e-06 6.99242524119e-09
4.78653505515e-06 9.0222919499e-09
4.56337007219e-06 1.09701888514e-08
4.28977966958e-06 1.28145950476e-08
3.96876580106e-06 1.4535125354e-08
3.60384999291e-06 1.61127536444e-08
3.19903474834e-06 1.75300212989e-08
2.75875968712e-06 1.87712284729e-08
2.28785289863e-06 1.98226060949e-08
1.79147804115e-06 2.06724667074e-08
1.27507776544e-06 2.13113325004e-08
7.44314082927e-07 2.17320391355e-08
2.05006330688e-07 2.19298142217e-08
-3.36932586543e-07 2.1902329585e-08
-8.75560979545e-07 2.16497267588e-08
-1.40497347272e-06 2.11746154145e-08
-1.91936570456e-06 2.04820447526e-08
-2.41309792089e-06 1.9579448164e-08
-2.88075676509e-06 1.84765617711e-08
-3.3172145874e-06 1.71853177393e-08
-3.71768562423e-06 1.57197135285e-08
-4.07777843145e-06 1.40956585169e-08
-4.39354399772e-06 1.23307996775e-08
-4.66151901014e-06 1.04443282176e-08
-4.87876379865e-06 8.45676929907e-09
-5.04289454327e-06 6.38975714451e-09
-5.15210939131e-06 4.26579799147e-09
-5.20520819843e-06 2.10802349361e-09
-5.20160567726e-06 -6.00627304982e-11
-5.14133780956e-06 -2.21484262359e-09
-5.02506145157e-06 -4.33284246965e-09
-4.85404713695e-06 -6.39099009226e-09
-4.6301651562e-06 -8.36686765334e-09
-4.35586506498e-06 -1.02389572827e-08
-4.03414884577e-06 -1.19868768475e-08
-3.66853801734e-06 -1.35916032773e-08
-3.2630350517e-06 -1.5035681e-08
-2.82207952195e-06 -1.63034132029e-08
-2.35049946085e-06 -1.73810338243e-08
-1.85345846375e-06 -1.82568583919e-08
-1.33639911457e-06 -1.89214120541e-08
-8.04983355543e-07 -1.9367533402e-08
-2.65030453306e-07 -1.95904529455e-08
2.77546758452e-07 -1.95878453819e-08
8.16806661676e-07 -1.93598550861e-08
1.34684395177e-06 -1.89090945416e-08
1.86185433783e-06 -1.82406157313e-08
2.35619813585e-06 -1.73618547993e-08
2.82446205876e-06 -1.6282550592e-08
3.26151852572e-06 -1.50146379703e-08
3.66258184141e-06 -1.35721170605e-08
4.02326062932e-06 -1.19708998791e-08
4.339605945e-06 -1.02286360094e-08
4.60815454179e-06 -8.36451924132e-09
4.82596681514e-06 -6.39907729196e-09
4.99065900994e-06 -4.35394691173e-09
5.10042933764e-06 -2.25163683932e-09
5.1540777174e-06 -1.15281202853e-10
5.15101892464e-06 2.0316139309e-09
5.09128900327e-06 4.16542808255e-09
4.97554487103e-06 6.2626851397e-09
4.80505712241e-06 8.300310555e-09
4.58169610808e-06 1.02558841447e-08
4.30791144325e-06 1.21078857179e-08
3.98670516932e-06 1.38359308455e-08
3.62159886335e-06 1.54209941856e-08
3.216595055e-06 1.68456179186e-08
2.77613337444e-06 1.80941030081e-08
2.30504191087e-06 1.91526811925e-08
1.80848431549e-06 2.0009665823e-08
1.29190322747e-06 2.06555798945e-08
7.60960643711e-07 2.10832598676e-08
2.21475884931e-07 2.12879341444e-08
-3.20638161671e-07 2.12672753368e-08
-8.59439825099e-07 2.10214257562e-08
-1.38902374838e-06 2.05529958451e-08
-1.9035855888e-06 1.98670355665e-08
-2.39748561106e-06 1.89709790665e-08
-2.86531047739e-06 1.78745632148e-08
-3.30193255675e-06 1.6589720916e-08
-3.70256610419e-06 1.51304503616e-08
-4.06281969405e-06 1.35126616536e-08
-4.3787443333e-06 1.17540024813e-08
-4.64687672719e-06 9.87366476034e-09
-4.8642772236e-06 7.89217435393e-09
-5.02856202034e-06 5.83116617811e-09
-5.13792928232e-06 3.71314715672e-09
-5.1911788826e-06 1.56124962236e-09
-5.18772555105e-06 -6.01022134653e-10
-5.12760528647e-06 -2.75004939247e-09
-5.01147496197e-06 -4.86235777756e-09
-4.84060512791e-06 -6.91487446295e-09
-4.61686609129e-06 -8.88518096695e-09
-4.34270742412e-06 -1.07517587827e-08
-4.02113112503e-06 -1.24942251471e-08
-3.65565872881e-06 -1.40935563666e-08
-3.25029272326e-06 -1.55322962525e-08
-2.80947269714e-06 -1.67947473817e-08
-2.33802669872e-06 -1.78671430892e-08
-1.84111833865e-06 -1.87377983053e-08
-1.32419021603e-06 -1.93972375875e-08
-7.92904288077e-07 -1.98382989426e-08
-2.53079836273e-07 -2.00562123018e-08
2.89370291012e-07 -2.00486517904e-08
8.28504461195e-07 -1.9815761217e-08
1.35841735531e-06 -1.93601525052e-08
1.87330466824e-06 -1.86868770837e-08
2.3675267019e-06 -1.78033705482e-08
2.83567015531e-06 -1.6719371203e-08
3.27260743385e-06 -1.54468133719e-08
3.6735528286e-06 -1.39996966505e-08
4.03411494955e-06 -1.23939325301e-08
4.35034483893e-06 -1.06471700742e-08
4.61877923687e-06 -8.77860255837e-09
4.83647852578e-06 -6.80875719115e-09
5.00105893763e-06 -4.75927021961e-09
5.1107186711e-06 -2.65264988445e-09
5.16425763269e-06 -5.12029821162e-10
5.16109058534e-06 1.63908439093e-09
5.10125356058e-06 3.77707275466e-09
4.98540346389e-06 5.87845963476e-09
4.81481087766e-06 7.92017095592e-09
4.59134614058e-06 9.87978700138e-09
4.317458856e-06 1.17357880423e-08
3.9961510536e-06 1.34677901068e-08
3.63094429882e-06 1.50567683053e-08
3.22584110986e-06 1.64852652654e-08
2.7852811055e-06 1.77375823936e-08
2.31409236372e-06 1.87999518664e-08
1.8174385246e-06 1.96606874681e-08
1.30076221631e-06 2.03103126224e-08
7.69725424874e-07 2.07416642144e-08
2.30147460229e-07 2.09499710654e-08
-3.12058801075e-07 2.09329062027e-08
-8.50951698581e-07 2.06906123487e-08
-1.38062588575e-06 2.02257003519e-08
-1.89527703017e-06 1.95432205778e-08
-2.38926540676e-06 1.86506075701e-08
-2.85717768785e-06 1.7557598592e-08
-3.2938862524e-06 1.62761269378e-08
-3.69460536532e-06 1.48201911841e-08
-4.05494361075e-06 1.32057018141e-08
-4.37095200534e-06 1.14503068941e-08
-4.63916726389e-06 9.573198713e-09
-4.85664974377e-06 7.59490350307e-09
-5.02101565216e-06 5.53705654558e-09
-5.13046316324e-06 3.4221651257e-09
-5.18379215924e-06 1.27336193352e-09
-5.1804173791e-06 -8.8584838697e-10
-5.1203748306e-06 -3.03184676399e-09
-5.00432139575e-06 -5.14115847782e-09
-4.83352763368e-06 -7.19071035895e-09
-4.60986386009e-06 -9.15808358682e-09
-4.33577965559e-06 -1.10217593192e-08
-4.01427702733e-06 -1.27613544615e-08
-3.6488775185e-06 -1.43578449919e-08
-3.24358362526e-06 -1.57937743969e-08
-2.80283494459e-06 -1.70534449322e-08
-2.33145953293e-06 -1.81230896151e-08
-1.83462100899e-06 -1.89910230613e-08
-1.31776197984e-06 -1.96477695173e-08
-7.86544410623e-07 -2.0086166682e-08
-2.46787590614e-07 -2.03014441822e-08
2.95595624081e-07 -2.02912758419e-08
8.34663593232e-07 -2.00558051717e-08
1.36451099031e-06 -1.95976438001e-08
1.8793335027e-06 -1.8921842864e-08
2.37349142492e-06 -1.80358376708e-08
2.84157144866e-06 -1.69493662388e-08
3.27844597205e-06 -1.56743626095e-08
3.679329279e-06 -1.42248260988e-08
4.0398299724e-06 -1.26166679215e-08
4.35599908745e-06 -1.08675368673e-08
4.62437335735e-06 -8.99662594132e-09
4.84201315763e-06 -7.02446208403e-09
5.00653471346e-06 -4.97268127756e-09
5.11613621679e-06 -2.86379150042e-09
5.16961756747e-06 -7.20926128701e-10
5.16639352185e-06 1.43240951491e-09
5.10650010494e-06 3.57259568716e-09
4.9905942158e-06 5.67615700398e-09
4.81994643041e-06 7.7200196386e-09
4.59642708117e-06 9.68176412018e-09
4.32248576518e-06 1.15398709632e-08
4.00112450595e-06 1.32739564363e-08
3.63586486281e-06 1.48649958881e-08
3.2307093479e-06 1.6295532182e-08
2.79009757404e-06 1.75498669575e-08
2.31885761329e-06 1.86142326215e-08
1.82215309986e-06 1.94769431867e-08
1.30542665615e-06 2.01285223026e-08
7.74340262423e-07 2.05618070773e-08
2.34713222973e-07 2.07720265534e-08
-3.07541591268e-07 2.07568539766e-08
-8.46482525392e-07 2.05164322857e-08
-1.37620423835e-06 2.00533725432e-08
-1.89090240316e-06 1.93727253263e-08
-2.38493730014e-06 1.84819253881e-08
-2.8528956069e-06 1.73907101991e-08
-3.28964970766e-06 1.61110132586e-08
-3.69041387257e-06 1.4656833346e-08
-4.05079669091e-06 1.30440811453e-08
-4.3668491844e-06 1.12904049213e-08
-4.6351080729e-06 9.41499715933e-09
-4.85263371877e-06 7.43838428607e-09
-5.01704233411e-06 5.38220177505e-09
-5.12653209799e-06 3.26895710169e-09
-5.17990289747e-06 1.12178314431e-09
-5.17656947626e-06 -1.03581526689e-09
-5.11656784688e-06 -3.18021887587e-09
-5.00055489601e-06 -5.28795278064e-09
-4.8298011874e-06 -7.33594363135e-09
-4.60617704135e-06 -9.30177242901e-09
-4.33213204297e-06 -1.11639201549e-08
-4.01066820392e-06 -1.29020035397e-08
-3.64530707181e-06 -1.44969983888e-08
-3.24005114717e-06 -1.59314480177e-08
-2.79934003136e-06 -1.71896545133e-08
-2.32800178507e-06 -1.8257850725e-08
-1.83120003129e-06 -1.91243511034e-08
-1.31437738128e-06 -1.9779679731e-08
-7.83195804339e-07 -2.02166741447e-08
-2.43474593861e-07 -2.0430563811e-08
2.98873389979e-07 -2.04190223952e-08
8.37906502926e-07 -2.01821932508e-08
1.36771941446e-06 -1.97226878513e-08
1.88250780804e-06 -1.904555718e-08
2.37663197427e-06 -1.8158236392e-08
2.84467860098e-06 -1.70704633555e-08
3.2815200825e-06 -1.57941719631e-08
3.68237069894e-06 -1.43433613836e-08
4.04283904947e-06 -1.2733942686e-08
4.35897616559e-06 -1.09835645162e-08
4.62731877684e-06 -9.11141973657e-09
4.84492725513e-06 -7.13803514658e-09
5.00941782205e-06 -5.08504658883e-09
5.11898866602e-06 -2.97496190382e-09
5.17243968337e-06 -8.30914331027e-10
5.16918562699e-06 1.32359094196e-09
5.10926251846e-06 3.4649343056e-09
4.99332725343e-06 5.56964050808e-09
4.82265040455e-06 7.61463585349e-09
4.59910230089e-06 9.57750100046e-09
4.32513253625e-06 1.14367165915e-08
4.0037431309e-06 1.31718990222e-08
3.63845564095e-06 1.47640237663e-08
3.23327257536e-06 1.61956338114e-08
2.79263354379e-06 1.74510309195e-08
2.32136661519e-06 1.85164476193e-08
1.8246354207e-06 1.93801980435e-08
1.30788257965e-06 2.00328059602e-08
7.76770069307e-07 2.04671085954e-08
2.37117190963e-07 2.0678335108e-08
-3.05163187398e-07 2.06641588587e-08
-8.4412941379e-07 2.04247229001e-08
-1.37387615005e-06 1.99626384077e-08
-1.88859907207e-06 1.92829560697e-08
-2.38265846298e-06 1.83931107499e-08
-2.8506410032e-06 1.73028400278e-08
-3.28741907973e-06 1.60240775105e-08
-3.68820696544e-06 1.45708220844e-08
-4.04861325232e-06 1.29589845391e-08
-4.36468896479e-06 1.12062132438e-08
-4.63297082536e-06 9.33170078757e-09
-4.85051919901e-06 7.35597369916e-09
-5.01495030044e-06 5.30066755344e-09
-5.12446231128e-06 3.188289926e-09
-5.17785512115e-06 1.04197379424e-09
-5.17454347628e-06 -1.11477591356e-09
-5.11456339165e-06 -3.25833984438e-09
-4.99857175643e-06 -5.36524300023e-09
-4.82783913679e-06 -7.41241193631e-09
-4.60423585545e-06 -9.3774275597e-09
-4.33021149991e-06 -1.12387707587e-08
-4.00876808417e-06 -1.29760581721e-08
-3.64342715819e-06 -1.45702655142e-08
-3.23819122481e-06 -1.60039360107e-08
-2.79749988766e-06 -1.72613716591e-08
-2.32618120971e-06 -1.83288052211e-08
-1.82939881617e-06 -1.91945510598e-08
-1.31259532053e-06 -1.98491331716e-08
-7.81432694259e-07 -2.0285389008e-08
-2.41730232932e-07 -2.04985479512e-08
3.00599201139e-07 -2.04862835828e-08
8.39613961577e-07 -2.02487391739e-08
1.36940871577e-06 -1.97885261161e-08
1.88417914509e-06 -1.91106953118e-08
2.37828553809e-06 -1.82226818361e-08
2.84631458059e-06 -1.71342234781e-08
3.28313866488e-06 -1.58572540519e-08
3.6839720691e-06 -1.4405772649e-08
4.04442339044e-06 -1.27956902616e-08
4.36054365846e-06 -1.10446554598e-08
4.62886960078e-06 -9.17186103075e-09
4.8464615874e-06 -7.19783369988e-09
5.01093583802e-06 -5.14420923625e-09
5.1204905392e-06 -3.03349540766e-09
5.17392558543e-06 -8.88825381698e-10
5.17065572777e-06 1.26629572522e-09
5.11071698599e-06 3.40824837392e-09
4.99476625396e-06 5.51355738224e-09
4.82407410255e-06 7.55914912318e-09
4.60051085909e-06 9.52260432352e-09
4.32652611566e-06 1.13824036933e-08
4.0051218908e-06 1.31181636946e-08
3.63981973893e-06 1.47108598675e-08
3.23462216733e-06 1.61430352646e-08
2.79396878402e-06 1.73989917128e-08
2.3226876563e-06 1.84649618045e-08
1.82594241368e-06 1.93292597358e-08
1.30917567389e-06 1.99824093374e-08
7.78049412606e-07 2.0417247897e-08
2.38382929552e-07 2.0629004635e-08
-3.03910908844e-07 2.06153529726e-08
-8.42890452135e-07 2.03764360224e-08
-1.37265036368e-06 1.99148650191e-08
-1.88738632088e-06 1.92356907099e-08
-2.38145860835e-06 1.83463480163e-08
-2.84945390798e-06 1.72565745754e-08
-3.28624460824e-06 1.59783040512e-08
-3.68704498344e-06 1.45255353862e-08
-4.04746362699e-06 1.29141794257e-08
-4.36355156474e-06 1.11618845941e-08
-4.63184552057e-06 9.28784353466e-09
-4.84940586086e-06 7.3125828302e-09
-5.01384880168e-06 5.25773810883e-09
-5.12337252601e-06 3.1458169989e-09
-5.17677692481e-06 9.99952529977e-10
-5.17347674561e-06 -1.15635031803e-09
-5.11350800475e-06 -3.29947214102e-09
-4.99752759265e-06 -5.40593789048e-09
-4.8268060768e-06 -7.45267407161e-09
-4.60321378115e-06 -9.41726154202e-09
-4.32920029448e-06 -1.12781811411e-08
-4.00776763204e-06 -1.30150494591e-08
-3.642437345e-06 -1.46088421627e-08
-3.23721193743e-06 -1.60421024299e-08
-2.79653101415e-06 -1.72991322114e-08
-2.32522263933e-06 -1.83661642226e-08
-1.82845043936e-06 -1.92315127806e-08
-1.31165702889e-06 -1.98857018365e-08
-7.8050438054e-07 -2.03215687968e-08
-2.40811791026e-07 -2.05343429992e-08
3.0150787621e-07 -2.05216979815e-08
8.40512973675e-07 -2.02837769711e-08
1.37029816765e-06 -1.98231913167e-08
1.88505913842e-06 -1.91449918779e-08
2.37915617345e-06 -1.82566136879e-08
2.8471759575e-06 -1.7167794494e-08
3.28399088179e-06 -1.58904680691e-08
3.68481522342e-06 -1.44386334639e-08
4.04525757854e-06 -1.28282016301e-08
4.3613689757e-06 -1.1076821098e-08
4.62968614148e-06 -9.20368461525e-09
4.8472694449e-06 -7.22931886809e-09
5.01173510465e-06 -5.17535958693e-09
5.12128130633e-06 -3.06431450131e-09
5.17470794343e-06 -9.19316740943e-10
5.17142976606e-06 1.2361286152e-09
5.11148279306e-06 3.37840206502e-09
4.99552391733e-06 5.48402846302e-09
4.82482370883e-06 7.52993421847e-09
4.60125249396e-06 9.49370009405e-09
4.32725986388e-06 1.13538068353e-08
4.00584783624e-06 1.30898709395e-08
3.64053796457e-06 1.46828679813e-08
3.23533275526e-06 1.61153410479e-08
2.79467181546e-06 1.73715920002e-08
2.32338321161e-06 1.84378534641e-08
1.82663057236e-06 1.93024396691e-08
1.3098565146e-06 1.99558744789e-08
7.78723013165e-07 2.03909952139e-08
2.39049366952e-07 2.06030311264e-08
-3.03251558429e-07 2.05896556698e-08
-8.42238113342e-07 2.03510119882e-08
-1.37200496195e-06 1.98897113475e-08
-1.88674778244e-06 1.92108045258e-08
-2.3808268602e-06 1.83217264752e-08
-2.84882887794e-06 1.72322148631e-08
-3.28562622485e-06 1.59542033834e-08
-3.68643317602e-06 1.45016910082e-08
-4.04685832562e-06 1.2890588612e-08
-4.36295270022e-06 1.11385446483e-08
-4.63125302446e-06 9.26475178899e-09
-4.84881966543e-06 7.28973664526e-09
-5.01326883993e-06 5.23513487331e-09
-5.12279873166e-06 3.12345412923e-09
-5.17620923225e-06 9.77827470083e-10
-5.17291508998e-06 -1.17824009705e-09
-5.11295232184e-06 -3.32112914118e-09
-4.99697781895e-06 -5.42736458718e-09
-4.82626214946e-06 -7.47387291393e-09
-4.60267563801e-06 -9.43823495298e-09
-4.32866787403e-06 -1.1298931518e-08
-4.00724087342e-06 -1.30355791737e-08
-3.641916188e-06 -1.46291535615e-08
-3.23669632248e-06 -1.60621978345e-08
-2.79602088233e-06 -1.73190139189e-08
-2.32471793232e-06 -1.83858345052e-08
-1.82795109947e-06 -1.92509738869e-08
-1.31116299904e-06 -1.99049559907e-08
-7.80015604274e-07 -2.03406181997e-08
-2.40328212473e-07 -2.05531898282e-08
3.01986312324e-07 -2.05403443908e-08
8.40986322034e-07 -2.03022250919e-08
1.37076648236e-06 -1.98414432577e-08
1.88552247301e-06 -1.91630497253e-08
2.37961458088e-06 -1.82744795058e-08
2.84762949015e-06 -1.71854703243e-08
3.28443959152e-06 -1.59079559323e-08
3.68525916151e-06 -1.44559353587e-08
4.04569679573e-06 -1.28453195343e-08
4.3618035222e-06 -1.10937569681e-08
4.63011606695e-06 -9.22044038701e-09
4.84769479849e-06 -7.24589645671e-09
5.01215593497e-06 -5.19176088724e-09
5.12169766148e-06 -3.08054138797e-09
5.17511987101e-06 -9.35371068707e-10
5.17183731315e-06 1.22024501133e-09
5.11188600623e-06 3.36268736953e-09
4.99592284268e-06 5.46848087972e-09
4.82521839195e-06 7.51455197027e-09
4.60164297997e-06 9.47848142275e-09
4.32764619741e-06 1.13387500014e-08
4.00623006144e-06 1.3074974222e-08
3.64091612514e-06 1.46681296775e-08
3.23570689442e-06 1.61007594732e-08
2.79504197598e-06 1.73571654879e-08
2.32374943579e-06 1.84235803654e-08
1.82699290206e-06 1.92883183524e-08
1.31021499124e-06 1.99419033302e-08
7.79077677714e-07 2.03771726362e-08
2.3940025995e-07 2.05893555399e-08
-3.02904396875e-07 2.05761255114e-08
-8.4189464355e-07 2.03376257113e-08
-1.37166514466e-06 1.98764674221e-08
-1.88641157881e-06 1.9197701438e-08
-2.38049423181e-06 1.83087627275e-08
-2.84849978676e-06 1.72193889736e-08
-3.28530063327e-06 1.59415138861e-08
-3.68611104683e-06 1.44891364527e-08
-4.04653962199e-06 1.28781675634e-08
-4.36263738573e-06 1.11262556868e-08
-4.63094106307e-06 9.25259350996e-09
-4.84851102148e-06 7.27770765901e-09
