0.0
0.104528463268
0.207911690818
0.309016994375
0.406736643076
0.5
0.587785252292
0.669130606359
0.743144825477
0.809016994375
0.866025403784
0.913545457643
0.951056516295
0.978147600734
0.994521895368
1.0
0.994521895368
0.978147600734
0.951056516295
0.913545457643
0.866025403784
0.809016994375
0.743144825477
0.669130606359
0.587785252292
0.5
0.406736643076
0.309016994375
0.207911690818
0.104528463268
1.22464679915e-16
-0.104528463268
-0.207911690818
-0.309016994375
-0.406736643076
-0.5
-0.587785252292
-0.669130606359
-0.743144825477
-0.809016994375
-0.866025403784
-0.913545457643
-0.951056516295
-0.978147600734
-0.994521895368
-1.0
-0.994521895368
-0.978147600734
-0.951056516295
-0.913545457643
-0.866025403784
-0.809016994375
-0.743144825477
-0.669130606359
-0.587785252292
-0.5
-0.406736643076
-0.309016994375
-0.207911690818
-0.104528463268
-2.44929359829e-16
0.104528463268
0.207911690818
0.309016994375
0.406736643076
0.5
0.587785252292
0.669130606359
0.743144825477
0.809016994375
0.866025403784
0.913545457643
0.951056516295
0.978147600734
0.994521895368
1.0
0.994521895368
0.978147600734
0.951056516295
0.913545457643
0.866025403784
0.809016994375
0.743144825477
0.669130606359
0.587785252292
0.5
0.406736643076
0.309016994375
0.207911690818
0.104528463268
3.67394039744e-16
-0.104528463268
-0.207911690818
-0.309016994375
-0.406736643076
-0.5
-0.587785252292
-0.669130606359
-0.743144825477
-0.809016994375
-0.866025403784
-0.913545457643
-0.951056516295
-0.978147600734
-0.994521895368
-1.0
-0.994521895368
-0.978147600734
-0.951056516295
-0.913545457643
-0.866025403784
-0.809016994375
-0.743144825477
-0.669130606359
-0.587785252292
-0.5
-0.406736643076
-0.309016994375
-0.207911690818
-0.104528463268
-4.89858719659e-16
0.104528463268
0.207911690818
0.309016994375
0.406736643076
0.5
0.587785252292
0.669130606359
0.743144825477
0.809016994375
0.866025403784
0.913545457643
0.951056516295
0.978147600734
0.994521895368
1.0
0.994521895368
0.978147600734
0.951056516295
0.913545457643
0.866025403784
0.809016994375
0.743144825477
0.669130606359
0.587785252292
0.5
0.406736643076
0.309016994375
0.207911690818
0.104528463268
-1.16403343983e-15
-0.104528463268
-0.207911690818
-0.309016994375
-0.406736643076
-0.5
-0.587785252292
-0.669130606359
-0.743144825477
-0.809016994375
-0.866025403784
-0.913545457643
-0.951056516295
-0.978147600734
-0.994521895368
-1.0
-0.994521895368
-0.978147600734
-0.951056516295
-0.913545457643
-0.866025403784
-0.809016994375
-0.743144825477
-0.669130606359
-0.587785252292
-0.5
-0.406736643076
-0.309016994375
-0.207911690818
-0.104528463268
-7.34788079488e-16
0.104528463268
0.207911690818
0.309016994375
0.406736643076
0.5
0.587785252292
0.669130606359
0.743144825477
0.809016994375
0.866025403784
0.913545457643
0.951056516295
0.978147600734
0.994521895368
1.0
0.994521895368
0.978147600734
0.951056516295
0.913545457643
0.866025403784
0.809016994375
0.743144825477
0.669130606359
0.587785252292
0.5
0.406736643076
0.309016994375
0.207911690818
0.104528463268
-2.6954609194e-15
-0.104528463268
-0.207911690818
-0.309016994375
-0.406736643076
-0.5
-0.587785252292
-0.669130606359
-0.743144825477
-0.809016994375
-0.866025403784
-0.913545457643
-0.951056516295
-0.978147600734
-0.994521895368
-1.0
-0.994521895368
-0.978147600734
-0.951056516295
-0.913545457643
-0.866025403784
-0.809016994375
-0.743144825477
-0.669130606359
-0.587785252292
-0.5
-0.406736643076
-0.309016994375
-0.207911690818
-0.104528463268
-9.79717439318e-16
0.104528463268
0.207911690818
0.309016994375
0.406736643076
0.5
0.587785252292
0.669130606359
0.743144825477
0.809016994375
0.866025403784
0.913545457643
0.951056516295
0.978147600734
0.994521895368
1.0
0.994521895368
0.978147600734
0.951056516295
0.913545457643
0.866025403784
0.809016994375
0.743144825477
0.669130606359
0.587785252292
0.5
0.406736643076
0.309016994375
0.207911690818
0.104528463268
1.10218211923e-15
-0.104528463268
-0.207911690818
-0.309016994375
-0.406736643076
-0.5
-0.587785252292
-0.669130606359
-0.743144825477
-0.809016994375
-0.866025403784
-0.913545457643
-0.951056516295
-0.978147600734
-0.994521895368
-1.0
-0.994521895368
-0.978147600734
-0.951056516295
-0.913545457643
-0.866025403784
-0.809016994375
-0.743144825477
-0.669130606359
-0.587785252292
-0.5
-0.406736643076
-0.309016994375
-0.207911690818
-0.104528463268
2.32806687965e-15
0.104528463268
0.207911690818
0.309016994375
0.406736643076
0.5
0.587785252292
0.669130606359
0.743144825477
0.809016994375
0.866025403784
0.913545457643
0.951056516295
0.978147600734
0.994521895368
1.0
0.994521895368
0.978147600734
0.951056516295
0.913545457643
0.866025403784
0.809016994375
0.743144825477
0.669130606359
0.587785252292
0.5
0.406736643076
0.309016994375
0.207911690818
0.104528463268
-2.20560219974e-15
-0.104528463268
-0.207911690818
-0.309016994375
-0.406736643076
-0.5
-0.587785252292
-0.669130606359
-0.743144825477
-0.809016994375
-0.866025403784
-0.913545457643
-0.951056516295
-0.978147600734
-0.994521895368
-1.0
-0.994521895368
-0.978147600734
-0.951056516295
-0.913545457643
-0.866025403784
-0.809016994375
-0.743144825477
-0.669130606359
-0.587785252292
-0.5
-0.406736643076
-0.309016994375
-0.207911690818
-0.104528463268
-1.46957615898e-15
0.104528463268
0.207911690818
0.309016994375
0.406736643076
0.5
0.587785252292
0.669130606359
0.743144825477
0.809016994375
0.866025403784
0.913545457643
0.951056516295
0.978147600734
0.994521895368
1.0
0.994521895368
0.978147600734
0.951056516295
0.913545457643
0.866025403784
0.809016994375
0.743144825477
0.669130606359
0.587785252292
0.5
0.406736643076
0.309016994375
0.207911690818
0.104528463268
-1.96067283991e-15
-0.104528463268
-0.207911690818
-0.309016994375
-0.406736643076
-0.5
-0.587785252292
-0.669130606359
-0.743144825477
-0.809016994375
-0.866025403784
-0.913545457643
-0.951056516295
-0.978147600734
-0.994521895368
-1.0
-0.994521895368
-0.978147600734
-0.951056516295
-0.913545457643
-0.866025403784
-0.809016994375
-0.743144825477
-0.669130606359
-0.587785252292
-0.5
-0.406736643076
-0.309016994375
-0.207911690818
-0.104528463268
5.39092183879e-15
0.104528463268
0.207911690818
0.309016994375
0.406736643076
0.5
0.587785252292
0.669130606359
0.743144825477
0.809016994375
0.866025403784
0.913545457643
0.951056516295
0.978147600734
0.994521895368
1.0
0.994521895368
0.978147600734
0.951056516295
0.913545457643
0.866025403784
0.809016994375
0.743144825477
0.669130606359
0.587785252292
0.5
0.406736643076
0.309016994375
0.207911690818
0.104528463268
-1.71574348008e-15
-0.104528463268
-0.207911690818
-0.309016994375
-0.406736643076
-0.5
-0.587785252292
-0.669130606359
-0.743144825477
-0.809016994375
-0.866025403784
-0.913545457643
-0.951056516295
-0.978147600734
-0.994521895368
-1.0
-0.994521895368
-0.978147600734
-0.951056516295
-0.913545457643
-0.866025403784
-0.809016994375
-0.743144825477
-0.669130606359
-0.587785252292
-0.5
-0.406736643076
-0.309016994375
-0.207911690818
-0.104528463268
