0.0 0.0
0.0 0.0
-1.80059796765e-06 -3.75124576594e-10
-4.75526551857e-06 -1.74092946956e-09
-8.41656183916e-06 -4.48506016909e-09
-1.24695800515e-05 -8.83633972965e-09
-1.6688055952e-05 -1.49108472304e-08
-2.09054820359e-05 -2.27428343112e-08
-2.49961516635e-05 -3.23056746653e-08
-2.88627689524e-05 -4.35262831269e-08
-3.24283935337e-05 -5.62952753115e-08
-3.56312404794e-05 -7.04743657309e-08
-3.84213535699e-05 -8.59019894912e-08
-4.0758500112e-05 -1.02397792342e-07
-4.26108543955e-05 -1.19766407864e-07
-4.39541821174e-05 -1.37800790471e-07
-4.47713345615e-05 -1.56285273112e-07
-4.50519254716e-05 -1.74998452286e-07
-4.47921063079e-05 -1.93715958907e-07
-4.39943841408e-05 -2.12213144417e-07
-4.26674456175e-05 -2.30267692283e-07
-4.08259633803e-05 -2.47662152491e-07
-3.84903701301e-05 -2.64186388639e-07
-3.56865915979e-05 -2.79639922332e-07
-3.24457339188e-05 -2.93834156815e-07
-2.88037239116e-05 -3.0659446053e-07
-2.48009029436e-05 -3.17762091124e-07
-2.04815766705e-05 -3.27195941044e-07
-1.58935241523e-05 -3.34774087049e-07
-1.10874707746e-05 -3.40395127658e-07
-6.11653012345e-06 -3.43979294512e-07
-1.03562051016e-06 -3.45469325894e-07
4.09913773517e-06 -3.44831093139e-07
9.23103778188e-06 -3.4205397324e-07
1.43034080055e-05 -3.37150963701e-07
1.92602331522e-05 -3.30158538459e-07
2.40467682073e-05 -3.21136246509e-07
2.86101382795e-05 -3.10166057658e-07
3.28999179491e-05 -2.9735146261e-07
3.68686837502e-05 -2.82816337256e-07
4.04725337431e-05 -2.66703583612e-07
4.36715684914e-05 -2.49173562313e-07
4.64303281785e-05 -2.3040233384e-07
4.87181810772e-05 -2.10579727745e-07
5.05096591183e-05 -1.89907261038e-07
5.17847368838e-05 -1.68595928537e-07
5.25290509667e-05 -1.46863889402e-07
5.27340572974e-05 -1.2493407518e-07
5.23971247108e-05 -1.03031745595e-07
5.15215637313e-05 -8.13820188365e-08
5.01165902586e-05 -6.02074034219e-08
4.8197224554e-05 -3.97253586693e-08
4.57841266331e-05 -2.01459105053e-08
4.2903369868e-05 -1.66934873425e-09
3.95861552806e-05 1.55159690051e-08
3.58684696564e-05 3.12356825336e-08
3.17906912249e-05 4.53313410505e-08
2.73971472272e-05 5.76621407281e-08
2.27356282171e-05 6.81064689457e-08
1.78568644184e-05 7.65632382447e-08
1.28139698752e-05 8.29529953892e-08
7.66186048387e-06 8.72187933807e-08
2.45665228544e-06 8.93268168743e-08
-2.74495339183e-06 8.92667541438e-08
-7.88629120139e-06 8.70519115202e-08
-1.2911352653e-05 8.27190690506e-08
-1.77653997899e-05 7.63280789583e-08
-2.23955649461e-05 6.7961211305e-08
-2.67514300111e-05 5.77222540222e-08
-3.07855788569e-05 4.57353771747e-08
-3.44541168742e-05 3.21437738974e-08
-3.77171519259e-05 1.71080928974e-08
-4.05392314478e-05 8.04679694542e-10
-4.28897309087e-05 -1.65763541297e-08
-4.47431893724e-05 -3.48332125216e-08
-4.6079588487e-05 -5.37546245757e-08
-4.68845718426e-05 -7.31221579777e-08
-4.71496022959e-05 -9.27126109232e-08
-4.68720555374e-05 -1.12300456305e-07
-4.60552488757e-05 -1.31660311391e-07
-4.4708404924e-05 -1.50569405933e-07
-4.28465505861e-05 -1.68810021664e-07
-4.04903524503e-05 -1.86171876463e-07
-3.76658903915e-05 -2.02454427055e-07
-3.44043718658e-05 -2.17469065026e-07
-3.07417900244e-05 -2.31041182086e-07
-2.67185293951e-05 -2.43012081965e-07
-2.23789234501e-05 -2.53240717975e-07
-1.77707689083e-05 -2.61605237216e-07
-1.29448020931e-05 -2.68004314508e-07
-7.95414308319e-06 -2.7235826142e-07
-2.85371374555e-06 -2.74609898259e-07
2.30036397185e-06 -2.74725179462e-07
7.45138289649e-06 -2.72693565531e-07
1.25426718998e-05 -2.68528137448e-07
1.75182167708e-05 -2.62265452309e-07
2.23232738932e-05 -2.53965141754e-07
2.69049700013e-05 -2.43709257609e-07
3.12128814445e-05 -2.31601371891e-07
3.51995866138e-05 -2.17765441045e-07
3.88211854772e-05 -2.0234444686e-07
4.20377805322e-05 -1.85498828941e-07
4.48139139066e-05 -1.67404725933e-07
4.71189558175e-05 -1.48252044741e-07
4.8927440133e-05 -1.28242378918e-07
5.02193433605e-05 -1.07586799023e-07
5.09803040042e-05 -8.65035391555e-08
5.12017798891e-05 -6.5215605011e-08
5.08811417274e-05 -4.39483296743e-08
5.00217019023e-05 -2.2926903918e-08
4.8632678154e-05 -2.37390807299e-09
4.67290925652e-05 1.74931274935e-08
4.43316069541e-05 3.646410656e-08
4.14662964767e-05 5.43386697748e-08
3.816436392e-05 7.09283906907e-08
3.44617978158e-05 8.60588410523e-08
3.03989781217e-05 9.9571502706e-08
2.60202337884e-05 1.11325505187e-07
2.13733570612e-05 1.21199169948e-07
1.65090798376e-05 1.29091344302e-07
1.14805178173e-05 1.3492251048e-07
6.34258853496e-06 1.38635657636e-07
1.15140965236e-06 1.40196907259e-07
-4.03631589869e-06 1.39595885124e-07
-9.16392118516e-06 1.36845835732e-07
-1.41753961471e-05 1.31983477954e-07
-1.9016001275e-05 1.25068603491e-07
-2.36328673663e-05 1.16183422524e-07
-2.79755747904e-05 1.05431663741e-07
-3.19967059155e-05 9.29374385944e-08
-3.56523646443e-05 7.88438822278e-08
-3.89026573675e-05 6.33115859753e-08
-4.17121300647e-05 4.65168385936e-08
-4.40501567634e-05 2.86496955044e-08
-4.58912751021e-05 9.9118971991e-09
-4.72154653181e-05 -9.48534038843e-09
-4.80083696062e-05 -2.9323639331e-08
-4.82614494424e-05 -4.93798516328e-08
-4.79720791514e-05 -6.94285034232e-08
-4.71435746902e-05 -8.92442646402e-08
-4.57851573349e-05 -1.08604417145e-07
-4.39118526667e-05 -1.27291294229e-07
-4.15443259648e-05 -1.45094664777e-07
-3.87086558095e-05 -1.6181403598e-07
-3.54360483756e-05 -1.77260849352e-07
-3.1762495547e-05 -1.91260546003e-07
-2.77283805975e-05 -2.03654478533e-07
-2.33780357585e-05 -2.14301648607e-07
-1.87592565217e-05 -2.23080251165e-07
-1.39227779959e-05 -2.29889008356e-07
-8.92171905824e-06 -2.34648278576e-07
-3.81100038714e-06 -2.37300928461e-07
1.35325724556e-06 -2.37812958282e-07
6.5143478309e-06 -2.36173873891e-07
1.16156013915e-05 -2.32396801136e-07
1.66010048554e-05 -2.26518341501e-07
2.1415815733e-05 -2.18598170545e-07
2.60071618736e-05 -2.08718383544e-07
3.03246207296e-05 -1.96982595502e-07
3.43207717832e-05 -1.83514805395e-07
3.7951716082e-05 -1.6845803709e-07
4.11775571919e-05 -1.51972771824e-07
4.39628382974e-05 -1.34235189431e-07
4.62769306611e-05 -1.15435237564e-07
4.80943691857e-05 -9.57745500962e-08
4.9395131402e-05 -7.54642374737e-08
5.01648568269e-05 -5.47225732593e-08
5.03950042871e-05 -3.37726021939e-08
5.00829454861e-05 -1.28396959912e-08
4.92319937875e-05 7.85091635748e-09
4.78513679017e-05 2.80766167094e-08
4.59560908716e-05 4.76198372872e-08
4.35668254648e-05 6.62704448572e-08
4.07096477769e-05 8.38280434493e-08
3.74157615245e-05 1.00104170387e-07
3.37211561592e-05 1.14924361571e-07
2.96662125485e-05 1.28130063385e-07
2.52952605431e-05 1.39580370279e-07
2.06560932792e-05 1.49153568992e-07
1.57994435355e-05 1.56748472495e-07
1.07784278833e-05 1.62285529041e-07
5.64796472006e-06 1.65707694167e-07
4.64172560822e-07 1.669810561e-07
-4.71624481828e-06 1.66095207713e-07
-9.83661964888e-06 1.63063360949e-07
-1.48409410446e-05 1.57922202471e-07
-1.96744686783e-05 1.50731492113e-07
-2.42843325384e-05 1.41573408526e-07
-2.8620112194e-05 1.30551649206e-07
-3.26343892213e-05 1.17790294745e-07
-3.62832667398e-05 1.03432449753e-07
-3.95268503651e-05 8.76386753562e-08
-4.23296853097e-05 7.05852304239e-08
-4.46611448426e-05 5.24621408089e-08
-4.64957658516e-05 3.34711177476e-08
-4.78135278314e-05 1.38233482303e-08
-4.8600072242e-05 -6.26281845167e-09
-4.88468598327e-05 -2.65642626339e-08
-4.85512642086e-05 -4.68555384758e-08
-4.77166006153e-05 -6.69113436475e-08
-4.6352089625e-05 -8.65089874476e-08
-4.44727561223e-05 -1.05430830312e-07
-4.20992646974e-05 -1.23466667982e-07
-3.92576932488e-05 -1.40416034221e-07
-3.59792472767e-05 -1.56090396831e-07
-3.22999179977e-05 -1.70315222929e-07
-2.82600880253e-05 -1.82931890851e-07
-2.39040889378e-05 -1.93799427718e-07
-1.92797155805e-05 -2.0279605366e-07
-1.44377024229e-05 -2.09820515744e-07
-9.43116770941e-06 -2.14793197021e-07
-4.31503149262e-06 -2.17656988522e-07
8.54586074854e-07 -2.1837791465e-07
6.0209795967e-06 -2.16945505135e-07
1.11274797016e-05 -2.13372909448e-07
1.61180739174e-05 -2.07696752444e-07
2.09380203479e-05 -1.99976732806e-07
2.5534447429e-05 -1.90294968685e-07
2.98569331942e-05 -1.78755097722e-07
3.38580577002e-05 -1.65481141286e-07
3.7493922563e-05 -1.50616145398e-07
4.07246319109e-05 -1.34320613216e-07
4.35147294849e-05 -1.16770746258e-07
4.58335870982e-05 -9.81565136369e-08
4.76557401981e-05 -7.86795704501e-08
4.89611668542e-05 -5.85510481476e-08
4.97355071166e-05 -3.79892410703e-08
4.99702203396e-05 -1.7217214517e-08
4.96626787483e-05 3.53963945969e-09
4.88161962229e-05 2.40560717454e-08
4.74399919846e-05 4.41094442886e-08
4.55490895814e-05 6.34821696149e-08
4.31641522813e-05 8.19640950029e-08
4.03112566744e-05 9.9354805202e-08
3.70216069667e-05 1.15465818461e-07
3.33311930942e-05 1.30122651807e-07
2.92803964032e-05 1.43166732952e-07
2.49135472188e-05 1.54457137873e-07
2.02784391459e-05 1.63872135032e-07
1.54258054272e-05 1.71310519319e-07
1.04087630931e-05 1.76692721094e-07
5.28223099507e-06 1.79961678195e-07
1.02328097603e-07 1.8108346134e-07
-5.07424137866e-06 1.80047646073e-07
-1.01908092255e-05 1.76867427197e-07
-1.51913641215e-05 1.71579474416e-07
-2.0021165309e-05 1.64243530785e-07
-2.46273423503e-05 1.54941758356e-07
-2.89594743933e-05 1.43777838201e-07
-3.29701425972e-05 1.30875834661e-07
-3.6615449669e-05 1.16378836272e-07
-3.98555008162e-05 1.00447388255e-07
-4.26548408475e-05 8.32577337415e-08
-4.49828426326e-05 6.49998830164e-08
-4.68140426639e-05 4.5875531913e-08
-4.81284200452e-05 2.6095852182e-08
-4.89116158495e-05 5.87917803723e-09
-4.91550904434e-05 -1.45513857738e-08
-4.88562170534e-05 -3.49704081689e-08
-4.80183105505e-05 -5.51526014197e-08
-4.6650591136e-05 -7.48752892711e-08
-4.4768083328e-05 -9.39208464511e-08
-4.23914513537e-05 -1.12079082843e-07
-3.95467727527e-05 -1.29149546199e-07
-3.62652526702e-05 -1.44943718162e-07
-3.25828819713e-05 -1.59287079545e-07
-2.85400429218e-05 -1.72021022231e-07
-2.41810667562e-05 -1.83004586748e-07
-1.95537479794e-05 -1.92116006484e-07
-1.47088207242e-05 -1.99254041631e-07
-9.69940290217e-06 -2.0433908822e-07
-4.58041423615e-06 -2.07314050123e-07
5.92025447221e-07 -2.08144964454e-07
5.76121107421e-06 -2.06821373512e-07
1.08704735927e-05 -2.03356439207e-07
1.58638008461e-05 -1.97786798699e-07
2.06864512507e-05 -1.90172162845e-07
2.52855535515e-05 -1.80594661845e-07
2.96106860878e-05 -1.69157945253e-07
3.36144292187e-05 -1.55986046231e-07
3.72528848596e-05 -1.41222022465e-07
4.0486157435e-05 -1.25026388653e-07
4.32787909788e-05 -1.07575357734e-07
4.5600157594e-05 -8.90589101145e-08
4.74247930147e-05 -6.96787120711e-08
4.87326755943e-05 -4.96459061109e-08
4.95094456636e-05 -2.91787975154e-08
4.97465628546e-05 -8.50046240747e-09
4.94413996672e-05 1.21636964512e-08
4.85972702534e-05 3.25884193514e-08
4.72233941034e-05 5.2551057759e-08
4.53347950313e-05 7.18340138288e-08
4.29521365683e-05 9.02271245787e-08
4.01014955651e-05 1.07529964606e-07
3.68140764854e-05 1.23554042117e-07
3.312586952e-05 1.38124864201e-07
2.90772562676e-05 1.51083848741e-07
2.47125673028e-05 1.62290061984e-07
2.00795964775e-05 1.71621762772e-07
1.52290772785e-05 1.78977736471e-07
1.0214126978e-05 1.84278404025e-07
5.08966466675e-06 1.87466693951e-07
-8.81904544008e-08 1.88508667745e-07
-5.26273393068e-06 1.87393891831e-07
-1.03772973223e-05 1.84135551987e-07
-1.53758690788e-05 1.78770308987e-07
-2.02037082156e-05 1.7135789705e-07
-2.4807944071e-05 1.61980469491e-07
-2.91381555709e-05 1.50741698732e-07
-3.31469236551e-05 1.3776564056e-07
-3.67903508133e-05 1.23195375046e-07
-4.00285420381e-05 1.07191439035e-07
-4.28260419257e-05 8.99300673757e-08
-4.51522231354e-05 7.16012621546e-08
-4.69816219516e-05 5.24067110948e-08
-4.82942172721e-05 3.25575779232e-08
-4.90756499664e-05 1.22721889152e-08
-4.93173801993e-05 -8.22635903597e-09
-4.90167809982e-05 -2.87126426188e-08
-4.81771670366e-05 -4.89613817927e-08
-4.68077583208e-05 -6.87499079088e-08
-4.49235791757e-05 -8.78606032206e-08
-4.25452936377e-05 -1.06083285057e-07
-3.96989790571e-05 -1.23217508535e-07
-3.64158403922e-05 -1.39074762587e-07
-3.27318683231e-05 -1.53480535236e-07
-2.86874449327e-05 -1.66276225497e-07
-2.43269012742e-05 -1.77320880957e-07
-1.96980316734e-05 -1.86492741988e-07
-1.4851570086e-05 -1.93690575688e-07
-9.840634248e-06 -1.98834784924e-07
-4.72014370879e-06 -2.01868280332e-07
4.53781876642e-07 -2.02757105713e-07
5.62443760441e-06 -2.01490809988e-07
1.07351545904e-05 -1.98082561614e-07
1.57299208444e-05 -1.92569004232e-07
2.05539949469e-05 -1.85009855109e-07
2.5154505806e-05 -1.75487250785e-07
2.94810319217e-05 -1.64104847092e-07
3.34861538125e-05 -1.50986683397e-07
3.71259735514e-05 -1.3627582353e-07
4.03605957187e-05 -1.20132788265e-07
4.31545645027e-05 -1.02733796553e-07
4.5477252159e-05 -8.4268834748e-08
4.73031945727e-05 -6.49395750123e-08
4.86123702466e-05 -4.49571656749e-08
4.93904196592e-05 -2.45399177779e-08
4.96288025888e-05 -3.91091314286e-09
4.93248916799e-05 1.67044398298e-08
4.84820012278e-05 3.70808758522e-08
4.71093508641e-05 5.69957408714e-08
4.52219645432e-05 7.62314315812e-08
4.28405059349e-05 9.45777795975e-08
3.99910520269e-05 1.11834354173e-07
3.67048074186e-05 1.27812658224e-07
3.30177624352e-05 1.4233819361e-07
2.89702988082e-05 1.55252373036e-07
2.46067472435e-05 1.6641425763e-07
1.99749017229e-05 1.75702101165e-07
1.5125495862e-05 1.83014683995e-07
1.01116470604e-05 1.88272422104e-07
4.98827453435e-06 1.91418239103e-07
-1.88502390459e-07 1.92418191633e-07
-5.36197913607e-06 1.91261841315e-07
-1.04754871408e-05 1.87962369174e-07
-1.54730147335e-05 1.82556431283e-07
-2.02998208103e-05 1.75103757211e-07
-2.49030345914e-05 1.65686495669e-07
-2.92322348859e-05 1.54408314528e-07
-3.32400025179e-05 1.41393265069e-07
-3.68824398629e-05 1.26784422907e-07
-4.01196518004e-05 1.10742320477e-07
-4.29161828145e-05 9.34431882652e-08
-4.52414054539e-05 7.50770240426e-08
-4.70698558932e-05 5.5845511262e-08
-4.83815129221e-05 3.59598094255e-08
-4.91620173027e-05 1.56382406286e-08
-4.94028290937e-05 -4.89610237059e-09
-4.91013212175e-05 -2.54178003521e-08
-4.82608082438e-05 -4.57015773232e-08
-4.68905100761e-05 -6.55247686398e-08
-4.50054509377e-05 -8.46697605177e-08
-4.26262947643e-05 -1.02926374206e-07
-3.97791188068e-05 -1.200941687e-07
-3.6495127925e-05 -1.35984636769e-07
-3.28103127016e-05 -1.50423270233e-07
-2.8765055123e-05 -1.63251471863e-07
-2.44036861473e-05 -1.74328292961e-07
-1.97740000059e-05 -1.83531977576e-07
-1.4926730561e-05 -1.90761296444e-07
-9.9149954563e-06 -1.95936656031e-07
-4.79371414998e-06 -1.99000970532e-07
3.80993793452e-07 -1.99920287273e-07
5.55242355952e-06 -1.98684158658e-07
1.06639063526e-05 -1.95305756593e-07
1.56594302699e-05 -1.8982172813e-07
2.04842539787e-05 -1.82291793912e-07
2.50855064727e-05 -1.72798093817e-07
2.94127663366e-05 -1.61444286982e-07
3.34186141728e-05 -1.48354416043e-07
3.70591521374e-05 -1.33671548061e-07
4.02944848926e-05 -1.17556207014e-07
4.30891567081e-05 -1.00184615013e-07
4.54125399197e-05 -8.17467615492e-08
4.72391704921e-05 -6.24443218801e-08
4.85490270067e-05 -4.24884474012e-08
4.93277500198e-05 -2.20974521874e-08
4.95667993868e-05 -1.49442106097e-09
4.92635478284e-05 1.90952346089e-08
4.8421309715e-05 3.94462465971e-08
4.70493047531e-05 5.93359579446e-08
4.51625569706e-05 7.85467624704e-08
4.27817301104e-05 9.68684889456e-08
3.99329012325e-05 1.14100703809e-07
3.66472750077e-05 1.30054907192e-07
3.29608418316e-05 1.445565982e-07
2.8913983506e-05 1.57447186812e-07
2.45510308058e-05 1.68585731461e-07
1.99197777813e-05 1.7785048325e-07
1.50709581159e-05 1.85140219895e-07
1.0057689276e-05 1.90375354768e-07
4.93489054433e-06 1.93498808897e-07
-2.41318687927e-07 1.94476636367e-07
-5.41423377791e-06 1.9329839627e-07
-1.05271860997e-05 1.89977267129e-07
-1.55241639187e-05 1.84549902542e-07
-2.03504260682e-05 1.77076029628e-07
-2.49531017062e-05 1.67637794675e-07
-2.92817695802e-05 1.56338863157e-07
-3.32890104536e-05 1.43303283983e-07
-3.69309266416e-05 1.28674130422e-07
-4.01676229641e-05 1.12611932587e-07
-4.29636438464e-05 9.52929186685e-08
-4.52883617787e-05 7.69070841633e-08
-4.71163128782e-05 5.76561102764e-08
-4.84274758773e-05 3.77511542857e-08
-4.92074914815e-05 1.74105360859e-08
-4.9447819694e-05 -3.14265374229e-09
-4.91458333817e-05 -2.36829981331e-08
-4.83048470596e-05 -4.3985223225e-08
-4.69340805773e-05 -6.38266664827e-08
-4.50485581043e-05 -8.2989716208e-08
-4.26689435234e-05 -1.01264195714e-07
-3.98213140332e-05 -1.18449666038e-07
-3.65368744417e-05 -1.3435762197e-07
-3.28516152802e-05 -1.48813557329e-07
-2.88059184845e-05 -1.61658876863e-07
-2.44441149623e-05 -1.72752633831e-07
-1.98139988953e-05 -1.81973074218e-07
-1.49663040969e-05 -1.89218970675e-07
-9.95414816188e-06 -1.94410731562e-07
-4.8324505004e-06 -1.9749127295e-07
3.42669370607e-07 -1.98426644019e-07
5.51450668376e-06 -1.97206399008e-07
1.062639269e-05 -1.93843711638e-07
1.56223155327e-05 -1.88375230759e-07
2.04475339246e-05 -1.80860678788e-07
2.50491769046e-05 -1.71382197366e-07
2.9376823102e-05 -1.60043447364e-07
3.33830531634e-05 -1.46968473142e-07
3.70239692886e-05 -1.32300343465e-07
4.0259676183e-05 -1.16199583991e-07
4.3054718159e-05 -9.88424185035e-08
4.53784675948e-05 -8.04188381382e-08
4.72054604968e-05 -6.11305197857e-08
4.85156754881e-05 -4.11886164556e-08
4.92947531658e-05 -2.08114438193e-08
4.95341534257e-05 -2.22088279446e-10
4.92312490289e-05 2.03540372319e-08
4.83893543853e-05 4.06916629432e-08
4.70176892406e-05 6.05681303653e-08
4.51312776618e-05 7.97658318033e-08
4.275078343e-05 9.80745945308e-08
3.99022836433e-05 1.15293983504e-07
3.661698301e-05 1.3123549739e-07
3.29308719632e-05 1.45724633843e-07
2.88843323412e-05 1.58602801407e-07
2.45216949554e-05 1.69729057093e-07
1.98907538924e-05 1.78981650603e-07
