0.0
-0.0180059796765
-0.0655586348623
-0.131718273577
-0.208861418907
-0.291576360036
-0.37593537988
-0.459016336994
-0.538589206159
-0.612911624862
-0.680596340132
-0.740525940493
-0.791798536819
-0.833693545074
-0.865650365129
-0.88725516679
-0.898232600332
-0.898440317796
-0.887864904487
-0.866618297583
-0.834934089978
-0.793163335104
-0.741769617279
-0.681323255167
-0.612494578304
-0.536046268551
-0.452824796141
-0.363751008228
-0.269809949269
-0.172040008981
-0.0715215063362
0.0306351722501
0.133301755171
0.235344457874
0.335636411577
0.433070013595
0.526569064869
0.615100562286
0.697686016993
0.773412174932
0.841441022345
0.9010189667
0.951485092557
0.992278401955
1.02294396002
1.0431378785
1.05263108264
1.05131182008
1.03918688442
1.0163815399
0.983138148126
0.939813511871
0.886874965011
0.824895251486
0.75454624937
0.676591608813
0.591878384522
0.501327754443
0.405924926355
0.306708342936
0.20475830359
0.101185127693
-0.00288301106391
-0.106312445932
-0.207976438543
-0.306767524429
-0.40160964736
-0.491469949572
-0.575370088679
-0.65239695731
-0.721712688001
-0.782563833737
-0.834289623565
-0.876329202811
-0.908227778595
-0.929641603296
-0.940341741384
-0.940216578333
-0.929273044131
-0.907636537997
-0.875549555101
-0.833369030364
-0.781562428418
-0.720702622573
-0.651461618902
-0.574603194195
-0.490974528451
-0.401496923583
-0.307155710014
-0.208989451763
-0.108078568287
-0.00553349773693
0.0975174686834
0.199940547963
0.300608886706
0.39841490664
0.492282438945
0.581178514458
0.664124680584
0.74020772091
0.808589660094
0.868516944388
0.919328697242
0.960463959505
0.991467834935
1.01199647365
1.02182083893
1.02082921617
1.0090284363
0.986543800563
0.953617707191
0.910606995193
0.857979034308
0.796306603967
0.726261617357
0.648607759375
0.564192119101
0.473935908496
0.378824368988
0.279895976549
0.178231063522
0.0749399818732
-0.0288490624633
-0.132002370838
-0.233393173323
-0.331913974222
-0.426488686414
-0.516084421568
-0.599722807059
-0.676490705598
-0.745550220118
-0.806147874322
-0.857622868281
-0.899414318655
-0.931067404201
-0.952238349242
-0.962698190486
-0.962335285939
-0.951156538417
-0.929287320251
-0.896970100016
-0.854561786315
-0.802529817742
-0.741447041851
-0.671985439226
-0.594908761445
-0.51106416356
-0.421372922802
-0.326820345175
-0.228444970541
-0.127327194454
-0.0245774314158
0.0786760507646
0.181299492224
0.282166062469
0.380168205884
0.474229776066
0.563317826032
0.646453925128
0.722724878653
0.791292732739
0.851403954893
0.902397689585
0.943712998468
0.974895005877
0.995599882289
1.00559861114
1.00477949773
0.993149392735
0.970833616892
0.938074587733
0.895229163364
0.842764732417
0.781254093015
0.711369176838
0.633873687077
0.549614730916
0.459513538224
0.364555368147
0.265778714188
0.164263926034
0.0611213728089
-0.0425207225746
-0.145528644672
-0.246775606935
-0.345154097229
-0.439588012167
-0.529044447324
-0.612545014153
-0.689176559611
-0.758101171049
-0.818565356747
-0.869908301523
-0.911569106942
-0.94309293683
-0.964136000735
-0.974469320747
-0.973981240412
-0.962678648239
-0.940686902404
-0.908248457474
-0.865720208198
-0.813569579462
-0.752369405255
-0.682791652744
-0.60560006023
-0.521641769632
-0.431838045183
-0.337174180034
-0.238688701323
-0.13746199202
-0.0346044541776
0.0687556567156
0.171484592984
0.272455536191
0.370560942653
0.464724677769
0.553913806232
0.637149908944
0.713519802631
0.782185544738
0.842393613958
0.893483165831
0.934893272962
0.966169070522
0.986966739708
0.997057274562
0.996328990879
0.984788749713
0.962561882075
0.92989081566
0.887132418627
0.834754089557
0.773328636411
0.703528000609
0.626115894974
0.541939436221
0.451919863648
0.357042445731
0.258345685202
0.156909940881
0.0538455909267
-0.0497191328106
-0.152650506042
-0.253821733471
-0.352125294305
-0.446485076592
-0.535868167436
-0.619296169905
-0.695855922662
-0.764709504852
-0.825103416637
-0.876376834801
-0.917968852965
-0.94942462709
-0.970400358947
-0.980667062929
-0.980113074967
-0.968745276038
-0.946689016864
-0.914186744639
-0.871595346816
-0.819382241064
-0.758120254229
-0.688481346415
-0.61122924893
-0.52721109678
-0.437348147355
-0.342625687036
-0.244082236264
-0.142798171383
-0.0398838878893
0.0635323652143
0.166316846669
0.267342744388
0.365502520968
0.459720048022
0.548962396393
0.632251153065
0.708673140783
0.777390422946
0.837649484138
0.888789485728
0.930249506087
0.96157468609
0.98242121258
0.992560085183
0.991879625218
0.980386699206
0.958206643568
0.925581891347
0.882869315996
0.830536321334
0.769155720505
0.699399460053
0.622031257876
0.537898235705
0.447921637803
0.35308673756
0.254432042565
0.153037916448
0.0500147421235
-0.0535092438508
-0.15640031253
-0.257531664011
-0.355795772943
-0.450116522866
-0.539460996419
-0.62285079226
-0.699372744683
-0.768188928513
-0.828545839638
-0.879782650612
-0.92133845087
-0.952758392237
-0.973698672385
-0.983930301657
-0.983341611975
-0.971939480348
-0.949849253574
-0.917313374966
-0.874688728134
-0.822442726947
-0.761148194493
-0.691477087153
-0.614193132558
-0.530143462069
-0.440249329476
-0.345496017594
-0.24692204334
-0.145607779568
-0.0426636183215
0.0607821948105
0.163595921948
0.264650754348
0.362839157913
0.457085007529
0.546355377277
0.629671857341
0.706121273638
0.774865692701
0.835151602214
0.886318166618
0.927804467318
0.959155648193
0.980027899058
0.99019222248
0.989536942687
0.978068929077
0.955913520919
0.923313154073
0.880624704781
0.828315579618
0.766958594455
0.697225698539
0.619880612434
0.535770460517
0.445816489664
0.351003975849
0.252371429224
0.150999215947
0.0479977214389
-0.0555048152653
-0.158374662769
-0.259485018743
-0.357728355437
-0.452028554017
-0.541352694773
-0.624722374038
-0.701224423809
-0.770020916633
-0.830358346149
-0.881575882684
-0.923112613471
-0.954513688153
-0.975435302248
-0.985648463963
-0.985041503111
-0.973621294613
-0.951513183199
-0.918959610139
-0.87631745702
-0.82405413571
-0.762742467318
-0.693054406266
-0.615753678246
-0.531687412704
-0.441776861532
-0.347007305668
-0.248417260173
-0.147087096063
-0.0441272035653
0.0593341735297
0.162163299121
0.263233366225
0.361436842486
0.455697604514
0.544982728093
0.628313805094
0.704777663102
0.7735363703
0.833836416007
0.885016966278
0.926517104118
0.957881974988
0.978767770265
0.988945494066
0.988303472152
0.976848575434
0.954706144681
0.922118617237
0.879442870811
0.827146313429
0.765801762402
0.696081168393
0.618748253376
0.534650143118
0.444708085871
0.349907358973
0.251286473919
0.149925798203
0.046935718564
-0.0565555246584
-0.159414198777
-0.260513500184
-0.358745899868
-0.453035277743
-0.542348712864
-0.625707800338
-0.702199370952
-0.770985496057
-0.831312668105
-0.882520056252
-0.92404674657
-0.955437887555
-0.976349673588
-0.986553111755
-0.985936530757
-0.974506804413
-0.952389276369
-0.919826386816
-0.877175016277
-0.824902575566
-0.76358188475
-0.693884897219
-0.616575337647
-0.532500334468
-0.442581138576
-0.347803029922
-0.249204522587
-0.147865986623
-0.0448978112979
0.0585717605436
0.161408993737
0.262487082227
0.360698494573
0.454967108292
0.544260000066
0.627598762654
0.70407022452
0.772836454716
0.83314394342
0.884331857537
0.925839280916
0.957211359849
0.978104286538
0.988289065915
0.987654024546
0.976206034142
0.95407043626
0.921489669025
0.878820610919
0.826530670733
0.765192666532
0.695478549731
0.618152043043
0.534060272966
0.444124488478
0.349329967633
