-0.0 0.0
-6.1729532334408647e-06 -6.4301596181675706e-10
-1.1175155253167531e-05 -2.4501105958384631e-09
-1.5222269362926069e-05 -5.1998423266815424e-09
-1.849021603269441e-05 -8.7115595553920049e-09
-2.1122496880744034e-05 -1.2837883817208505e-08
-2.3236168962028043e-05 -1.7458578175830589e-08
-2.4926718090013201e-05 -2.2475545577084877e-08
-2.6272034082613839e-05 -2.7808748928400186e-08
-2.733565343335895e-05 -3.3392883044647344e-08
-2.8169404409691371e-05 -3.9174659903298413e-08
-2.8815564701592773e-05 -4.5110594185723834e-08
-2.9308621449770229e-05 -5.116519690982414e-08
-2.9676706928539096e-05 -5.7309501949231355e-08
-2.994276965509233e-05 -6.3519864093359613e-08
-3.0125529681872765e-05 -6.9776978607626817e-08
-3.0240257843676594e-05 -7.6065081474871541e-08
-3.0299411401835574e-05 -8.2371297021279025e-08
-3.0313152549216863e-05 -8.8685105766180317e-08
-3.0289771362931897e-05 -9.4997910340362474e-08
-3.0236030813524312e-05 -1.0130268140040998e-07
-3.0157448194390201e-05 -1.0759366879706773e-07
-3.0058524688172985e-05 -1.1386616597233471e-07
-2.9942932627663566e-05 -1.2011631777606771e-07
-2.9813668247438661e-05 -1.263409637005575e-07
-2.9673176285743841e-05 -1.3253751000609733e-07
-2.9523451624176257e-05 -1.3870382541338069e-07
-2.9366122196734654e-05 -1.4483815601972554e-07
-2.9202516619994623e-05 -1.5093905589646819e-07
-2.903371936006379e-05 -1.5700533047772423e-07
-2.8860615733089967e-05 -1.630359903832611e-07
-2.8683928612836335e-05 -1.690302137526284e-07
-2.8504248373579946e-05 -1.7498731552204674e-07
-2.8322057314956225e-05 -1.8090672236460257e-07
-2.813774958563772e-05 -1.8678795225008111e-07
-2.7951647435342064e-05 -1.9263059777309983e-07
-2.7764014471797974e-05 -1.9843431255509357e-07
-2.7575066474608891e-05 -2.0419880015367761e-07
-2.7384980216238399e-05 -2.0992380501730753e-07
-2.7193900657373479e-05 -2.1560910510830872e-07
-2.7001946816241696e-05 -2.2125450588681034e-07
-2.6809216556250993e-05 -2.268598354047783e-07
-2.6615790491288924e-05 -2.3242494030556371e-07
-2.6421735171280511e-05 -2.3794968256208137e-07
-2.622710568064401e-05 -2.4343393681749017e-07
-2.6031947757836305e-05 -2.488775882173319e-07
-2.583629952424349e-05 -2.5428053064254854e-07
-2.5640192894408405e-05 -2.5964266526949147e-07
-2.5443654726319513e-05 -2.6496389939665062e-07
-2.5246707759663222e-05 -2.7024414548894047e-07
-2.5049371381114524e-05 -2.7548332039943808e-07
-2.4851662248539803e-05 -2.8068134473586046e-07
-2.4653594800112452e-05 -2.858381423450951e-07
-2.44551816695493e-05 -2.9095363989401814e-07
-2.4256434024767847e-05 -2.9602776652884283e-07
-2.4057361844077884e-05 -3.010604535985143e-07
-2.3857974141416633e-05 -3.0605163443033659e-07
-2.3658279150020126e-05 -3.1100124414819453e-07
-2.3458284472188391e-05 -3.1590921952550792e-07
-2.3257997201392856e-05 -3.2077549886650594e-07
-2.3057424021824644e-05 -3.256000219105911e-07
-2.2856571289537459e-05 -3.3038272975552467e-07
-2.2655445098580286e-05 -3.3512356479595364e-07
-2.2454051334883757e-05 -3.3982247067443944e-07
-2.225239572015695e-05 -3.4447939224267281e-07
-2.205048384763727e-05 -3.4909427553098474e-07
-2.1848321211190877e-05 -3.5366706772461262e-07
-2.1645913228994366e-05 -3.5819771714546525e-07
-2.1443265262790199e-05 -3.6268617323835948e-07
-2.124038263353619e-05 -3.6713238656089347e-07
-2.1037270634110725e-05 -3.7153630877627335e-07
-2.0833934539617345e-05 -3.7589789264853671e-07
-2.063037961573072e-05 -3.8021709203971879e-07
-2.0426611125444016e-05 -3.8449386190859117e-07
-2.0222634334514302e-05 -3.8872815831067025e-07
-2.0018454515843267e-05 -3.9291993839924907e-07
-1.9814076952990255e-05 -3.9706916042725254e-07
-1.9609506942979316e-05 -4.0117578374974947e-07
-1.940474979852632e-05 -4.0523976882698955e-07
-1.9199810849797317e-05 -4.0926107722785662e-07
-1.8994695445780487e-05 -4.1323967163364601e-07
-1.8789408955345675e-05 -4.1717551584209656e-07
-1.8583956768047731e-05 -4.2106857477161675e-07
-1.8378344294720059e-05 -4.2491881446565499e-07
-1.8172576967899511e-05 -4.2872620209717791e-07
-1.7966660242110018e-05 -4.3249070597322057e-07
-1.776059959403449e-05 -4.3621229553948563e-07
-1.7554400522591521e-05 -4.3989094138496745e-07
-1.7348068548940379e-05 -4.4352661524658538e-07
-1.7141609216418934e-05 -4.471192900138103e-07
-1.6935028090435129e-05 -4.5066893973327432e-07
-1.6728330758316386e-05 -4.5417553961335257e-07
-1.6521522829122579e-05 -4.5763906602871072e-07
-1.6314609933434996e-05 -4.610594965248105e-07
-1.6107597723120145e-05 -4.6443680982236826e-07
-1.590049187107697e-05 -4.6777098582176382e-07
-1.5693298070966401e-05 -4.710620056073933e-07
-1.5486022036930759e-05 -4.7430985145196599e-07
-1.5278669503302486e-05 -4.7751450682074028e-07
-1.5071246224303335e-05 -4.8067595637569917e-07
-1.4863757973737428e-05 -4.837941859796618e-07
-1.4656210544679066e-05 -4.8686918270033009e-07
-1.4448609749155919e-05 -4.8990093481427126e-07
-1.4240961417825342e-05 -4.9288943181083178e-07
-1.4033271399653178e-05 -4.9583466439598583e-07
-1.3825545561584594e-05 -4.9873662449611478e-07
-1.3617789788214539e-05 -5.0159530526171889e-07
-1.3410009981457605e-05 -5.0441070107105966e-07
-1.320221206021501e-05 -5.0718280753373387e-07
-1.2994401960039423e-05 -5.0991162149417712e-07
-1.2786585632801187e-05 -5.1259714103509806e-07
-1.2578769046350867e-05 -5.1523936548084305e-07
-1.2370958184183519e-05 -5.1783829540069046e-07
-1.2163159045099558e-05 -5.2039393261207409e-07
-1.1955377642867623e-05 -5.2290628018373735e-07
-1.1747620005886253e-05 -5.253753424388158e-07
-1.1539892176842684e-05 -5.2780112495785016e-07
-1.1332200212375019e-05 -5.3018363458172704e-07
-1.1124550182732269e-05 -5.325228794145507e-07
-1.0916948171432782e-05 -5.3481886882644284e-07
-1.0709400274925532e-05 -5.3707161345627193e-07
-1.0501912602248545e-05 -5.3928112521431077e-07
-1.0294491274687482e-05 -5.4144741728482507e-07
-1.0087142425436015e-05 -5.4357050412858788e-07
-9.8798721992537572e-06 -5.4565040148532636e-07
-9.6726867521252854e-06 -5.4768712637609497e-07
-9.4655922509183973e-06 -5.4968069710557882e-07
-9.2585948730432386e-06 -5.5163113326432479e-07
-9.0517008061103462e-06 -5.5353845573090327e-07
-8.8449162475897746e-06 -5.5540268667399715e-07
-8.6382474044685966e-06 -5.5722384955441985e-07
-8.4317004929101384e-06 -5.5900196912706342e-07
-8.2252817379115887e-06 -5.6073707144277397e-07
-8.0189973729633424e-06 -5.6242918385015669e-07
-7.812853639706718e-06 -5.6407833499730982e-07
-7.6068567875924335e-06 -5.656845548334869e-07
-7.4010130735406012e-06 -5.6724787461068827e-07
-7.1953287615970354e-06 -5.6876832688518187e-07
-6.9898101225938968e-06 -5.7024594551895164e-07
-6.7844634338073018e-06 -5.7168076568107682e-07
-6.5792949786172084e-06 -5.7307282384903762e-07
-6.3743110461653499e-06 -5.7442215780995257e-07
-6.1695179310155548e-06 -5.757288066617421e-07
-5.9649219328123315e-06 -5.7699281081422419e-07
-5.7605293559404285e-06 -5.78214211990136e-07
-5.5563465091848291e-06 -5.7939305322608645e-07
-5.3523797053905281e-06 -5.8052937887343808e-07
-5.1486352611217678e-06 -5.8162323459911654e-07
-4.9451194963238748e-06 -5.8267466738635042e-07
-4.741838733981628e-06 -5.8368372553534066e-07
-4.5387992997823973e-06 -5.8465045866385758e-07
-4.3360075217752699e-06 -5.8557491770776984e-07
-4.1334697300324545e-06 -5.8645715492149987e-07
-3.9311922563118771e-06 -5.8729722387841082e-07
-3.7291814337180431e-06 -5.8809517947112228e-07
-3.5274435963639824e-06 -5.8885107791175577e-07
-3.3259850790346053e-06 -5.8956497673210978e-07
-3.124812216848431e-06 -5.9023693478376426e-07
-2.9239313449210512e-06 -5.9086701223811527e-07
-2.7233487980284857e-06 -5.9145527058633921e-07
-2.5230709102709711e-06 -5.9200177263928708e-07
-2.3231040147371831e-06 -5.9250658252730871e-07
-2.1234544431690018e-06 -5.9296976570000739e-07
-1.9241285256255168e-06 -5.9339138892592348e-07
-1.7251325901495272e-06 -5.9377152029214999e-07
-1.5264729624323058e-06 -5.9411022920387723e-07
-1.3281559654803156e-06 -5.944075863838681e-07
-1.1301879192823598e-06 -5.9466366387186425e-07
-9.3257514047543049e-07 -5.948785350239224e-07
-7.3532394201326814e-07 -5.950522745116815e-07
-5.3844063283448734e-07 -5.9518495832156155e-07
-3.4193151753048566e-07 -5.9527666375389128e-07
-1.4580289601476195e-07 -5.9532746942196879e-07
4.99389368067895e-08 -5.9533745525105301e-07
2.452876913668859e-07 -5.9530670247728496e-07
4.4023708376461027e-07 -5.9523529364654221e-07
6.3478083609620154e-07 -5.9512331261322337e-07
8.2891267678139938e-07 -5.949708445389653e-07
1.0226263408916322e-06 -5.94777975891291e-07
1.2159155704777715e-06 -5.9454479444219e-07
1.4087741148948504e-06 -5.9427138926663046e-07
1.6011957311293842e-06 -5.9395785074100278e-07
1.7931741841238722e-06 -5.9360427054149731e-07
1.9847032471009742e-06 -5.9321074164241138e-07
2.1757767018874699e-06 -5.9277735831439173e-07
2.3663883392373514e-06 -5.9230421612260788e-07
2.556531959155132e-06 -5.9179141192485872e-07
2.7462013712161197e-06 -5.9123904386961158e-07
2.9353903948878832e-06 -5.9064721139397583e-07
3.1240928598518262e-06 -5.9001601522160715e-07
3.312302606320967e-06 -5.8934555736054741e-07
3.5000134853602118e-06 -5.8863594110099735e-07
3.6872193592028335e-06 -5.8788727101302197e-07
3.8739141015698775e-06 -5.8709965294419151e-07
4.0600915979847971e-06 -5.862731940171545e-07
4.2457457460900409e-06 -5.8540800262714696e-07
4.4308704559621213e-06 -5.8450418843943309e-07
4.6154596504249497e-06 -5.8356186238668446e-07
4.7995072653639293e-06 -5.8258113666628968e-07
4.9830072500385309e-06 -5.8156212473760201e-07
5.1659535673924829e-06 -5.8050494131911968e-07
5.3483401943659132e-06 -5.7940970238560312e-07
5.5301611222044553e-06 -5.7827652516512707e-07
5.7114103567692219e-06 -5.7710552813606736e-07
5.8920819188423325e-06 -5.758968310240244e-07
6.0721698444380799e-06 -5.746505547986828e-07
6.2516681851044467e-06 -5.7336682167060532e-07
6.4305710082327534e-06 -5.7204575508796612e-07
6.6088723973584161e-06 -5.7068747973321692e-07
6.7865664524666917e-06 -5.6929212151969357e-07
6.963647290294194e-06 -5.6785980758815595e-07
7.1401090446303024e-06 -5.6639066630326798e-07
7.3159458666177029e-06 -5.6488482725001289e-07
7.4911519250511933e-06 -5.6334242123004749e-07
7.6657214066772495e-06 -5.6176358025799246e-07
7.839648516490879e-06 -5.6014843755766245e-07
8.012927478031175e-06 -5.5849712755823303e-07
8.1855525336779538e-06 -5.5680978589034665e-07
8.3575179449449236e-06 -5.5508654938215681e-07
8.5288179927728519e-06 -5.5332755605531111e-07
8.6994469778227347e-06 -5.5153294512087415e-07
8.8693992207649524e-06 -5.4970285697518796e-07
9.0386690625716797e-06 -5.4783743319567374e-07
9.2072508648022473e-06 -5.4593681653657226e-07
9.3751390098940337e-06 -5.440011509246247e-07
9.5423279014466883e-06 -5.4203058145469335e-07
9.708811964508849e-06 -5.4002525438532295e-07
9.8745856458611189e-06 -5.3798531713424283e-07
1.0039643414300181e-05 -5.3591091827380936e-07
1.0203979760919609e-05 -5.3380220752639068e-07
1.0367589199390941e-05 -5.3165933575969168e-07
1.053046626624352e-05 -5.2948245498202147e-07
1.0692605521141771e-05 -5.272717183375021e-07
1.0854001547162709e-05 -5.2502728010122035e-07
1.1014648951071699e-05 -5.22749295674321e-07
1.1174542363596442e-05 -5.2043792157904299e-07
1.1333676439701163e-05 -5.180933154536995e-07
1.149204585885723e-05 -5.1571563604759972e-07
1.164964532531491e-05 -5.1330504321591505e-07
1.1806469568372252e-05 -5.1086169791448941e-07
1.196251334264364e-05 -5.0838576219459194e-07
1.211777142832521e-05 -5.0587739919761603e-07
1.2272238631462538e-05 -5.0333677314972154e-07
1.2425909784212637e-05 -5.00764049356422e-07
1.2578779745107851e-05 -4.9815939419711784e-07
1.2730843399316987e-05 -4.955229751195735e-07
1.2882095658905903e-05 -4.9285496063434198e-07
1.3032531463094894e-05 -4.9015552030913356e-07
1.3182145778517387e-05 -4.8742482476313236e-07
1.3330933599475325e-05 -4.8466304566125806e-07
1.3478889948193625e-05 -4.8187035570837591e-07
1.3626009875073342e-05 -4.7904692864345236e-07
1.377228845894315e-05 -4.7619293923365885e-07
1.3917720807310224e-05 -4.7330856326842418e-07
1.4062302056608582e-05 -4.7039397755343269e-07
1.4206027372446438e-05 -4.6744935990457282e-07
1.4348891949852484e-05 -4.6447488914183337e-07
1.4490891013519672e-05 -4.614707450831488e-07
1.4632019818049103e-05 -4.5843710853819374e-07
1.4772273648190777e-05 -4.55374161302127e-07
1.4911647819084231e-05 -4.5228208614928587e-07
1.5050137676495923e-05 -4.4916106682682961e-07
1.5187738597058028e-05 -4.4601128804833437e-07
1.5324445988501817e-05 -4.4283293548733861e-07
1.5460255289893139e-05 -4.3962619577083915e-07
1.5595161971863848e-05 -4.3639125647273947e-07
1.5729161536843605e-05 -4.331283061072491e-07
1.5862249519288049e-05 -4.2983753412223542e-07
1.599442148590718e-05 -4.2651913089252751e-07
1.6125673035891801e-05 -4.2317328771317353e-07
1.6255999801136642e-05 -4.1980019679264968e-07
1.6385397446465387e-05 -4.1640005124602455e-07
1.651386166985039e-05 -4.1297304508807497e-07
1.6641388202632602e-05 -4.0951937322635799e-07
1.6767972809740529e-05 -4.0603923145423573e-07
1.6893611289906852e-05 -4.0253281644385584e-07
1.7018299475881206e-05 -3.990003257390862e-07
1.7142033234646527e-05 -3.9544195774840624e-07
1.7264808467627279e-05 -3.9185791173775274e-07
1.7386621110902767e-05 -3.8824838782332256e-07
1.750746713541216e-05 -3.8461358696433143e-07
1.7627342547163743e-05 -3.8095371095572977e-07
1.7746243387438149e-05 -3.7726896242087535e-07
1.7864165732991869e-05 -3.7355954480416393e-07
1.7981105696259121e-05 -3.6982566236361696e-07
1.8097059425551732e-05 -3.6606752016342839e-07
1.8212023105256133e-05 -3.6228532406646924e-07
1.8325992956031009e-05 -3.5847928072675183e-07
1.8438965235001643e-05 -3.5464959758185264e-07
1.8550936235951765e-05 -3.5079648284529498e-07
1.8661902289516109e-05 -3.4692014549889212e-07
1.8771859763369277e-05 -3.4302079528504981e-07
1.8880805062412495e-05 -3.3909864269903084e-07
1.8988734628961235e-05 -3.3515389898117945e-07
1.9095644942927412e-05 -3.3118677610910768e-07
1.9201532522003051e-05 -3.2719748678984415e-07
1.9306393921840535e-05 -3.2318624445194375e-07
1.941022573623101e-05 -3.1915326323756132e-07
1.9513024597281217e-05 -3.1509875799448709e-07
1.9614787175589298e-05 -3.1102294426814641e-07
1.9715510180417183e-05 -3.0692603829356239e-07
1.981519035986341e-05 -3.028082569872832e-07
1.9913824501031235e-05 -2.9866981793927334e-07
2.0011409430197545e-05 -2.9451093940477039e-07
2.0107942012978475e-05 -2.9033184029610624e-07
2.0203419154493228e-05 -2.8613274017449458e-07
2.0297837799527737e-05 -2.8191385924178411e-07
2.0391194932693171e-05 -2.7767541833217772e-07
2.0483487578586027e-05 -2.7341763890391939e-07
2.0574712801943429e-05 -2.6914074303094765e-07
2.0664867707800215e-05 -2.6484495339451597e-07
2.075394944163925e-05 -2.6053049327478273e-07
2.0841955189544118e-05 -2.561975865423678e-07
2.0928882178348302e-05 -2.5184645764987902e-07
2.1014727675781121e-05 -2.4747733162340719e-07
2.1099488990615343e-05 -2.4309043405399091e-07
2.1183163472807912e-05 -2.38685991089051e-07
2.1265748513644045e-05 -2.3426422942379559e-07
2.1347241545874811e-05 -2.2982537629259572e-07
2.1427640043856832e-05 -2.2536965946033204e-07
2.1506941523685778e-05 -2.2089730721371303e-07
2.1585143543332295e-05 -2.1640854835256533e-07
2.1662243702772979e-05 -2.11903612181096e-07
2.1738239644119206e-05 -2.0738272849912808e-07
2.1813129051747942e-05 -2.0284612759330862e-07
2.1886909652425122e-05 -1.9829404022829063e-07
2.1959579215430905e-05 -1.9372669763788893e-07
2.203113555268154e-05 -1.8914433151621057e-07
2.2101576518850031e-05 -1.8454717400875937e-07
2.2170900011483647e-05 -1.7993545770351628e-07
2.2239103971120384e-05 -1.75309415621995e-07
2.230618638140319e-05 -1.7066928121027383e-07
2.2372145269192097e-05 -1.6601528833000346e-07
2.2436978704675408e-05 -1.6134767124939228e-07
2.2500684801475893e-05 -1.566666646341682e-07
2.2563261716758881e-05 -1.5197250353851878e-07
2.2624707651336677e-05 -1.472654233960088e-07
2.2685020849768761e-05 -1.42545660010477e-07
2.2744199600464328e-05 -1.3781344954691105e-07
2.2802242235779276e-05 -1.3306902852230236e-07
2.2859147132112272e-05 -1.2831263379648034e-07
2.2914912710000302e-05 -1.2354450256292698e-07
2.2969537434208956e-05 -1.1876487233957185e-07
2.3023019813824314e-05 -1.139739809595684e-07
2.3075358402340485e-05 -1.0917206656205121e-07
2.312655179774436e-05 -1.0435936758287573e-07
2.31765986426017e-05 -9.9536122745339672e-08
2.3225497624138966e-05 -9.4702571050887533e-08
2.3273247474321179e-05 -8.9858951769797947e-08
2.3319846969932704e-05 -8.5005504431854839e-08
2.3365294932650721e-05 -8.0142468817002394e-08
2.3409590229120345e-05 -7.5270084945984592e-08
2.3452731771026863e-05 -7.0388593070969253e-08
2.3494718515164036e-05 -6.5498233666157724e-08
2.3535549463502757e-05 -6.0599247418379942e-08
2.3575223663257278e-05 -5.5691875217675764e-08
2.3613740206946382e-05 -5.0776358147862888e-08
2.3651098232457285e-05 -4.5852937477091701e-08
2.3687296923105168e-05 -4.0921854648387271e-08
2.3722335507688689e-05 -3.5983351270179576e-08
2.3756213260545786e-05 -3.1037669106821833e-08
2.3788929501608508e-05 -2.6085050069097448e-08
2.3820483596452267e-05 -2.1125736204716133e-08
2.3850874956346226e-05 -1.6159969688799616e-08
2.3880103038299523e-05 -1.1187992814357359e-08
2.3908167345106687e-05 -6.2100479827525458e-09
2.3935067425390229e-05 -1.2263776941591356e-09
2.3960802873641445e-05 3.7627754619899771e-09
2.3985373330259134e-05 8.7571688165629529e-09
2.4008778481586992e-05 1.3756559630296933e-08
2.4031018059946917e-05 1.8760705103373364e-08
2.4052091843671289e-05 2.3769362385000253e-08
2.4071999657135784e-05 2.878228858300097e-08
2.4090741370784856e-05 3.379924077340938e-08
2.4108316901159313e-05 3.8819976010070208e-08
2.4124726210920197e-05 4.3844251334245173e-08
2.4139969308871185e-05 4.8871823784223412e-08
2.415404624997729e-05 5.3902450404936799e-08
2.4166957135384905e-05 5.8935888257578692e-08
2.4178702112435145e-05 6.3971894429226572e-08
2.4189281374680386e-05 6.901022604246779e-08
2.4198695161892081e-05 7.4050640265027421e-08
2.4206943760073744e-05 7.9092894319398818e-08
2.4214027501467868e-05 8.4136745492476069e-08
2.4219946764558373e-05 8.9181951145187156e-08
2.4224701974078194e-05 9.4228268722128431e-08
2.4228293601007316e-05 9.9275455761199833e-08
2.4230722162571879e-05 1.0432326990323932e-07
2.4231988222244452e-05 1.0937146890165769e-07
2.4232092389734827e-05 1.144198106320722e-07
2.4231035320985427e-05 1.1946805310193891e-07
2.4228817718160964e-05 1.2451595446018331e-07
2.4225440329638954e-05 1.2956327300682911e-07
2.4220903949993439e-05 1.3460976720262417e-07
2.421520941998069e-05 1.3965519567866313e-07
2.4208357626523782e-05 1.446993172460073e-07
2.4200349502690425e-05 1.4974189090530044e-07
2.4191186027670386e-05 1.5478267585637969e-07
2.4180868226755982e-05 1.5982143150788245e-07
2.4169397171312134e-05 1.6485791748684785e-07
2.4156773978750099e-05 1.6989189364831264e-07
2.4142999812497144e-05 1.7492312008490089e-07
2.4128075881966424e-05 1.799513571364075e-07
2.4112003442518151e-05 1.8497636539937463e-07
2.4094783795428494e-05 1.8999790573666075e-07
2.4076418287849444e-05 1.9501573928700217e-07
2.4056908312766528e-05 2.000296274745663e-07
2.4036255308960427e-05 2.0503933201849621e-07
2.4014460760959596e-05 2.1004461494244621e-07
2.3991526198993132e-05 2.1504523858410796e-07
2.3967453198946452e-05 2.2004096560472664e-07
2.3942243382306383e-05 2.250315589986072e-07
2.391589841611096e-05 2.3001678210260895e-07
2.388842001289313e-05 2.3499639860563023e-07
2.3859809930626272e-05 2.3997017255808019e-07
2.3830069972663589e-05 2.4493786838133954e-07
2.3799201987677906e-05 2.4989925087720846e-07
2.3767207869600308e-05 2.5485408523734152e-07
2.3734089557551777e-05 2.5980213705266984e-07
2.3699849035780285e-05 2.6474317232280859e-07
2.3664488333591184e-05 2.6967695746545148e-07
2.3628009525272645e-05 2.7460325932574976e-07
2.3590414730028676e-05 2.795218451856769e-07
2.3551706111899493e-05 2.8443248277337784e-07
2.3511885879687301e-05 2.8933494027250144e-07
2.3470956286875252e-05 2.942289863315183e-07
2.3428919631548627e-05 2.9911439007302078e-07
2.3385778256312213e-05 3.0399092110300632e-07
2.3341534548201404e-05 3.0885834952014321e-07
2.3296190938601696e-05 3.1371644592501848e-07
2.3249749903154582e-05 3.1856498142936807e-07
2.3202213961667773e-05 3.2340372766528696e-07
2.3153585678025812e-05 3.2823245679442181e-07
2.3103867660091248e-05 3.3305094151714221e-07
2.3053062559608086e-05 3.3785895508169427e-07
2.3001173072107622e-05 3.4265627129333132e-07
2.2948201936802306e-05 3.474426645234261e-07
2.2894151936486262e-05 3.5221790971856023e-07
2.283902589742963e-05 3.5698178240959317e-07
2.2782826689274002e-05 3.6173405872070815e-07
2.2725557224919876e-05 3.6647451537843658e-07
2.2667220460420459e-05 3.7120292972065957e-07
2.2607819394869348e-05 3.7591907970558558e-07
2.2547357070281044e-05 3.8062274392070536e-07
2.2485836571482808e-05 3.8531370159172243e-07
2.2423261025990467e-05 3.8999173259145923e-07
2.235963360388974e-05 3.9465661744873839e-07
2.2294957517717472e-05 3.9930813735723917e-07
2.2229236022334835e-05 4.0394607418432799e-07
2.2162472414801392e-05 4.0857021047986294e-07
2.2094670034250856e-05 4.131803294849725e-07
2.2025832261758811e-05 4.177762151408069e-07
2.1955962520212339e-05 4.2235765209726224e-07
2.188506427417726e-05 4.2692442572167771e-07
2.1813141029763635e-05 4.3147632210750494e-07
2.1740196334487641e-05 4.3601312808294778e-07
2.1666233777132627e-05 4.4053463121957487e-07
2.1591256987611967e-05 4.4504061984090238e-07
2.1515269636823069e-05 4.4953088303094768e-07
2.1438275436504639e-05 4.540052106427526e-07
2.1360278139090534e-05 4.5846339330687714e-07
2.128128153756388e-05 4.6290522243986197e-07
2.1201289465303062e-05 4.6733049025266058e-07
2.1120305795934867e-05 4.7173898975903951e-07
2.1038334443180423e-05 4.7613051478394739e-07
2.0955379360696792e-05 4.8050485997185124e-07
2.0871444541924211e-05 4.848618207950409e-07
2.0786534019928064e-05 4.8920119356190048e-07
2.0700651867232788e-05 4.9352277542514643e-07
2.0613802195667749e-05 4.9782636439003194e-07
2.0525989156197839e-05 5.0211175932251787e-07
2.0437216938758401e-05 5.0637875995740913e-07
2.0347489772092281e-05 5.1062716690645612e-07
2.0256811923575699e-05 5.1485678166642156e-07
2.0165187699050415e-05 5.1906740662711171e-07
2.0072621442650262e-05 5.2325884507937221e-07
1.997911753662886e-05 5.2743090122304706e-07
1.9884680401180074e-05 5.3158338017490222e-07
1.9789314494263893e-05 5.3571608797651096e-07
1.969302431142786e-05 5.3982883160210382e-07
1.9595814385620861e-05 5.4392141896637976e-07
1.9497689287018027e-05 5.4799365893227957e-07
1.9398653622831321e-05 5.5204536131872217e-07
1.9298712037123331e-05 5.5607633690830073e-07
1.9197869210625445e-05 5.6008639745494122e-07
1.909612986054183e-05 5.6407535569152118e-07
1.8993498740364572e-05 5.6804302533744894e-07
1.8889980639676032e-05 5.7198922110620306e-07
1.8785580383958995e-05 5.759137587128318e-07
1.8680302834400654e-05 5.7981645488141085e-07
1.8574152887691916e-05 5.8369712735246214e-07
1.846713547583442e-05 5.8755559489032952e-07
1.8359255565935512e-05 5.9139167729051382e-07
1.8250518160006692e-05 5.9520519538696619e-07
1.8140928294764773e-05 5.9899597105933815e-07
1.8030491041421759e-05 6.0276382724019095e-07
1.7919211505480911e-05 6.0650858792216006e-07
1.7807094826527707e-05 6.1023007816507756e-07
1.7694146178022551e-05 6.1392812410305163e-07
1.7580370767085441e-05 6.1760255295150034e-07
1.7465773834288026e-05 6.2125319301414336e-07
1.7350360653438065e-05 6.2487987368994824e-07
1.7234136531361498e-05 6.2848242548003145e-07
1.7117106807688323e-05 6.3206067999451582e-07
1.6999276854635643e-05 6.3561446995934123e-07
1.6880652076781176e-05 6.3914362922303047e-07
1.6761237910850645e-05 6.4264799276340869e-07
1.6641039825488466e-05 6.4612739669427734e-07
1.6520063321034733e-05 6.4958167827204011e-07
1.639831392930371e-05 6.5301067590228375e-07
1.6275797213351705e-05 6.5641422914631025e-07
1.6152518767251559e-05 6.5979217872762303e-07
1.602848421586138e-05 6.6314436653836403e-07
1.590369921459665e-05 6.6647063564570347e-07
1.5778169449192346e-05 6.6977083029818153e-07
1.5651900635473199e-05 6.7304479593200075e-07
1.5524898519118967e-05 6.7629237917727063e-07
1.5397168875424389e-05 6.7951342786420222e-07
1.5268717509063913e-05 6.8270779102925306e-07
1.5139550253852525e-05 6.8587531892122351e-07
1.500967297250451e-05 6.8901586300730242e-07
1.4879091556391894e-05 6.9212927597906242e-07
1.4747811925300931e-05 6.9521541175840549e-07
1.4615840027191193e-05 6.9827412550345658e-07
1.4483181837943605e-05 7.0130527361440808e-07
1.4349843361119419e-05 7.0430871373931061e-07
1.4215830627711183e-05 7.072843047798138e-07
1.4081149695889788e-05 7.1023190689685554e-07
1.3945806650759551e-05 7.1315138151629817e-07
1.3809807604102885e-05 7.1604259133451303e-07
1.367315869412627e-05 7.1890540032391198e-07
1.3535866085211969e-05 7.2173967373842621e-07
1.3397935967656848e-05 7.2454527811893352e-07
1.32593745574191e-05 7.2732208129862894e-07
1.3120188095859888e-05 7.3006995240834554e-07
1.2980382849485947e-05 7.3278876188181889e-07
1.2839965109686562e-05 7.3547838146089945e-07
1.2698941192476935e-05 7.3813868420070806e-07
1.2557317438234507e-05 7.407695444747405e-07
1.2415100211433548e-05 7.4337083797991424e-07
1.2272295900384728e-05 7.4594244174156192e-07
1.2128910916969163e-05 7.4848423411836967e-07
1.1984951696368562e-05 7.5099609480725904e-07
1.1840424696803924e-05 7.5347790484821441e-07
1.1695336399262222e-05 7.5592954662905459e-07
1.1549693307227838e-05 7.5835090389014725e-07
1.1403501946416397e-05 7.6074186172906846e-07
1.1256768864497313e-05 7.631023066052053e-07
1.1109500630826757e-05 7.654321263443015e-07
1.0961703836169338e-05 7.6773121014294698e-07
1.0813385092429224e-05 7.6999944857300937e-07
1.0664551032371064e-05 7.7223673358600941e-07
1.0515208309343736e-05 7.7444295851743795e-07
1.0365363597007022e-05 7.7661801809101616e-07
1.0215023589050251e-05 7.787618084228972e-07
1.0064194998912475e-05 7.8087422702581006e-07
9.9128845595077225e-06 7.8295517281314557e-07
9.7610990229388865e-06 7.8500454610298362e-07
9.6088451602194041e-06 7.8702224862206255e-07
9.4561297609891976e-06 7.8900818350968855e-07
9.3029596332342996e-06 7.9096225532158676e-07
9.1493416029981298e-06 7.9288437003369414e-07
8.9952825141004699e-06 7.9477443504589194e-07
8.8407892278522101e-06 7.9663235918567882e-07
8.6858686227645658e-06 7.984580527117847e-07
8.5305275942666433e-06 8.0025142731772542e-07
8.3747730544158488e-06 8.0201239613529644e-07
8.2186119316063474e-06 8.0374087373800717e-07
8.0620511702850011e-06 8.0543677614445421e-07
7.9050977306569003e-06 8.0710002082163555e-07
7.7477585883954474e-06 8.0873052668820354e-07
7.5900407343516829e-06 8.1032821411765633e-07
7.4319511742620926e-06 8.1189300494147028e-07
7.2734969284538129e-06 8.1342482245216997e-07
7.1146850315518964e-06 8.1492359140633711e-07
6.9555225321873363e-06 8.1638923802755997e-07
6.7960164926981516e-06 8.1782169000931889e-07
6.6361739888362191e-06 8.1922087651781194e-07
6.4760021094717197e-06 8.2058672819471906e-07
6.315507956293682e-06 8.219191771599029e-07
6.1546986435160548e-06 8.2321815701404976e-07
5.9935812975764075e-06 8.2448360284124689e-07
5.8321630568413524e-06 8.2571545121149875e-07
5.6704510713023173e-06 8.2691364018318041e-07
5.508452502281185e-06 8.280781093054285e-07
5.346174522127909e-06 8.2920879962047099e-07
5.183624313917696e-06 8.303056536658925e-07
5.0208090711556692e-06 8.313686154768378e-07
4.8577359974698222e-06 8.3239763058815294e-07
4.6944123063102612e-06 8.3339264603646343e-07
4.5308452206497488e-06 8.3435361036218851e-07
4.3670419726771995e-06 8.3528047361149328e-07
4.2030098034948624e-06 8.3617318733817787e-07
4.0387559628169128e-06 8.3703170460550204e-07
3.8742877086629483e-06 8.3785597998794782e-07
3.7096123070541956e-06 8.3864596957291847e-07
3.544737031708307e-06 8.3940163096237294e-07
3.3796691637352425e-06 8.4012292327439838e-07
3.2144159913291385e-06 8.4080980714471765e-07
3.0489848094644072e-06 8.4146224472813351e-07
2.8833829195899904e-06 8.420801996999099e-07
2.7176176293192784e-06 8.4266363725708796e-07
2.5516962521278342e-06 8.4321252411973884e-07
2.3856261070424444e-06 8.4372682853215245e-07
2.2194145183345067e-06 8.4420652026396251e-07
2.0530688152149354e-06 8.4465157061120724e-07
1.8865963315222367e-06 8.450619523973257e-07
1.7200044054163297e-06 8.4543763997409005e-07
1.5533003790704162e-06 8.4577860922247408e-07
1.3864915983616581e-06 8.4608483755345661e-07
1.2195854125622877e-06 8.4635630390876127e-07
1.0525891740311528e-06 8.4659298876153138e-07
8.8551023790428476e-07 8.4679487411694129e-07
7.1835596178622656e-07 8.4696194351274241e-07
5.5113370543789092e-07 8.4709418201974484e-07
3.838508304702731e-07 8.4719157624223528e-07
2.1651470003556175e-07 8.4725411431832961e-07
4.9132678510551905e-08 8.4728178592026161e-07
-1.1828786880367908e-07 8.4727458225460618e-07
-2.8573957599803326e-07 8.4723249606243919e-07
-4.5321507686666655e-07 8.4715552161943247e-07
-6.2070700520904746e-07 8.4704365473588291e-07
-7.8820799514860412e-07 8.4689689275667893e-07
-9.5571068143836084e-07 8.4671523456120112e-07
-1.1232076997725379e-06 8.4649868056315826e-07
-1.2906916870944647e-06 8.4624723271035959e-07
-1.4581552819100231e-06 8.4596089448442169e-07
-1.6255911245943678e-06 8.4563967090041086e-07
-1.7929918577038514e-06 8.4528356850642139e-07
-1.9603501262854556e-06 8.4489259538308916e-07
-2.1276585781866567e-06 8.4446676114304009e-07
-2.2949098643638803e-06 8.4400607693027437e-07
-2.4620966391948607e-06 8.4351055541948705e-07
-2.6292115607849274e-06 8.4298021081532248e-07
-2.7962472912788222e-06 8.4241505885156581e-07
-2.9631964971686122e-06 8.4181511679026916e-07
-3.130051849603013e-06 8.4118040342081385e-07
-3.2968060246969279e-06 8.4051093905890756e-07
-3.4634517038388199e-06 8.3980674554551844e-07
-3.6299815740007931e-06 8.3906784624574351e-07
-3.7963883280442293e-06 8.3829426604761377e-07
-3.96266466503193e-06 8.3748603136083505e-07
-4.1288032905332107e-06 8.3664317011546358e-07
-4.2947969169301881e-06 8.3576571176051947e-07
-4.4606382637278619e-06 8.3485368726253423e-07
-4.6263200578613778e-06 8.3390712910403544e-07
-4.7918350339990617e-06 8.329260712819667e-07
-4.9571759348525021e-06 8.3191054930604473e-07
-5.1223355114815355e-06 8.3086060019705149e-07
-5.2873065235992328e-06 8.2977626248506395e-07
-5.4520817398780782e-06 8.2865757620761842e-07
-5.6166539382550631e-06 8.2750458290781287e-07
-5.7810159062365645e-06 8.2631732563234492e-07
-5.9451604412012705e-06 8.2509584892948686e-07
-6.1090803507059255e-06 8.2384019884699661e-07
-6.2727684527876058e-06 8.2255042292996596e-07
-6.4362175762678383e-06 8.2122657021860618e-07
-6.5994205610534666e-06 8.1986869124596843e-07
-6.7623702584408783e-06 8.1847683803560442e-07
-6.9250595314170873e-06 8.17051064099161e-07
-7.0874812549596251e-06 8.1559142443391348e-07
-7.2496283163388155e-06 8.1409797552023655e-07
-7.4114936154182076e-06 8.125707753190117e-07
-7.5730700649530563e-06 8.110098832689731e-07
-7.7343505908906464e-06 8.0941536028398935e-07
-7.8953281326673641e-06 8.0778726875028537e-07
-8.05599564350978e-06 8.0612567252360025e-07
-8.2163460907287928e-06 8.0443063692628383e-07
-8.3763724560184357e-06 8.0270222874433104e-07
-8.5360677357530562e-06 8.0094051622435472e-07
-8.6954249412802675e-06 7.991455690704971e-07
-8.8544370992188872e-06 7.9731745844127853e-07
-9.0130972517528645e-06 7.9545625694638565e-07
-9.1713984569229308e-06 7.9356203864339855e-07
-9.3293337889234539e-06 7.9163487903445621e-07
-9.4868963383917034e-06 7.8967485506286084e-07
-9.6440792127016695e-06 7.8768204510962203e-07
-9.8008755362548458e-06 7.8565652898993917e-07
-9.9572784507700367e-06 7.8359838794962396e-07
-1.011328111557349e-05 7.8150770466146333e-07
-1.0268876707888487e-05 7.7938456322151936e-07
-1.0424058423122115e-05 7.7722904914537242e-07
-1.0578819475155397e-05 7.7504124936430179e-07
-1.0733153096626705e-05 7.7282125222140779e-07
-1.0887052539219834e-05 7.7056914746767376e-07
-1.104051107394925e-05 7.6828502625796877e-07
-1.1193521991443287e-05 7.6596898114699037e-07
-1.1346078602228102e-05 7.6362110608514957e-07
-1.1498174237011081e-05 7.612414964143955e-07
-1.164980224696219e-05 7.5883024886398163e-07
-1.180095600399392e-05 7.5638746154617374e-07
-1.1951628901043935e-05 7.5391323395189884e-07
-1.210181435235165e-05 7.5140766694633706e-07
-1.2251505793737963e-05 7.4887086276445265e-07
-1.2400696682882801e-05 7.463029250064712e-07
-1.2549380499601273e-05 7.4370395863329586e-07
-1.2697550746119273e-05 7.4107406996186663e-07
-1.2845200947347781e-05 7.3841336666046376e-07
-1.2992324651157818e-05 7.3572195774395288e-07
-1.3138915428651823e-05 7.3299995356897262e-07
-1.3284966874436434e-05 7.3024746582906752e-07
-1.3430472606892245e-05 7.2746460754976257e-07
-1.3575426268444849e-05 7.2465149308358165e-07
-1.3719821525832207e-05 7.2180823810501106e-07
-1.386365207037396e-05 7.1893495960540619e-07
-1.4006911618236846e-05 7.1603177588784264e-07
-1.4149593910701302e-05 7.1309880656191161e-07
-1.4291692714424927e-05 7.1013617253846098e-07
-1.4433201821707244e-05 7.0714399602428052e-07
-1.4574115050751749e-05 7.0412240051673277e-07
-1.4714426245926991e-05 7.010715107983287e-07
-1.4854129278027211e-05 6.979914529312502e-07
-1.4993218044531144e-05 6.9488235425181702e-07
-1.5131686469860815e-05 6.9174434336490127e-07
-1.5269528505637195e-05 6.8857755013828686e-07
-1.5406738130937158e-05 6.8538210569697696e-07
-1.55433093525474e-05 6.8215814241744727e-07
-1.5679236205218467e-05 6.7890579392184673e-07
-1.5814512751915642e-05 6.7562519507214535e-07
-1.5949133084071886e-05 6.7231648196422988e-07
-1.6083091321836339e-05 6.6897979192194786e-07
-1.6216381614323253e-05 6.6561526349109787e-07
-1.6348998139859732e-05 6.6222303643337044e-07
-1.6480935106231629e-05 6.5880325172023591e-07
-1.6612186750928574e-05 6.5535605152678158e-07
-1.6742747341387705e-05 6.5188157922549885e-07
-1.6872611175235879e-05 6.4837997938001722e-07
-1.7001772580530795e-05 6.448513977387915e-07
-1.7130225916001367e-05 6.4129598122873599e-07
-1.725796557128581e-05 6.377138779488103e-07
-1.7384985967168866e-05 6.3410523716355458e-07
-1.7511281555818159e-05 6.304702092965767e-07
-1.7636846821017841e-05 6.2680894592398962e-07
-1.7761676278403105e-05 6.2312159976779991e-07
-1.7885764475691446e-05 6.1940832468924846e-07
-1.8009105992913051e-05 6.1566927568210221e-07
-1.8131695442640439e-05 6.1190460886589871e-07
-1.825352747021581e-05 6.0811448147914278e-07
-1.8374596753977543e-05 6.0429905187245593e-07
-1.8494898005486028e-05 6.0045847950167862e-07
-1.8614425969746477e-05 5.9659292492092523e-07
-1.8733175425430311e-05 5.9270254977559428e-07
-1.8851141185098619e-05 5.8878751679533091e-07
-1.8968318095418128e-05 5.848479897869437e-07
-1.9084701037381841e-05 5.8088413362727698e-07
-1.9200284926524031e-05 5.768961142560368e-07
-1.9315064713135242e-05 5.7288409866857239e-07
-1.9429035382476849e-05 5.6884825490861286e-07
-1.9542191954991721e-05 5.6478875206095984e-07
-1.9654529486515205e-05 5.6070576024413609e-07
-1.9766043068485193e-05 5.5659945060299038e-07
-1.9876727828148225e-05 5.5246999530125775e-07
-1.9986578928765598e-05 5.4831756751407922e-07
-2.0095591569818932e-05 5.4414234142047665e-07
-2.0203760987211718e-05 5.3994449219578589e-07
-2.0311082453472234e-05 5.3572419600404798e-07
-2.0417551277952166e-05 5.3148162999035799e-07
-2.0523162807024908e-05 5.2721697227317284e-07
-2.0627912424282292e-05 5.2293040193657826e-07
-2.0731795550731535e-05 5.1862209902251436e-07
-2.0834807644985081e-05 5.142922445229606e-07
-2.0936944203456351e-05 5.0994102037208126e-07
-2.1038200760547696e-05 5.055686094383309e-07
-2.1138572888839693e-05 5.0117519551651972e-07
-2.1238056199278333e-05 4.9676096331984071e-07
-2.1336646341361238e-05 4.9232609847185754e-07
-2.1434339003319745e-05 4.878707874984532e-07
-2.1531129912301654e-05 4.8339521781974262e-07
-2.1627014834553861e-05 4.788995777419452e-07
-2.1721989575598376e-05 4.74384056449221e-07
-2.1816049980409537e-05 4.698488439954702e-07
-2.1909191933593283e-05 4.6529413129609488e-07
-2.200141135955629e-05 4.6072011011972513e-07
-2.2092704222679877e-05 4.5612697307990885e-07
-2.21830665274925e-05 4.5151491362676593e-07
-2.2272494318835694e-05 4.4688412603860678e-07
-2.2360983682030656e-05 4.4223480541351653e-07
-2.2448530743048034e-05 4.3756714766090412e-07
-2.2535131668665459e-05 4.3288134949301735e-07
-2.2620782666633919e-05 4.281776084164237e-07
-2.2705479985836105e-05 4.2345612272345812e-07
-2.2789219916444323e-05 4.1871709148363719e-07
-2.2871998790078088e-05 4.1396071453504105e-07
-2.2953812979958942e-05 4.0918719247566221e-07
-2.3034658901061543e-05 4.0439672665472256e-07
-2.311453301026854e-05 3.9958951916395895e-07
-2.3193431806516995e-05 3.9476577282887716e-07
-2.3271351830945618e-05 3.8992569119997478e-07
-2.3348289667045091e-05 3.8506947854393412e-07
-2.3424241940797391e-05 3.8019733983478386e-07
-2.3499205320818791e-05 3.7530948074503224e-07
-2.357317651850466e-05 3.7040610763676936e-07
-2.3646152288162654e-05 3.6548742755274152e-07
-2.3718129427151443e-05 3.6055364820739632e-07
-2.3789104776017803e-05 3.5560497797789947e-07
-2.3859075218627106e-05 3.5064162589512397e-07
-2.3928037682295481e-05 3.4566380163461118e-07
-2.3995989137919809e-05 3.4067171550750547e-07
-2.4062926600104738e-05 3.3566557845146124e-07
-2.4128847127288452e-05 3.3064560202152442e-07
-2.4193747821867626e-05 3.2561199838098733e-07
-2.4257625830316953e-05 3.2056498029221813e-07
-2.4320478343311939e-05 3.1550476110746519e-07
-2.4382302595846747e-05 3.1043155475963607e-07
-2.4443095867348263e-05 3.0534557575305327e-07
-2.4502855481792912e-05 3.0024703915418441e-07
-2.4561578807820125e-05 2.9513616058234979e-07
-2.4619263258838587e-05 2.9001315620040614e-07
-2.4675906293139538e-05 2.8487824270540843e-07
-2.4731505414002809e-05 2.7973163731924782e-07
-2.4786058169798571e-05 2.745735577792685e-07
-2.4839562154094295e-05 2.6940422232886301e-07
-2.4892015005754362e-05 2.6422384970804543e-07
-2.4943414409039021e-05 2.5903265914400446e-07
-2.4993758093700021e-05 2.5383087034163578e-07
-2.5043043835080108e-05 2.4861870347405455e-07
-2.5091269454202881e-05 2.433963791730876e-07
-2.5138432817863352e-05 2.3816411851974732e-07
-2.5184531838722836e-05 2.3292214303468625e-07
-2.5229564475390487e-05 2.2767067466863284e-07
-2.5273528732510303e-05 2.2240993579280984e-07
-2.5316422660848513e-05 2.1714014918933495e-07
-2.5358244357369988e-05 2.1186153804160389e-07
-2.5398991965320963e-05 2.0657432592465689e-07
-2.543866367430591e-05 2.0127873679552914e-07
-2.5477257720363022e-05 1.9597499498358449e-07
-2.5514772386038266e-05 1.9066332518083434e-07
-2.5551206000457239e-05 1.8534395243224105e-07
-2.5586556939394853e-05 1.8001710212600649e-07
-2.562082362534142e-05 1.746829999838465e-07
-2.5654004527572987e-05 1.6934187205125123e-07
-2.5686098162208367e-05 1.6399394468773235e-07
-2.5717103092276331e-05 1.5863944455705685e-07
-2.5747017927776216e-05 1.5327859861746804e-07
-2.577584132572796e-05 1.4791163411189472e-07
-2.5803571990236232e-05 1.4253877855814846e-07
-2.5830208672542504e-05 1.3716025973910902e-07
-2.585575017107126e-05 1.3177630569289923e-07
-2.5880195331486028e-05 1.2638714470304955e-07
-2.5903543046735766e-05 1.2099300528865143e-07
-2.59257922570993e-05 1.1559411619450195e-07
-2.5946941950226273e-05 1.1019070638123888e-07
-2.5966991161186778e-05 1.0478300501546669e-07
-2.5985938972503594e-05 9.9371241459873958e-08
-2.600378451419093e-05 9.3955645263343278e-08
-2.6020526963795257e-05 8.8536446151053062e-08
-2.603616554642144e-05 8.3113874014572161e-08
-2.6050699534772091e-05 7.7688158901947845e-08
-2.6064128249167796e-05 7.2259531007787428e-08
-2.6076451057583088e-05 6.6828220663334224e-08
-2.6087667375669447e-05 6.1394458326537125e-08
-2.609777666677443e-05 5.595847457211588e-08
-2.6106778441968279e-05 5.0520500081621841e-08
-2.6114672260063624e-05 4.5080765633493545e-08
-2.6121457727626299e-05 3.9639502093109173e-08
-2.6127134498997242e-05 3.4196940402835899e-08
-2.6131702276304666e-05 2.8753311572075289e-08
-2.6135160809472658e-05 2.3308846667306847e-08
-2.6137509896229302e-05 1.7863776802129562e-08
-2.6138749382121047e-05 1.2418333127301405e-08
-2.6138879160510349e-05 6.9727468207773188e-09
-2.61378991725789e-05 1.5272490777471832e-09
-2.6135809407336057e-05 -3.9179288993272784e-09
-2.6132609901610101e-05 -9.3625559106758162e-09
-2.6128300740045678e-05 -1.4806400769181628e-08
-2.6122882055105095e-05 -2.0249232310343163e-08
-2.6116354027054836e-05 -2.5690819402234811e-08
-2.6108716883956269e-05 -3.1130930955465103e-08
-2.6099970901660591e-05 -3.6569335933133541e-08
-2.6090116403788893e-05 -4.2005803360784538e-08
-2.6079153761720145e-05 -4.7440102336358364e-08
-2.6067083394572538e-05 -5.2872002040138852e-08
-2.6053905769185502e-05 -5.8301271744696952e-08
-2.6039621400096011e-05 -6.3727680824830471e-08
-2.6024230849520157e-05 -6.9150998767498778e-08
-2.6007734727318655e-05 -7.4570995181752831e-08
-2.5990133690977681e-05 -7.9987439808658693e-08
-2.5971428445578656e-05 -8.5400102531216617e-08
-2.595161974375879e-05 -9.0808753384272597e-08
-2.5930708385686242e-05 -9.6213162564423112e-08
-2.5908695219023487e-05 -1.016131004399137e-07
-2.5885581138881565e-05 -1.070083375605288e-07
-2.5861367087789706e-05 -1.1239864466747372e-07
-2.5836054055651707e-05 -1.1778379270324884e-07
-2.5809643079695855e-05 -1.2316355282151419e-07
-2.5782135244436044e-05 -1.2853769639694462e-07
-2.5753531681623799e-05 -1.3390599503507584e-07
-2.5723833570194163e-05 -1.3926822058214018e-07
-2.5693042136213978e-05 -1.4462414513489101e-07
-2.566115865283475e-05 -1.499735410504169e-07
-2.562818444023032e-05 -1.553161809559445e-07
-2.559412086553786e-05 -1.6065183775862869e-07
-2.5558969342806125e-05 -1.6598028465533116e-07
-2.5522731332926202e-05 -1.7130129514238663e-07
-2.548540834356746e-05 -1.7661464302535469e-07
-2.5447001929118949e-05 -1.819201024287595e-07
-2.5407513690614293e-05 -1.8721744780581504e-07
-2.5366945275662162e-05 -1.9250645394813548e-07
-2.5325298378381389e-05 -1.9778689599543168e-07
-2.5282574739318915e-05 -2.0305854944519212e-07
-2.5238776145378535e-05 -2.0832119016234811e-07
-2.5193904429741915e-05 -2.1357459438892313e-07
-2.514796147178879e-05 -2.1881853875366592e-07
-2.5100949197014838e-05 -2.2405280028166629e-07
-2.5052869576951939e-05 -2.2927715640395444e-07
-2.5003724629073574e-05 -2.344913849670821e-07
-2.4953516416715546e-05 -2.3969526424268509e-07
-2.4902247048986506e-05 -2.4488857293702906e-07
-2.4849918680666959e-05 -2.5007109020053463e-07
-2.4796533512128733e-05 -2.5524259563728413e-07
-2.4742093789230249e-05 -2.6040286931450906e-07
-2.4686601803219509e-05 -2.6555169177205585e-07
-2.4630059890642806e-05 -2.7068884403183318e-07
-2.4572470433234734e-05 -2.7581410760723713e-07
-2.4513835857816217e-05 -2.8092726451255487e-07
-2.4454158636196498e-05 -2.8602809727234789e-07
-2.4393441285057373e-05 -2.9111638893081181e-07
-2.4331686365848971e-05 -2.9619192306111459e-07
-2.426889648467792e-05 -3.0125448377471114e-07
-2.4205074292194266e-05 -3.0630385573063531e-07
-2.4140222483476381e-05 -3.113398241447677e-07
-2.4074343797918696e-05 -3.1636217479907967e-07
-2.4007441019103875e-05 -3.2137069405085279e-07
-2.3939516974691628e-05 -3.2636516884187327e-07
-2.3870574536295492e-05 -3.3134538670760106e-07
-2.3800616619350451e-05 -3.3631113578631409e-07
-2.3729646182996545e-05 -3.4126220482822524e-07
-2.3657666229949417e-05 -3.4619838320457378e-07
-2.3584679806362945e-05 -3.5111946091668969e-07
-2.3510690001706783e-05 -3.5602522860503028e-07
-2.3435699948631589e-05 -3.6091547755819051e-07
-2.3359712822826459e-05 -3.6578999972188409e-07
-2.3282731842889741e-05 -3.706485877078962e-07
-2.3204760270189608e-05 -3.7549103480300865e-07
-2.3125801408718392e-05 -3.8031713497789487e-07
-2.3045858604951047e-05 -3.8512668289598551e-07
-2.2964935247707613e-05 -3.8991947392230403e-07
-2.2883034767999045e-05 -3.9469530413227343e-07
-2.2800160638879272e-05 -3.9945397032048995e-07
-2.2716316375304363e-05 -4.0419527000946742e-07
-2.2631505533971246e-05 -4.0891900145835024e-07
-2.2545731713165924e-05 -4.1362496367159371e-07
-2.2458998552615534e-05 -4.1831295640761255e-07
-2.2371309733322465e-05 -4.2298278018739775e-07
-2.2282668977410673e-05 -4.2763423630309913e-07
-2.2193080047964075e-05 -4.3226712682657567e-07
-2.2102546748864254e-05 -4.3688125461791194e-07
-2.2011072924626898e-05 -4.4147642333390055e-07
-2.1918662460235704e-05 -4.4605243743649048e-07
-2.1825319280975683e-05 -4.5060910220119987e-07
-2.1731047352262071e-05 -4.5514622372549558e-07
-2.1635850679475204e-05 -4.5966360893713485e-07
-2.1539733307778268e-05 -4.6416106560247372e-07
-2.1442699321951302e-05 -4.6863840233473717e-07
-2.1344752846215724e-05 -4.7309542860225462e-07
-2.1245898044047848e-05 -4.775319547366571e-07
-2.1146139118008553e-05 -4.8194779194103807e-07
-2.1045480309561681e-05 -4.8634275229807659e-07
-2.0943925898883435e-05 -4.9071664877812285e-07
-2.0841480204686845e-05 -4.9506929524724472e-07
-2.0738147584034258e-05 -4.9940050647523659e-07
-2.063393243214635e-05 -5.0371009814358864e-07
-2.0528839182212344e-05 -5.0799788685341767e-07
-2.0422872305207263e-05 -5.1226369013335713e-07
-2.0316036309690646e-05 -5.16507326447409e-07
-2.0208335741613839e-05 -5.2072861520275331e-07
-2.0099775184131822e-05 -5.2492737675751844e-07
-1.9990359257397543e-05 -5.2910343242851101e-07
-1.9880092618363722e-05 -5.332566044989029e-07
-1.9768979960590625e-05 -5.3738671622587724e-07
-1.9657026014033882e-05 -5.41493591848234e-07
-1.9544235544849929e-05 -5.4557705659395105e-07
-1.94306133551815e-05 -5.496369366877043e-07
-1.9316164282959106e-05 -5.5367305935834405e-07
-1.9200893201693197e-05 -5.5768525284632858e-07
-1.9084805020255584e-05 -5.6167334641111489e-07
-1.8967904682677022e-05 -5.6563717033850378e-07
-1.8850197167934375e-05 -5.6957655594794241e-07
-1.8731687489731289e-05 -5.7349133559978256e-07
-1.8612380696282974e-05 -5.7738134270249244e-07
-1.8492281870107494e-05 -5.8124641171982474e-07
-1.8371396127797547e-05 -5.8508637817793976e-07
-1.8249728619802101e-05 -5.8890107867248146e-07
-1.8127284530212594e-05 -5.9269035087560802e-07
-1.8004069076531237e-05 -5.9645403354297717e-07
-1.7880087509447779e-05 -6.0019196652068329e-07
-1.7755345112621689e-05 -6.0390399075214876e-07
-1.7629847202446018e-05 -6.0758994828496833e-07
-1.7503599127819823e-05 -6.112496822777045e-07
-1.7376606269926343e-05 -6.1488303700663631e-07
-1.7248874041992518e-05 -6.1848985787246113e-07
-1.7120407889060227e-05 -6.2206999140694568e-07
-1.6991213287752749e-05 -6.2562328527953037e-07
-1.6861295746037862e-05 -6.2914958830388369e-07
-1.6730660802991818e-05 -6.3264875044440749e-07
-1.6599314028564391e-05 -6.3612062282269461e-07
-1.646726102333114e-05 -6.3956505772393383e-07
-1.633450741826139e-05 -6.4298190860326633e-07
-1.6201058874475366e-05 -6.4637103009209293e-07
-1.6066921082993207e-05 -6.4973227800432917e-07
-1.5932099764498823e-05 -6.5306550934260955e-07
-1.579660066909367e-05 -6.5637058230444216e-07
-1.5660429576042512e-05 -6.5964735628831048e-07
-1.5523592293531746e-05 -6.6289569189972462e-07
-1.5386094658420904e-05 -6.6611545095721965e-07
-1.5247942535983965e-05 -6.6930649649830339e-07
-1.5109141819664973e-05 -6.7246869278535027e-07
-1.4969698430824011e-05 -6.7560190531144275e-07
-1.4829618318479591e-05 -6.7870600080616204e-07
-1.4688907459052027e-05 -6.8178084724132144e-07
-1.4547571856114933e-05 -6.8482631383665133e-07
-1.4405617540128621e-05 -6.8784227106542665e-07
-1.4263050568182707e-05 -6.9082859066004245e-07
-1.4119877023741978e-05 -6.937851456175347e-07
-1.3976103016378701e-05 -6.9671181020504719e-07
-1.3831734681509053e-05 -6.9960845996524383e-07
-1.3686778180138875e-05 -7.024749717216655e-07
-1.3541239698589263e-05 -7.0531122358403292e-07
-1.339512544823538e-05 -7.0811709495349378e-07
-1.3248441665239421e-05 -7.1089246652781421e-07
-1.3101194610282163e-05 -7.1363722030651428e-07
-1.2953390568294621e-05 -7.1635123959594938e-07
-1.2805035848188198e-05 -7.1903440901433307e-07
-1.265613678258276e-05 -7.2168661449670504e-07
-1.2506699727536132e-05 -7.2430774329984249e-07
-1.2356731062272718e-05 -7.2689768400711417e-07
-1.2206237188902807e-05 -7.2945632653327832e-07
-1.2055224532155095e-05 -7.3198356212922189e-07
-1.190369953910054e-05 -7.3447928338664422e-07
-1.1751668678867976e-05 -7.369433842426827e-07
-1.1599138442374693e-05 -7.3937575998447878e-07
-1.1446115342046161e-05 -7.4177630725368919e-07
-1.1292605911529812e-05 -7.4414492405093666e-07
-1.1138616705425389e-05 -7.4648150974020295e-07
-1.0984154298994387e-05 -7.4878596505316323e-07
-1.0829225287881843e-05 -7.5105819209346284e-07
-1.0673836287833252e-05 -7.5329809434093311e-07
-1.0517993934409313e-05 -7.5550557665575005e-07
-1.0361704882701759e-05 -7.576805452825324e-07
-1.0204975807048106e-05 -7.5982290785438138e-07
-1.0047813400743903e-05 -7.6193257339685977e-07
-9.890224375756285e-06 -7.6400945233191187e-07
-9.7322154624382906e-06 -7.6605345648172383e-07
-9.5737934092329779e-06 -7.6806449907252293e-07
-9.4149649823903423e-06 -7.7004249473831693e-07
-9.2557369656776165e-06 -7.7198735952457414e-07
-9.096116160080465e-06 -7.7389901089184059e-07
-8.9361093835182721e-06 -7.757773677192988e-07
-8.7757234705514078e-06 -7.7762235030826446e-07
-8.614965272080795e-06 -7.79433880385622e-07
-8.4538416550618972e-06 -7.8121188110719926e-07
-8.292359502207647e-06 -7.8295627706108152e-07
-8.1305257116910494e-06 -7.8466699427086271e-07
-7.9683471968481105e-06 -7.8634396019883548e-07
-7.8058308858875965e-06 -7.8798710374912042e-07
-7.6429837215875656e-06 -7.8959635527073242e-07
-7.4798126609974293e-06 -7.9117164656058493e-07
-7.3163246751456511e-06 -7.9271291086643326e-07
-7.1525267487333516e-06 -7.9422008288975407e-07
-6.9884258798363691e-06 -7.9569309878856334e-07
-6.8240290796100318e-06 -7.9713189618017231e-07
-6.6593433719821116e-06 -7.9853641414387989e-07
-6.4943757933516328e-06 -7.9990659322360214e-07
-6.3291333922935351e-06 -8.0124237543044015e-07
-6.1636232292482671e-06 -8.0254370424518414e-07
-5.9978523762234132e-06 -8.0381052462075412e-07
-5.8318279164887082e-06 -8.0504278298457828e-07
-5.6655569442728938e-06 -8.0624042724090751e-07
-5.4990465644578655e-06 -8.0740340677306713e-07
-5.332303892277698e-06 -8.0853167244564371e-07
-5.1653360530065032e-06 -8.0962517660661069e-07
-4.9981501816582152e-06 -8.1068387308938831e-07
-4.8307534226817118e-06 -8.1170771721484042e-07
-4.6631529296470471e-06 -8.1269666579320796e-07
-4.4953558649451272e-06 -8.13650677125978e-07
-4.3273693994800135e-06 -8.1456971100768887e-07
-4.159200712355697e-06 -8.1545372872767185e-07
-3.9908569905742564e-06 -8.1630269307172701e-07
-3.8223454287264263e-06 -8.1711656832373763e-07
-3.6536732286783719e-06 -8.178953202672173e-07
-3.4848475992674613e-06 -8.1863891618679503e-07
-3.3158757559931598e-06 -8.1934732486963451e-07
-3.1467649207043459e-06 -8.2002051660679055e-07
-2.9775223212892294e-06 -8.2065846319449817e-07
-2.8081551913705823e-06 -8.2126113793540022e-07
-2.6386707699901273e-06 -8.2182851563970872e-07
-2.4690763012980227e-06 -8.2236057262630121e-07
-2.2993790342470087e-06 -8.2285728672375381e-07
-2.1295862222765792e-06 -8.2331863727130822e-07
-1.9597051230022498e-06 -8.2374460511977487e-07
-1.7897429979076441e-06 -8.2413517263236947e-07
-1.6197071120302919e-06 -8.2449032368548794e-07
-1.4496047336476445e-06 -8.2481004366941271e-07
-1.2794431339719801e-06 -8.2509431948895642e-07
-1.1092295868322987e-06 -8.2534313956404025e-07
-9.3897136836630039e-07 -8.2555649383020677e-07
-7.6867575670358165e-07 -8.2573437373906828e-07
-5.9835003165804694e-07 -8.2587677225868929e-07
-4.2800147441587541e-07 -8.2598368387390539e-07
-2.576373672190423e-07 -8.2605510458657561e-07
-8.7264993053827629e-08 -8.2609103191577061e-07
8.3108364656446672e-08 -8.2609146489789534e-07
2.5347542236995538e-07 -8.2605640408674682e-07
4.2382889673742759e-07 -8.2598585155350642e-07
5.9416150491071063e-07 -8.2587981088666809e-07
7.6446596485979079e-07 -8.2573828719190036e-07
9.3473499568439301e-07 -8.2556128709184362e-07
1.1049613179227617e-06 -8.2534881872584298e-07
1.2751376538675972e-06 -8.2510089174961473e-07
1.4452567278786313e-06 -8.2481751733484953e-07
1.6153112666899986e-06 -8.2449870816874853e-07
1.7852939997273654e-06 -8.2414447845349674e-07
1.9551976594175784e-06 -8.2375484390566917e-07
2.1250149814997215e-06 -8.2332982175557371e-07
2.2947387053381257e-06 -8.228694307465281e-07
2.4643615742331012e-06 -8.2237369113407274e-07
2.6338763357306935e-06 -8.2184262468511809e-07
2.8032757419382956e-06 -8.2127625467702763e-07
2.972552549830392e-06 -8.2067460589663512e-07
3.1416995215607013e-06 -8.2003770463919866e-07
3.3107094247750764e-06 -8.1936557870728883e-07
3.4795750329189848e-06 -8.186582574096123e-07
3.6482891255471559e-06 -8.1791577155977207e-07
3.8168444886364826e-06 -8.1713815347496133e-07
3.9852339148925249e-06 -8.1632543697459364e-07
4.1534502040579653e-06 -8.154776573788697e-07
4.3214861632246424e-06 -8.1459485150727783e-07
4.4893346071403798e-06 -8.1367705767703135e-07
4.6569883585152738e-06 -8.1272431570144214e-07
4.8244402483326419e-06 -8.1173666688822894e-07
4.9916831161558525e-06 -8.1071415403776128e-07
5.1587098104324434e-06 -8.0965682144124172e-07
5.3255131888044205e-06 -8.0856471487882123e-07
5.4920861184137859e-06 -8.0743788161765259e-07
5.6584214762063316e-06 -8.0627637040987962e-07
5.8245121492392273e-06 -8.0508023149056241e-07
5.990351034987091e-06 -8.0384951657553886e-07
6.1559310416422043e-06 -8.0258427885922332e-07
6.3212450884232935e-06 -8.0128457301234149e-07
6.4862861058771542e-06 -7.9995045517960192e-07
6.6510470361813611e-06 -7.9858198297730411e-07
6.8155208334481692e-06 -7.9717921549088435e-07
6.9797004640261397e-06 -7.9574221327239742e-07
7.1435789068006799e-06 -7.9427103833793633e-07
7.307149153497729e-06 -7.927657541649886e-07
7.470404208982347e-06 -7.9122642568973011e-07
7.6333370915577375e-06 -7.8965311930425732e-07
7.7959408332677407e-06 -7.8804590285375477e-07
7.9582084801937958e-06 -7.8640484563360235e-07
8.1201330927515789e-06 -7.8473001838642059e-07
8.2817077459929533e-06 -7.8302149329905133e-07
8.4429255298983791e-06 -7.8127934399947947e-07
8.6037795496750683e-06 -7.795036455536904e-07
8.7642629260541649e-06 -7.7769447446246861e-07
8.9243687955838048e-06 -7.7585190865813146e-07
9.0840903109227177e-06 -7.7397602750120368e-07
9.2434206411364309e-06 -7.7206691177703078e-07
9.4023529719893537e-06 -7.7012464369233019e-07
9.5608805062348014e-06 -7.6814930687168185e-07
9.7189964639096812e-06 -7.6614098635395853e-07
9.8766940826224567e-06 -7.640997685886947e-07
1.0033966617845774e-05 -7.6202574143239588e-07
1.0190807343203666e-05 -7.5991899414478662e-07
1.0347209550760168e-05 -7.5777961738499875e-07
1.050316655130815e-05 -7.5560770320769979e-07
1.0658671674655977e-05 -7.5340334505916199e-07
1.0813718269911355e-05 -7.5116663777326961e-07
1.0968299705769731e-05 -7.4889767756746939e-07
1.1122409370796504e-05 -7.4659656203866049e-07
1.1276040673710553e-05 -7.4426339015902428e-07
1.1429187043668831e-05 -7.4189826227179719e-07
1.1581841930546205e-05 -7.3950128008698325e-07
1.1733998805215935e-05 -7.3707254667700807e-07
1.1885651159832108e-05 -7.3461216647231553e-07
1.2036792508106331e-05 -7.3212024525690542e-07
1.2187416385586584e-05 -7.2959689016381227e-07
1.2337516349935425e-05 -7.2704220967052875e-07
1.248708598120484e-05 -7.2445631359436835e-07
1.2636118882111843e-05 -7.2183931308777284e-07
1.2784608678313649e-05 -7.1919132063356179e-07
1.2932549018680132e-05 -7.165124500401249e-07
1.3079933575565962e-05 -7.1380281643655771e-07
1.3226756045083173e-05 -7.1106253626774024e-07
1.3373010147370366e-05 -7.0829172728935949e-07
1.3518689626862142e-05 -7.0549050856287694e-07
1.366378825255754e-05 -7.026590004504374e-07
1.3808299818287846e-05 -6.9979732460972427e-07
1.3952218142981019e-05 -6.9690560398875887e-07
1.4095537070928955e-05 -6.9398396282064321e-07
1.4238250472049427e-05 -6.9103252661824963e-07
1.4380352242149438e-05 -6.8805142216885379e-07
1.4521836303188788e-05 -6.8504077752871448e-07
1.4662696603537904e-05 -6.8200072201759707e-07
1.4802927118239234e-05 -6.7893138621324542e-07
1.4942521849264532e-05 -6.7583290194579707e-07
1.5081474825773332e-05 -6.7270540229214742e-07
1.5219780104367298e-05 -6.6954902157025758e-07
1.5357431769346752e-05 -6.6636389533341238e-07
1.5494423932962639e-05 -6.6315016036442195e-07
1.5630750735670987e-05 -6.5990795466977254e-07
1.5766406346382172e-05 -6.5663741747372539e-07
1.5901384962711904e-05 -6.5333868921236133e-07
1.6035680811230381e-05 -6.5001191152757577e-07
1.6169288147709266e-05 -6.466572272610195e-07
1.6302201257368241e-05 -6.4327478044799058e-07
1.6434414455119054e-05 -6.3986471631127319e-07
1.6565922085812071e-05 -6.3642718125492619e-07
1.6696718524475017e-05 -6.3296232285802143e-07
1.6826798176557026e-05 -6.294702898683304e-07
1.6956155478167821e-05 -6.2595123219596333e-07
1.7084784896314936e-05 -6.2240530090695462e-07
1.7212680929143214e-05 -6.188326482168027e-07
1.7339838106168889e-05 -6.1523342748395765e-07
1.7466250988514747e-05 -6.1160779320326143e-07
1.7591914169144533e-05 -6.0795590099933863e-07
1.7716822273091716e-05 -6.0427790761993906e-07
1.7840969957693678e-05 -6.0057397092923235e-07
1.7964351912818526e-05 -5.9684424990105401e-07
1.8086962861092997e-05 -5.9308890461210483e-07
1.8208797558129483e-05 -5.8930809623510252e-07
1.8329850792750467e-05 -5.8550198703188576e-07
1.8450117387211647e-05 -5.8167074034647325e-07
1.8569592197424959e-05 -5.778145205980736e-07
1.8688270113177805e-05 -5.739334932740524e-07
1.8806146058353464e-05 -5.7002782492285126e-07
1.8923214991148265e-05 -5.6609768314686146e-07
1.9039471904286798e-05 -5.6214323659525369e-07
1.9154911825238537e-05 -5.5816465495676142e-07
1.9269529816429479e-05 -5.5416210895242111e-07
1.9383320975454319e-05 -5.5013577032826654e-07
1.9496280435287328e-05 -5.4608581184798082e-07
1.9608403364490578e-05 -5.4201240728550396e-07
1.9719684967420368e-05 -5.3791573141759663e-07
1.9830120484433552e-05 -5.3379596001636175e-07
1.9939705192092017e-05 -5.2965326984172383e-07
2.0048434403365433e-05 -5.2548783863386368e-07
2.0156303467830036e-05 -5.2129984510561406e-07
2.0263307771871322e-05 -5.1708946893481183e-07
2.0369442738879095e-05 -5.1285689075660868e-07
2.0474703829444522e-05 -5.0860229215574156e-07
2.0579086541556372e-05 -5.0432585565876237e-07
2.0682586410792649e-05 -5.0002776472622604e-07
2.0785199010510489e-05 -4.957082037448403e-07
2.0886919952039856e-05 -4.9136735801957465e-07
2.0987744884867526e-05 -4.8700541376573017e-07
2.1087669496827588e-05 -4.8262255810097028e-07
2.1186689514282391e-05 -4.7821897903731302e-07
2.1284800702310277e-05 -4.7379486547308466e-07
2.138199886488187e-05 -4.6935040718483545e-07
2.147827984504575e-05 -4.6488579481921794e-07
2.157363952510127e-05 -4.6040121988482766e-07
2.1668073826779783e-05 -4.5589687474400678e-07
2.1761578711417191e-05 -4.5137295260461123e-07
2.1854150180125847e-05 -4.4682964751174213e-07
2.1945784273968516e-05 -4.4226715433944073e-07
2.2036477074128538e-05 -4.3768566878234727e-07
2.2126224702073867e-05 -4.3308538734732625e-07
2.2215023319728706e-05 -4.2846650734505518e-07
2.230286912963483e-05 -4.2382922688157982e-07
2.238975837511411e-05 -4.1917374484983513e-07
2.2475687340430602e-05 -4.145002609211325e-07
2.2560652350951606e-05 -4.0980897553661356e-07
2.2644649773303029e-05 -4.051000898986704e-07
2.2727676015523726e-05 -4.0037380596233432e-07
2.2809727527224653e-05 -3.9563032642663135e-07
2.289080079973595e-05 -3.9086985472590629e-07
2.2970892366259098e-05 -3.8609259502111518e-07
2.3049998802017794e-05 -3.8129875219108638e-07
2.3128116724403173e-05 -3.7648853182375079e-07
2.3205242793116387e-05 -3.7166214020734251e-07
2.3281373710316866e-05 -3.6681978432156823e-07
2.335650622075936e-05 -3.6196167182874775e-07
2.3430637111935052e-05 -3.5708801106492546e-07
2.3503763214211362e-05 -3.5219901103095186e-07
2.3575881400965794e-05 -3.4729488138353758e-07
2.3646988588718425e-05 -3.423758324262788e-07
2.3717081737269165e-05 -3.3744207510065514e-07
2.3786157849821571e-05 -3.324938209769999e-07
2.3854213973117672e-05 -3.2753128224544369e-07
2.3921247197562052e-05 -3.225546717068312e-07
2.3987254657344419e-05 -3.1756420276361178e-07
2.4052233530564454e-05 -3.1256008941070467e-07
2.4116181039356328e-05 -3.0754254622633793e-07
2.4179094450000216e-05 -3.0251178836286336e-07
2.424097107304714e-05 -2.9746803153754588e-07
2.4301808263430696e-05 -2.9241149202332948e-07
2.4361603420578132e-05 -2.8734238663957854e-07
2.4420353988528634e-05 -2.8226093274279668e-07
2.4478057456035892e-05 -2.7716734821732118e-07
2.4534711356678958e-05 -2.7206185146599672e-07
2.4590313268969962e-05 -2.6694466140082499e-07
2.4644860816456734e-05 -2.6181599743359308e-07
2.4698351667819512e-05 -2.5667607946648091e-07
2.4750783536981179e-05 -2.5152512788264754e-07
2.4802154183195166e-05 -2.4636336353679587e-07
2.4852461411148071e-05 -2.4119100774571844e-07
2.4901703071053929e-05 -2.3600828227882241e-07
2.4949877058740353e-05 -2.308154093486355e-07
2.4996981315744053e-05 -2.2561261160129335e-07
2.5043013829400499e-05 -2.2040011210700752e-07
2.5087972632924178e-05 -2.1517813435051537e-07
2.5131855805499641e-05 -2.0994690222151297e-07
2.5174661472360108e-05 -2.047066400050692e-07
2.5216387804867372e-05 -1.9945757237202467e-07
2.5257033020591109e-05 -1.9419992436937275e-07
2.5296595383389247e-05 -1.8893392141062479e-07
2.5335073203475156e-05 -1.8365978926615974e-07
2.5372464837496823e-05 -1.7837775405355852e-07
2.5408768688604588e-05 -1.7308804222792298e-07
2.5443983206517931e-05 -1.6779088057218104e-07
2.5478106887593722e-05 -1.6248649618737773e-07
2.5511138274892736e-05 -1.5717511648295209e-07
2.5543075958241456e-05 -1.5185696916700059e-07
2.5573918574286683e-05 -1.4653228223652892e-07
2.5603664806564527e-05 -1.4120128396769027e-07
2.5632313385547264e-05 -1.3586420290601198e-07
2.5659863088702537e-05 -1.3052126785661095e-07
2.5686312740546931e-05 -1.2517270787439749e-07
2.5711661212695475e-05 -1.1981875225426806e-07
2.5735907423905097e-05 -1.1445963052128885e-07
2.5759050340130415e-05 -1.0909557242086851e-07
2.5781088974558369e-05 -1.0372680790892178e-07
2.5802022387660093e-05 -9.8353567142024039e-08
2.5821849687222026e-05 -9.2976080467557155e-08
2.5840570028393286e-05 -8.7594578413847238e-08
2.5858182613712829e-05 -8.2209291680294527e-08
2.5874686693153556e-05 -7.6820451127495946e-08
2.589008156414377e-05 -7.1428287767360821e-08
2.59043665716078e-05 -6.6033032753220028e-08
2.5917541107988328e-05 -6.0634917369928765e-08
2.5929604613271933e-05 -5.5234173023964179e-08
2.5940556575014571e-05 -4.9831031233517684e-08
2.595039652836805e-05 -4.4425723618582005e-08
2.5959124056090792e-05 -3.9018481891034221e-08
2.596673878857484e-05 -3.3609537844714872e-08
2.5973240403858367e-05 -2.8199123345503081e-08
2.5978628627635997e-05 -2.2787470321389091e-08
2.5982903233274391e-05 -1.7374810752544285e-08
2.5986064041824464e-05 -1.1961376661388165e-08
2.5988110922025765e-05 -6.5474001026537567e-09
2.5989043790309162e-05 -1.1331131534522348e-09
2.5988862610809431e-05 4.2812520966642781e-09
2.5987567395356909e-05 9.6954635556399356e-09
2.5985158203483099e-05 1.5109289138852426e-08
2.5981635142418705e-05 2.0522496779050529e-08
2.5976998367086959e-05 2.593485443629069e-08
2.5971248080097727e-05 3.1346130107872409e-08
2.5964384531736623e-05 3.6756091838271828e-08
2.5956408019956546e-05 4.2164507729073186e-08
2.5947318890369142e-05 4.7571145948898777e-08
2.5937117536220583e-05 5.2975774743335202e-08
2.5925804398384335e-05 5.8378162444856529e-08
2.5913379965338267e-05 6.3778077482744305e-08
2.5899844773140611e-05 6.9175288393002504e-08
2.5885199405411088e-05 7.4569563828268284e-08
2.5869444493308011e-05 7.996067256771818e-08
2.5852580715497996e-05 8.5348383526968833e-08
2.5834608798124161e-05 9.0732465767971091e-08
2.5815529514783769e-05 9.6112688508899011e-08
2.5795343686485663e-05 1.0148882113403127e-07
2.5774052181620232e-05 1.0686063320362558e-07
2.5751655915924024e-05 1.1222789446378645e-07
2.5728155852438494e-05 1.1759037485632419e-07
2.5703553001463924e-05 1.2294784452860567e-07
2.5677848420526899e-05 1.283000738433964e-07
2.5651043214323615e-05 1.3364683338869332e-07
2.5623138534683598e-05 1.3898789398754823e-07
2.5594135580509668e-05 1.4432302670788084e-07
2.5564035597737514e-05 1.4965200287228157e-07
2.5532839879271259e-05 1.549745940678033e-07
2.5500549764940003e-05 1.6029057215574196e-07
2.5467166641428269e-05 1.6559970928140534e-07
2.5432691942227565e-05 1.7090177788386945e-07
2.5397127147570387e-05 1.761965507057234e-07
2.5360473784363265e-05 1.814838008027998e-07
2.5322733426125644e-05 1.8676330155389239e-07
2.5283907692927001e-05 1.9203482667046037e-07
2.5243998251305418e-05 1.9729815020631792e-07
2.5203006814208901e-05 2.0255304656730895e-07
2.5160935140916373e-05 2.0779929052096784e-07
2.5117785036959494e-05 2.1303665720616319e-07
2.5073558354048295e-05 2.1826492214272654e-07
2.5028256989996034e-05 2.2348386124106448e-07
2.4981882888633984e-05 2.2869325081175509e-07
2.493443803972323e-05 2.3389286757512564e-07
2.4885924478881729e-05 2.3908248867081369e-07
2.4836344287485271e-05 2.4426189166731021e-07
2.478569959258326e-05 2.4943085457148403e-07
2.4733992566811438e-05 2.5458915583808765e-07
2.4681225428295174e-05 2.5973657437924458e-07
2.4627400440549148e-05 2.6487288957391587e-07
2.4572519912393216e-05 2.6999788127734728e-07
2.4516586197839653e-05 2.7511132983049657e-07
2.4459601696005687e-05 2.8021301606943878e-07
2.4401568850997352e-05 2.8530272133475157e-07
2.4342490151818932e-05 2.9038022748087825e-07
2.4282368132252257e-05 2.9544531688546899e-07
2.4221205370762169e-05 3.0049777245869967e-07
2.4159004490371993e-05 3.0553737765256782e-07
2.4095768158564554e-05 3.1056391647016534e-07
2.4031499087161343e-05 3.1557717347492845e-07
2.3966200032203198e-05 3.2057693379986229e-07
2.3899873793837222e-05 3.2556298315674147e-07
2.3832523216200236e-05 3.3053510784528703e-07
2.3764151187286335e-05 3.3549309476231689e-07
2.3694760638834573e-05 3.4043673141087117e-07
2.3624354546198365e-05 3.4536580590931205e-07
2.3552935928213058e-05 3.5028010700039662e-07
2.3480507847078937e-05 3.5517942406032278e-07
2.3407073408216166e-05 3.6006354710774938e-07
2.3332635760145524e-05 3.6493226681278707e-07
2.3257198094340083e-05 3.6978537450596267e-07
2.3180763645102263e-05 3.7462266218715449e-07
2.3103335689411231e-05 3.7944392253449971e-07
2.3024917546797074e-05 3.8424894891327136e-07
2.2945512579184574e-05 3.8903753538472776e-07
2.2865124190760871e-05 3.9380947671493044e-07
2.2783755827825527e-05 3.9856456838353317e-07
2.2701410978638028e-05 4.0330260659253983e-07
2.2618093173273803e-05 4.0802338827503062e-07
2.253380598347699e-05 4.1272671110385884e-07
2.2448553022495418e-05 4.1741237350031431e-07
2.2362337944938852e-05 4.2208017464275531e-07
2.2275164446616412e-05 4.2672991447520895e-07
2.2187036264374868e-05 4.3136139371593717e-07
2.2097957175943109e-05 4.3597441386597025e-07
2.2007930999773091e-05 4.4056877721760741e-07
2.1916961594872927e-05 4.4514428686288306e-07
2.1825052860636226e-05 4.4970074670199858e-07
2.1732208736688146e-05 4.542379614517198e-07
2.1638433202703187e-05 4.5875573665373971e-07
2.1543730278241423e-05 4.6325387868300481e-07
2.1448104022579696e-05 4.6773219475600696e-07
2.1351558534532934e-05 4.7219049293903955e-07
2.1254097952274503e-05 4.7662858215641537e-07
2.1155726453171459e-05 4.810462721986493e-07
2.1056448253592701e-05 4.8544337373060387e-07
2.0956267608734089e-05 4.8981969829959634e-07
2.08551888124402e-05 4.9417505834346859e-07
2.0753216197015947e-05 4.9850926719862025e-07
2.0650354133035925e-05 5.0282213910800075e-07
2.054660702917072e-05 5.0711348922906396e-07
2.0441979331982754e-05 5.113831336416841e-07
2.0336475525748962e-05 5.1563088935603104e-07
2.0230100132262983e-05 5.1985657432040738e-07
2.0122857710638104e-05 5.2406000742904291e-07
2.001475285711606e-05 5.2824100852985064e-07
1.990579020487535e-05 5.3239939843214151e-07
1.9795974423819705e-05 5.3653499891429708e-07
1.9685310220391556e-05 5.4064763273140252e-07
1.9573802337364242e-05 5.4473712362283543e-07
1.9461455553635744e-05 5.4880329631981458e-07
1.9348274684027997e-05 5.5284597655290451e-07
1.9234264579085555e-05 5.5686499105947873e-07
1.9119430124855605e-05 5.6086016759113935e-07
1.9003776242691077e-05 5.6483133492109214e-07
1.8887307889034781e-05 5.6877832285148018e-07
1.8770030055202452e-05 5.727009622206716e-07
1.86519477671747e-05 5.7659908491050269e-07
1.8533066085384066e-05 5.8047252385347744e-07
1.8413390104494282e-05 5.8432111303992309e-07
1.8292924953177466e-05 5.8814468752509725e-07
1.817167579390704e-05 5.9194308343625194e-07
1.8049647822723541e-05 5.9571613797965084e-07
1.7926846269018218e-05 5.9946368944754069e-07
1.7803276395312391e-05 6.0318557722507506e-07
1.7678943497028039e-05 6.0688164179719381e-07
1.7553852902256321e-05 6.1055172475545252e-07
1.7428009971541059e-05 6.1419566880480649e-07
1.7301420097636314e-05 6.1781331777034583e-07
1.7174088705288024e-05 6.2140451660398369e-07
1.7046021250988652e-05 6.2496911139109578e-07
1.6917223222755792e-05 6.2850694935711079e-07
1.6787700139890929e-05 6.3201787887405319e-07
1.6657457552740271e-05 6.3550174946703553e-07
1.6526501042460882e-05 6.3895841182070235e-07
1.6394836220784978e-05 6.423877177856238e-07
1.626246872977479e-05 6.4578952038464043e-07
1.6129404241577855e-05 6.4916367381915646e-07
1.5995648458194678e-05 6.5251003347538271e-07
1.5861207111222964e-05 6.5582845593053041e-07
1.5726085961617468e-05 6.5911879895895127e-07
1.5590290799446702e-05 6.623809215382287e-07
1.5453827443640965e-05 6.6561468385521702e-07
1.531670174173853e-05 6.6881994731202745e-07
1.5178919569646798e-05 6.7199657453196331e-07
1.5040486831378072e-05 6.7514442936540336e-07
1.4901409458808437e-05 6.782633768956312e-07
1.4761693411412019e-05 6.8135328344461246e-07
1.4621344676018122e-05 6.8441401657871978e-07
1.4480369266541265e-05 6.8744544511440299e-07
1.4338773223738534e-05 6.9044743912380712e-07
1.4196562614935174e-05 6.9341986994033561e-07
1.4053743533778799e-05 6.9636261016416008e-07
1.3910322099971485e-05 6.9927553366767573e-07
1.3766304459005116e-05 7.0215851560090232e-07
1.3621696781901827e-05 7.0501143239683016e-07
1.3476505264954771e-05 7.0783416177671107e-07
1.3330736129449805e-05 7.1062658275529483e-07
1.3184395621412652e-05 7.1338857564600967e-07
1.3037490011334491e-05 7.1612002206608743e-07
1.2890025593899389e-05 7.1882080494163264e-07
1.2742008687726693e-05 7.2149080851263535e-07
1.2593445635086212e-05 7.2412991833792843e-07
1.2444342801640825e-05 7.267380213000875e-07
1.2294706576161012e-05 7.2931500561027502e-07
1.2144543370257166e-05 7.31860760813027e-07
1.1993859618108864e-05 7.3437517779098188e-07
1.1842661776184172e-05 7.36858148769554e-07
1.1690956322959155e-05 7.3930956732154825e-07
1.1538749758651171e-05 7.4172932837171597e-07
1.1386048604935021e-05 7.4411732820125616e-07
1.1232859404654554e-05 7.4647346445225509e-07
1.1079188721560725e-05 7.487976361320691e-07
1.0925043140019288e-05 7.5108974361765045e-07
1.0770429264724685e-05 7.5334968865981134e-07
1.0615353720429418e-05 7.555773743874316e-07
1.0459823151653816e-05 7.5777270531160686e-07
1.0303844222392215e-05 7.5993558732973674e-07
1.0147423615847109e-05 7.6206592772955333e-07
9.9905680341302351e-06 7.6416363519309253e-07
9.833284197973205e-06 7.6622861980060338e-07
9.6755788464494017e-06 7.6826079303439736e-07
9.5174587366808139e-06 7.7026006778264017e-07
9.3589306435394462e-06 7.7222635834307979e-07
9.2000013593754012e-06 7.7415958042671673e-07
9.0406776937138446e-06 7.7605965116141338e-07
8.8809664729620546e-06 7.7792648909544214e-07
8.720874540125035e-06 7.7976001420097205e-07
8.5604087545080101e-06 7.815601478774964e-07
8.3995759914181614e-06 7.8332681295519698e-07
8.2383831418815414e-06 7.8505993369824911e-07
8.0768371123358116e-06 7.8675943580806345e-07
7.9149448243408683e-06 7.8842524642646715e-07
7.7527132142835064e-06 7.9005729413882399e-07
7.5901492330785044e-06 7.9165550897709088e-07
7.4272598458661326e-06 7.9321982242281417e-07
7.2640520317225621e-06 7.9475016741006301e-07
7.1005327833581315e-06 7.9624647832830058e-07
6.9367091068075907e-06 7.9770869102519296e-07
6.7725880211476656e-06 7.9913674280935489e-07
6.6081765581864349e-06 8.0053057245303551e-07
6.4434817621583434e-06 8.0189012019473801e-07
6.2785106894320099e-06 8.0321532774177873e-07
6.1132704082045904e-06 8.0450613827278253e-07
5.9477679981897449e-06 8.0576249644011534e-07
5.7820105503309741e-06 8.0698434837225291e-07
5.6160051664878516e-06 8.0817164167608834e-07
5.4497589591291943e-06 8.0932432543917342e-07
5.2832790510371841e-06 8.1044235023189909e-07
5.116572574998912e-06 8.1152566810961106e-07
4.9496466734909837e-06 8.1257423261466225e-07
4.7825084983919896e-06 8.1358799877839989e-07
4.6151652106639655e-06 8.1456692312309335e-07
4.4476239800443716e-06 8.1551096366379211e-07
4.2798919847475024e-06 8.1642007991012454e-07
4.1119764111515866e-06 8.1729423286803072e-07
3.9438844534897891e-06 8.1813338504143095e-07
3.7756233135440324e-06 8.1893750043383035e-07
3.6072002003406612e-06 8.1970654454985989e-07
3.4386223298315784e-06 8.2044048439675279e-07
3.269896924596523e-06 8.2113928848575578e-07
3.1010312135267004e-06 8.2180292683347697e-07
2.9320324315144832e-06 8.2243137096316871e-07
2.7629078191489676e-06 8.2302459390594616e-07
2.5936646224028557e-06 8.2358257020194115e-07
2.4243100923195546e-06 8.2410527590139134e-07
2.2548514847049381e-06 8.2459268856566487e-07
2.0852960598196496e-06 8.2504478726821942e-07
1.9156510820650093e-06 8.2546155259549915e-07
1.7459238196677277e-06 8.2584296664776294e-07
1.5761215443771967e-06 8.2618901303985087e-07
1.4062515311509625e-06 8.2649967690188504e-07
1.2363210578341267e-06 8.2677494487990431e-07
1.0663374048634679e-06 8.2701480513643531e-07
8.9630785494543373e-07 8.2721924735099885e-07
7.262396927429143e-07 8.2738826272054964e-07
5.5614020457079878e-07 8.2752184395985313e-07
3.8601667807993019e-07 8.2761998530179603e-07
2.1587640193845847e-07 8.2768268249763122e-07
4.5726665532817498e-08 8.2770993281715932e-07
-1.2442524135309035e-07 8.2770173504884487e-07
-2.9457202885133701e-07 8.276580894998651e-07
-4.6470640731614745e-07 8.2757899799609779e-07
-6.3482108763810146e-07 8.2746446388204015e-07
-8.0490878156429854e-07 8.2731449202066491e-07
-9.7496220199716401e-07 8.2712908879321062e-07
-1.144974063313855e-06 8.2690826209890749e-07
-1.3149370816812212e-06 8.26652021354637e-07
-1.4848439753611161e-06 8.2636037749452853e-07
-1.6546874650253578e-06 8.2603334296948823e-07
-1.8244602740697139e-06 8.2567093174666579e-07
-1.9941551289228993e-06 8.2527315930885415e-07
-2.163764759356224e-06 8.2484004265382506e-07
-2.3332818988005058e-06 8.2437160029360046e-07
-2.502699284652357e-06 8.2386785225365748e-07
-2.6720096585861096e-06 8.2332882007207007e-07
-2.8412057668699689e-06 8.2275452679858519e-07
-3.0102803606677463e-06 8.2214499699363338e-07
-3.1792261963549048e-06 8.2150025672727685e-07
-3.3480360358322187e-06 8.2082033357809067e-07
-3.5167026468267476e-06 8.2010525663198039e-07
-3.6852188032070144e-06 8.1935505648093531e-07
-3.8535772852946052e-06 8.1856976522171638e-07
-4.0217708801683957e-06 8.1774941645448053e-07
-4.1897923819750674e-06 8.1689404528134058e-07
-4.3576345922430922e-06 8.1600368830485948e-07
-4.5252903201813219e-06 8.1507838362648195e-07
-4.6927523829938403e-06 8.141181708449012e-07
-4.8600136061876598e-06 8.1312309105436142e-07
-5.0270668238761897e-06 8.1209318684289655e-07
-5.1939048790874747e-06 8.1102850229050445e-07
-5.3605206240763372e-06 8.0992908296725827e-07
-5.5269069206206889e-06 8.087949759313523e-07
-5.6930566403333481e-06 8.0762622972708627e-07
-5.8589626649690855e-06 8.0642289438278399e-07
-6.0246178867237555e-06 8.0518502140864926e-07
-6.1900152085425349e-06 8.0391266379455897e-07
-6.3551475444243669e-06 8.0260587600779173e-07
-6.5200078197239116e-06 8.0126471399069277e-07
-6.6845889714530621e-06 7.9988923515827867e-07
-6.8488839485883165e-06 7.9847949839577426e-07
-7.0128857123679571e-06 7.9703556405609137e-07
-7.1765872365943265e-06 7.9555749395724117e-07
-7.3399815079393553e-06 7.9404535137968561e-07
-7.5030615262375137e-06 7.9249920106362551e-07
-7.6658203047926411e-06 7.9091910920622646e-07
-7.828250870673065e-06 7.8930514345878198e-07
-7.9903462650116009e-06 7.8765737292381494e-07
-8.1520995433016471e-06 7.8597586815211568e-07
-8.3135037756997855e-06 7.8426070113971979e-07
-8.4745520473162401e-06 7.8251194532482226e-07
-8.6352374585143329e-06 7.8072967558463153e-07
-8.7955531252084228e-06 7.7891396823216043e-07
-8.9554921791536049e-06 7.770649010129561e-07
-9.1150477682419139e-06 7.7518255310176903e-07
-9.2742130567985285e-06 7.7326700509916069e-07
-9.4329812258704942e-06 7.7131833902804935e-07
-9.5913454735203256e-06 7.6933663833019633e-07
-9.7492990151204755e-06 7.6732198786262944e-07
-9.9068350836382631e-06 7.652744738940087e-07
-1.0063946929928609e-05 7.6319418410092888e-07
-1.0220627823025251e-05 7.6108120756416282e-07
-1.0376871050425348e-05 7.5893563476484506e-07
-1.0532669918377987e-05 7.567575575805947e-07
-1.0688017752173012e-05 7.5454706928157895e-07
-1.0842907896424546e-05 7.5230426452651673e-07
-1.0997333715356784e-05 7.5002923935862294e-07
-1.1151288593088597e-05 7.4772209120149309e-07
-1.1304765933916835e-05 7.4538291885493001e-07
-1.1457759162597351e-05 7.4301182249070982e-07
-1.1610261724630038e-05 7.4060890364829038e-07
-1.1762267086535844e-05 7.3817426523046063e-07
-1.1913768736138771e-05 7.35708011498932e-07
-1.2064760182844731e-05 7.3321024806987126e-07
-1.2215234957918238e-05 7.3068108190937503e-07
-1.2365186614760938e-05 7.2812062132888755e-07
-1.2514608729187211e-05 7.255289759805597e-07
-1.2663494899699127e-05 7.2290625685255076e-07
-1.2811838747760207e-05 7.2025257626427378e-07
-1.2959633918071243e-05 7.1756804786158301e-07
-1.3106874078838205e-05 7.1485278661190493e-07
-1.3253552922046653e-05 7.121069087993128e-07
-1.33996641637317e-05 7.0933053201954416e-07
-1.3545201544245601e-05 7.0652377517496322e-07
-1.3690158828526949e-05 7.0368675846946617e-07
-1.3834529806368377e-05 7.0081960340333114e-07
-1.3978308292680549e-05 6.9792243276801364e-07
-1.412148812775921e-05 6.9499537064088445e-07
-1.4264063177548314e-05 6.9203854237991498e-07
-1.4406027333901321e-05 6.8905207461830567e-07
-1.4547374514845305e-05 6.8603609525906115e-07
-1.4688098664840084e-05 6.8299073346951048e-07
-1.4828193755037338e-05 6.7991611967577344e-07
-1.4967653783539195e-05 6.7681238555717166e-07
-1.5106472775656054e-05 6.736796640405889e-07
-1.524464478416148e-05 6.705180892947744e-07
-1.5382163889546773e-05 6.6732779672459643e-07
-1.5519024200275977e-05 6.6410892296523998e-07
-1.5655219853036978e-05 6.6086160587635337e-07
-1.5790745012992822e-05 6.5758598453614183e-07
-1.5925593874031407e-05 6.5428219923541019e-07
-1.6059760659015718e-05 6.5095039147155111e-07
-1.6193239620029181e-05 6.4759070394248393e-07
-1.632602503862286e-05 6.4420328054054111e-07
-1.6458111226060708e-05 6.4078826634630325e-07
-1.6589492523562963e-05 6.373458076223841e-07
-1.6720163302547933e-05 6.338760518071642e-07
-1.6850117964874092e-05 6.3037914750847439e-07
-1.6979350943079042e-05 6.2685524449722925e-07
-1.7107856700618687e-05 6.2330449370101074e-07
-1.7235629732104021e-05 6.1972704719760224e-07
-1.7362664563536296e-05 6.1612305820847293e-07
-1.7488955752543154e-05 6.1249268109221466e-07
-1.7614497888609462e-05 6.088360713379279e-07
-1.7739285593311492e-05 6.051533855585612e-07
-1.7863313520545912e-05 6.0144478148420119e-07
-1.7986576356757893e-05 5.9771041795531531e-07
-1.8109068821171186e-05 5.9395045491594776e-07
-1.8230785666013306e-05 5.9016505340686608e-07
-1.8351721676737359e-05 5.863543755586629e-07
-1.8471871672250811e-05 5.8251858458480987e-07
-1.859123050513352e-05 5.7865784477466577e-07
-1.8709793061858697e-05 5.7477232148643732e-07
-1.8827554263013539e-05 5.7086218114009654e-07
-1.8944509063515747e-05 5.6692759121024973e-07
-1.9060652452827873e-05 5.6296872021896393e-07
-1.9175979455176217e-05 5.589857377285468e-07
-1.9290485129760243e-05 5.5497881433428261e-07
-1.9404164570964975e-05 5.5094812165712377e-07
-1.9517012908572523e-05 5.4689383233633865e-07
-1.9629025307969653e-05 5.4281612002211544e-07
-1.9740196970353789e-05 5.3871515936812355e-07
-1.9850523132941501e-05 5.3459112602403015e-07
-1.9959999069169411e-05 5.3044419662797694e-07
-2.0068620088898074e-05 5.2627454879901163e-07
-2.017638153861375e-05 5.2208236112947917e-07
-2.0283278801626055e-05 5.1786781317737079e-07
-2.038930729826577e-05 5.1363108545863207e-07
-2.0494462486083146e-05 5.0937235943942909e-07
-2.0598739860040727e-05 5.050918175283745e-07
-2.0702134952704386e-05 5.0078964306871359e-07
-2.080464333443897e-05 4.9646602033046949e-07
-2.0906260613596519e-05 4.9212113450254923e-07
-2.1006982436701281e-05 4.8775517168480986e-07
-2.1106804488641025e-05 4.8336831888008677e-07
-2.120572249284902e-05 4.7896076398618157e-07
-2.1303732211485477e-05 4.7453269578781342e-07
-2.1400829445624087e-05 4.7008430394853119e-07
-2.1497010035428801e-05 4.6561577900258816e-07
-2.1592269860330282e-05 4.6112731234677999e-07
-2.1686604839206587e-05 4.5661909623224492e-07
-2.1780010930556046e-05 4.52091323756228e-07
-2.1872484132666502e-05 4.4754418885380894e-07
-2.1964020483794479e-05 4.4297788628959429e-07
-2.2054616062329706e-05 4.3839261164937304e-07
-2.2144266986962144e-05 4.3378856133173848e-07
-2.2232969416852903e-05 4.2916593253967443e-07
-2.2320719551794819e-05 4.2452492327210701e-07
-2.2407513632376273e-05 4.1986573231542257e-07
-2.2493347940141979e-05 4.1518855923495192e-07
-2.2578218797754965e-05 4.1049360436642096e-07
-2.2662122569148469e-05 4.0578106880736855e-07
-2.2745055659688243e-05 4.0105115440853141e-07
-2.2827014516322338e-05 3.9630406376519695e-07
-2.2907995627732239e-05 3.9154000020852455e-07
-2.2987995524487962e-05 3.8675916779683497e-07
-2.3067010779194419e-05 3.819617713068681e-07
-2.3145038006633129e-05 3.7714801622501109e-07
-2.3222073863917033e-05 3.7231810873849537e-07
-2.3298115050627221e-05 3.6747225572656371e-07
-2.3373158308953384e-05 3.6261066475160745e-07
-2.3447200423838178e-05 3.5773354405027501e-07
-2.3520238223112967e-05 3.5284110252455099e-07
-2.3592268577627817e-05 3.479335497328072e-07
-2.3663288401396725e-05 3.4301109588082538e-07
-2.3733294651722087e-05 3.3807395181279227e-07
-2.3802284329324367e-05 3.3312232900226665e-07
-2.3870254478476052e-05 3.2815643954312075e-07
-2.3937202187125737e-05 3.2317649614045395e-07
-2.4003124587016627e-05 3.1818271210148074e-07
-2.4068018853820984e-05 3.1317530132639351e-07
-2.4131882207254287e-05 3.081544782991982e-07
-2.4194711911192275e-05 3.0312045807852668e-07
-2.4256505273793948e-05 2.9807345628842394e-07
-2.4317259647613514e-05 2.930136891091107e-07
-2.4376972429713086e-05 2.8794137326772252e-07
-2.4435641061774742e-05 2.8285672602902582e-07
-2.4493263030214306e-05 2.7775996518611029e-07
-2.4549835866280879e-05 2.7265130905105876e-07
-2.4605357146170249e-05 2.6753097644559503e-07
-2.4659824491125908e-05 2.6239918669171006e-07
-2.4713235567536877e-05 2.57256159602266e-07
-2.4765588087046018e-05 2.5210211547158028e-07
-2.4816879806640425e-05 2.4693727506598802e-07
-2.4867108528749739e-05 2.417618596143848e-07
-2.4916272101344457e-05 2.3657609079875003e-07
-2.4964368418023099e-05 2.3138019074464922e-07
-2.501139541810174e-05 2.2617438201171955e-07
-2.5057351086707572e-05 2.2095888758413526e-07
-2.5102233454863234e-05 2.1573393086105494e-07
-2.5146040599563431e-05 2.104997356470522e-07
-2.5188770643870892e-05 2.0525652614252777e-07
-2.5230421756988194e-05 2.0000452693410497e-07
-2.5270992154334662e-05 1.9474396298500885e-07
-2.5310480097629525e-05 1.8947505962542927e-07
-2.5348883894963476e-05 1.8419804254286751e-07
-2.538620190086364e-05 1.7891313777246885e-07
-2.5422432516378305e-05 1.7362057168733952e-07
-2.5457574189136556e-05 1.6832057098884841e-07
-2.549162541341194e-05 1.6301336269691628e-07
-2.5524584730195681e-05 1.576991741402905e-07
-2.5556450727255199e-05 1.5237823294680605e-07
-2.5587222039186744e-05 1.47050767033635e-07
-2.5616897347489345e-05 1.4171700459752294e-07
-2.564547538061072e-05 1.3637717410501252e-07
-2.5672954914001761e-05 1.3103150428265704e-07
-2.5699334770174024e-05 1.2568022410722208e-07
-2.5724613818747837e-05 1.2032356279587609e-07
-2.5748790976496403e-05 1.1496174979637147e-07
-2.5771865207401053e-05 1.0959501477721548e-07
-2.5793835522687714e-05 1.0422358761783128e-07
-2.581470098087146e-05 9.8847698398710521e-08
-2.5834460687800771e-05 9.346757739155718e-08
-2.5853113796691984e-05 8.8083455049422538e-08
-2.5870659508163231e-05 8.2695561996833487e-08
-2.5887097070274661e-05 7.7304129019912864e-08
-2.5902425778559596e-05 7.1909387056492637e-08
-2.5916644976044172e-05 6.6511567186221409e-08
-2.5929754053293617e-05 6.1110900620665396e-08
-2.5941752448425678e-05 5.5707618693402991e-08
-2.5952639647134669e-05 5.030195285011546e-08
-2.5962415182720546e-05 4.489413463867222e-08
-2.5971078636103677e-05 3.9484395699211373e-08
-2.5978629635846629e-05 3.4072967754216549e-08
-2.5985067858159243e-05 2.8660082598590944e-08
-2.5990393026929385e-05 2.3245972089727576e-08
-2.5994604913724518e-05 1.783086813757613e-08
-2.5997703337798913e-05 1.2415002694709116e-08
-2.5999688166109996e-05 6.9986077463852623e-09
-2.6000559313320788e-05 1.5819153006112286e-09
-2.6000316741793958e-05 -3.8348426217965404e-09
-2.599896046161053e-05 -9.2514339971511575e-09
-2.5996490530559036e-05 -1.4667626808835496e-08
-2.599290705413093e-05 -2.0083189057240673e-08
-2.5988210185524048e-05 -2.5497888769704734e-08
-2.5982400125633045e-05 -3.0911494010450246e-08
-2.5975477123030681e-05 -3.6323772890519369e-08
-2.5967441473976087e-05 -4.1734493577707589e-08
-2.5958293522389233e-05 -4.714342430649562e-08
-2.5948033659835352e-05 -5.2550333387977335e-08
-2.5936662325516227e-05 -5.7954989219784779e-08
-2.5924180006246662e-05 -6.3357160296010077e-08
-2.5910587236429684e-05 -6.875661521712217e-08
-2.5895884598043818e-05 -7.4153122699879827e-08
-2.588007272060775e-05 -7.9546451587239364e-08
-2.5863152281157864e-05 -8.4936370858256616e-08
-2.5845124004222303e-05 -9.0322649637983685e-08
-2.5825988661786977e-05 -9.5705057207359638e-08
-2.5805747073256977e-05 -1.0108336301309336e-07
-2.578440010543222e-05 -1.0645733667754015e-07
-2.5761948672466185e-05 -1.1182674800857126e-07
-2.5738393735815805e-05 -1.1719136700943395e-07
-2.5713736304220275e-05 -1.2255096388860437e-07
-2.568797743364471e-05 -1.2790530906963195e-07
-2.5661118227233935e-05 -1.332541732009735e-07
-2.5633159835273438e-05 -1.3859732716581798e-07
-2.5604103455136582e-05 -1.4393454209190239e-07
-2.5573950331223282e-05 -1.4926558936131485e-07
-2.5542701754925986e-05 -1.5459024062028872e-07
-2.5510359064561522e-05 -1.5990826778898538e-07
-2.5476923645312006e-05 -1.6521944307126383e-07
-2.5442396929174728e-05 -1.7052353896443954e-07
-2.5406780394897095e-05 -1.7582032826903034e-07
-2.5370075567902883e-05 -1.8110958409848864e-07
-2.5332284020245671e-05 -1.863910798889208e-07
-2.5293407370530527e-05 -1.9166458940879327e-07
-2.5253447283840673e-05 -1.9692988676862362e-07
-2.5212405471677056e-05 -2.0218674643065671e-07
-2.5170283691878994e-05 -2.0743494321852712e-07
-2.512708374854627e-05 -2.1267425232690475e-07
-2.5082807491965032e-05 -2.1790444933112464e-07
-2.5037456818533546e-05 -2.2312531019680159e-07
-2.4991033670668906e-05 -2.2833661128942685e-07
-2.4943540036736231e-05 -2.335381293839482e-07
-2.4894977950957651e-05 -2.3872964167433303e-07
-2.4845349493320389e-05 -2.4391092578311186e-07
-2.4794656789498459e-05 -2.4908175977090558e-07
-2.4742902010757063e-05 -2.542419221459322e-07
-2.4690087373848156e-05 -2.5939119187349524e-07
-2.4636215140937128e-05 -2.64529348385452e-07
-2.4581287619491402e-05 -2.6965617158966328e-07
-2.452530716218047e-05 -2.7477144187942074e-07
-2.4468276166784465e-05 -2.798749401428546e-07
-2.4410197076087646e-05 -2.8496644777232048e-07
-2.4351072377762188e-05 -2.9004574667376315e-07
-2.4290904604282973e-05 -2.9511261927605944e-07
-2.4229696332805288e-05 -3.0016684854033944e-07
-2.4167450185052499e-05 -3.05208217969283e-07
-2.4104168827213546e-05 -3.1023651161639408e-07
-2.4039854969824868e-05 -3.152515140952522e-07
-2.3974511367642849e-05 -3.2025301058873839e-07
-2.3908140819546618e-05 -3.2524078685823735e-07
-2.384074616840567e-05 -3.3021462925281567e-07
-2.3772330300953881e-05 -3.351743247183739e-07
-2.3702896147678157e-05 -3.4011966080677309e-07
-2.3632446682685733e-05 -3.4505042568493598e-07
-2.3560984923574337e-05 -3.4996640814392143e-07
-2.3488513931306423e-05 -3.5486739760797154e-07
-2.3415036810083023e-05 -3.5975318414353295e-07
-2.3340556707198031e-05 -3.6462355846824975e-07
-2.3265076812916991e-05 -3.6947831195992837e-07
-2.3188600360333816e-05 -3.7431723666547531e-07
-2.3111130625227245e-05 -3.791401253098046e-07
-2.3032670925933767e-05 -3.8394677130471728e-07
-2.2953224623192153e-05 -3.8873696875775121e-07
-2.2872795120005163e-05 -3.9351051248100083e-07
-2.2791385861497355e-05 -3.9826719799990739e-07
-2.2709000334763673e-05 -4.0300682156201792e-07
-2.2625642068714949e-05 -4.077291801457136e-07
-2.2541314633937502e-05 -4.1243407146890663e-07
-2.2456021642536467e-05 -4.1712129399770597e-07
-2.2369766747968233e-05 -4.2179064695505017e-07
-2.2282553644906492e-05 -4.2644193032930805e-07
-2.2194386069070062e-05 -4.3107494488284724e-07
-2.21052677970601e-05 -4.3568949216056914e-07
-2.201520264620907e-05 -4.4028537449840968e-07
-2.1924194474412853e-05 -4.4486239503180781e-07
-2.1832247179953918e-05 -4.4942035770413762e-07
-2.1739364701355598e-05 -4.5395906727510738e-07
-2.1645551017200441e-05 -4.5847832932912359e-07
-2.1550810145956297e-05 -4.6297795028361909e-07
-2.1455146145815478e-05 -4.6745773739734535e-07
-2.135856311451435e-05 -4.7191749877862967e-07
-2.1261065189155572e-05 -4.7635704339359533e-07
-2.1162656546033602e-05 -4.807761810743442e-07
-2.1063341400461488e-05 -4.8517472252710408e-07
-2.0963124006577666e-05 -4.8955247934033724e-07
-2.0862008657176339e-05 -4.9390926399281164e-07
-2.0759999683517901e-05 -4.9824488986163394e-07
