0.0 0.0
-6.1729532334408655e-05 -0.00016075399045418926
-0.00023521061720049261 -0.00093403562986799429
-0.00049918486336142864 -0.0028465238604979954
-0.0008363097173176336 -0.0063243743310163834
-0.0012324368464520176 -0.011711735174166515
-0.0016760235048797396 -0.019285850672426282
-0.0021576523754001519 -0.029269381610655149
-0.0026696398971264215 -0.041840455237026425
-0.0032057167722861516 -0.057140863230288261
-0.0037607673507166518 -0.075282748967274743
-0.0043306170418294923 -0.096354062489530254
-0.0049118589033431328 -0.12042301026341735
-0.0055017121871262179 -0.14754168497818118
-0.0060979069529625406 -0.17774902648882887
-0.0066985899463321858 -0.21107323716407542
-0.0073022478215876785 -0.24753375218470006
-0.0079076445140428032 -0.28714284680873786
-0.0085137701535533215 -0.32990694750560251
-0.0091197993926748107 -0.37582770153223838
-0.0097250574144393722 -0.42490284946743145
-0.010328992204518503 -0.47712693701680059
-0.010931151933344164 -0.5324918957091519
-0.011531166506502552 -0.59098751664625249
-0.012128732515253539 -0.65260183701540841
-0.012723600960585365 -0.71732145544207215
-0.013315567239684575 -0.78513178929694161
-0.013904462977893682 -0.8560172846552182
-0.014490149366060943 -0.92996158763426617
-0.015072511725861501 -1.0069476842278131
-0.015651455076793112 -1.0869580144430608
-0.016226900520252354 -1.169974565477033
-0.016798782290116464 -1.2559789477957015
-0.017367045347001894 -1.3449524572673637
-0.017931643416007854 -1.4368761259210343
-0.018492537386217561 -1.53173076342683
-0.019049694005289004 -1.6294969910088808
-0.019603084814753084 -1.7301552691860698
-0.020152685281661472 -1.8336859204788181
-0.020698474090397757 -1.9400691480102252
-0.021240432565133947 -2.049285050758995
-0.021778544198858708 -2.1613136360818967
-0.022312794269334257 -2.2761348300094828
-0.02284316952595996 -2.3937284857263963
-0.023369657934479156 -2.5140743905712903
-0.023892248468863939 -2.6371522718299922
-0.024410930941684759 -2.7629418015449674
-0.024925695865871136 -2.89142260052297
-0.025436534342078505 -3.0225742416895058
-0.025943437966938283 -3.1563762529109112
-0.026446398758346073 -3.292808119383003
-0.026945409094642801 -3.431849285666833
-0.027440461665129093 -3.5734791574370641
-0.027931549429825776 -3.7176771029968441
-0.028418665586768907 -3.8644224546025514
-0.028901803545457325 -4.0136945096343792
-0.029380956905312304 -4.1654725316416181
-0.029856119438226809 -4.3197357512862311
-0.030327285074448596 -4.476463367204671
-0.030794447891184597 -4.635634546802673
-0.031257602103416979 -4.7972284269969476
-0.031716742056530627 -4.9612241149134855
-0.032171862220411497 -5.1276006885513548
-0.032622957184746081 -5.2963371974189561
-0.033070021655296759 -5.4674126631482389
-0.033513050450974587 -5.6408060800916209
-0.033952038501562892 -5.816496415905517
-0.034386980845964844 -5.9944626121230602
-0.034817872630882554 -6.1746835847190047
-0.035244709109845819 -6.3571382246688195
-0.035667485642522437 -6.5418053985031319
-0.036086197694259643 -6.7286639488593156
-0.036500840835813245 -6.9176926950313877
-0.036911410743225112 -7.108870433518466
-0.037317903197824145 -7.3021759385732512
-0.03772031408632813 -7.4975879627507256
-0.038118639401016348 -7.6950852374573886
-0.038512875239975951 -7.8946464735016404
-0.038903017807391214 -8.0962503616458346
-0.039289063413873809 -8.2998755731595057
-0.039671008476830388 -8.5055007603748791
-0.040048849520841118 -8.7131045572438435
-0.040422583178075108 -8.9226655798972647
-0.040792206188703231 -9.1341624272065722
-0.041157715401329224 -9.347573681347308
-0.041519107773429174 -9.5628779083648467
-0.041876380371790874 -9.780053658743066
-0.042229530372956729 -9.9990794679742105
-0.042578555063672301 -10.219933857132029
-0.042923451841326045 -10.442595333447217
-0.043264218214394183 -10.667042390883942
-0.043600851802881896 -10.893253510720555
-0.043933350338755998 -11.121207162131075
-0.044261711666381799 -11.350881802769518
-0.044585933742947448 -11.582255879356209
-0.044906014638889005 -11.815307828267306
-0.045221952538310697 -12.050016076124672
-0.045533745739388766 -12.286359040389447
-0.045841392654790376 -12.524315129957625
-0.046144891812067199 -12.763862745756709
-0.046444241854047955 -13.00498028134556
-0.046739441539231513 -13.247646123515562
-0.047030489742169834 -13.491838652894202
-0.04731738545384067 -13.737536244550515
-0.047600127782015077 -13.984717268602248
-0.047878715951626842 -14.233360090825213
-0.048153149305124668 -14.48344307326467
-0.048423427302822231 -14.734944574847852
-0.048689549523239235 -14.987842951999049
-0.048951515663441234 -15.242116559255985
-0.049209325539370491 -15.497743749888285
-0.049462979086160916 -15.754702876517436
-0.049712476358467671 -16.012972291737668
-0.049957817530759355 -16.272530348740858
-0.050199002897638414 -16.533355401939911
-0.050436032874126423 -16.795425807595528
-0.050668907995955456 -17.058719924444851
-0.050897628919844652 -17.323216114329451
-0.051122196423797929 -17.588892742828772
-0.0513426114073392 -17.855728179888889
-0.05155887489180172 -18.123700800459577
-0.051770988020573921 -18.392788985127233
-0.051978952059344906 -18.662971120752072
-0.052182768396342297 -18.934225601105414
-0.052382438542592724 -19.206530827508821
-0.052577964132105325 -19.479865209474223
-0.052769346922136452 -19.754207165344607
-0.052956588793373588 -20.029535122937137
-0.053139691750168042 -20.305827520185865
-0.053318657920705649 -20.583062805787026
-0.05349348955722303 -20.86121943984427
-0.053664189036196443 -21.140275894514541
-0.053830758858504683 -21.420210654657055
-0.053993201649614672 -21.701002218480301
-0.054151520159743595 -21.98262909819206
-0.05430571726401498 -22.265069820649931
-0.054455795962627132 -22.54830292801072
-0.054601759380978804 -22.832306978384793
-0.054743610769818318 -23.117060546485881
-0.054881353505381557 -23.40254222428603
-0.055014991089506741 -23.688730621668455
-0.055144527149754409 -23.975604367083278
-0.055269965439529646 -24.263142108201016
-0.055391309838167049 -24.551322512570035
-0.05550856435105099 -24.84012426827093
-0.055621733109704134 -25.129526084575232
-0.055730820371849496 -25.419506692600105
-0.055835830521520372 -25.710044845968195
-0.055936768069088851 -26.001119321464842
-0.05603363765139048 -26.292708919694888
-0.056126444031729734 -26.584792465744936
-0.056215192099948935 -26.877348809837727
-0.056299886872463706 -27.170356827995128
-0.056380533492332824 -27.463795422695032
-0.056457137229222472 -27.75764352353254
-0.056529703479534135 -28.051880087878068
-0.056598237766282276 -28.346484101538998
-0.056662745739235187 -28.641434579418284
-0.056723233174861061 -28.936710566173204
-0.056779705976294267 -29.232291136879869
-0.056832170173373914 -29.528155397686167
-0.056880631922622348 -29.824282486477607
-0.056925097507196536 -30.120651573534499
-0.056965573336886628 -30.417241862190892
-0.057002065948052336 -30.714032589495691
-0.057034582003561513 -31.011003026869272
-0.057063128292839944 -31.308132480766254
-0.057087711731716541 -31.605400293330305
-0.057108339362301468 -31.902785843054094
-0.057125018353108785 -32.200268545438419
-0.057137755998873059 -32.497827853646378
-0.057146559720374628 -32.795443259165395
-0.057151437064563076 -33.093094292459455
-0.057152395703869222 -33.390760523628224
-0.057149443437762154 -33.688421563059855
-0.057142588190076449 -33.986057062090516
-0.057131838010850519 -34.283646713655813
-0.057117201075750926 -34.581170252943572
-0.057098685685575197 -34.878607458051484
-0.057076300266438042 -35.175938150634444
-0.05705005336959617 -35.473142196561369
-0.057019953671149759 -35.770199506563763
-0.056986009971981361 -36.067090036884011
-0.056948231197669903 -36.363793789929993
-0.056906626398178679 -36.660290814919911
-0.056861204747773474 -36.956561208529138
-0.056811975544785558 -37.252585115540192
-0.056758948211483466 -37.548342729489569
-0.05670213229381834 -37.843814293305542
-0.056641537461274795 -38.138980099959326
-0.056577173506616243 -38.433820493104484
-0.056509050345704435 -38.728315867720234
-0.056437178017247618 -39.022446670748565
-0.056361566682635596 -39.316193401737699
-0.056282226625647996 -39.609536613478426
-0.056199168252203224 -39.902456912639458
-0.056112402090187058 -40.194934960405988
-0.056021938789118569 -40.486951473112271
-0.055927789119964835 -40.778487222875142
-0.055829963974806461 -41.06952303822672
-0.055728474366633828 -41.360039804740133
-0.055623331429020186 -41.650018465667387
-0.055514546415853419 -41.93944002255526
-0.055402130701060662 -42.228285535879806
-0.05528609577830837 -42.516536125669624
-0.055166453260673008 -42.804172972125833
-0.055043214880379963 -43.091177316243524
-0.054916392488446007 -43.377530460432524
-0.054785998054387337 -43.663213769138466
-0.054652043665893615 -43.948208669451297
-0.054514541528462621 -44.232496651728525
-0.054373503965113985 -44.516059270200941
-0.054228943416001263 -44.798878143588624
-0.054080872438083662 -45.080934955709274
-0.053929303704765674 -45.362211456080836
-0.053774250005535901 -45.642689460536019
-0.053615724245591245 -45.922350851814535
-0.053453739445473013 -46.201177580176164
-0.053288308740687948 -46.479151663994756
-0.053119445381308923 -46.756255190353976
-0.052947162731605164 -47.032470315647217
-0.052771474269616793 -47.30777926617251
-0.052592393586785316 -47.582164338714279
-0.052409934387511008 -47.855607901147422
-0.052224110488764824 -48.128092393012402
-0.052034935819650574 -48.399600326107716
-0.051842424420992093 -48.670114285068848
-0.051646590444887466 -48.939616927946673
-0.051447448154285244 -49.208090986800869
-0.051245011922531995 -49.475519268249563
-0.051039296232930867 -49.741884654071228
-0.050830315678273112 -50.007170101756515
-0.050618084960401766 -50.271358645086558
-0.050402618889717803 -50.534433394696705
-0.050183932384735515 -50.796377538639945
-0.0499620404715879 -51.057174342952692
-0.049736958283555191 -51.316807152211744
-0.049508701060570121 -51.575259390087545
-0.049277284148727112 -51.832514559903025
-0.049042722999790046 -52.088556245185785
-0.048805033170679947 -52.343368110212872
-0.048564230322971753 -52.596933900561474
-0.048320330222372455 -52.849237443648001
-0.048073348738217531 -53.100262649274235
-0.04782330184292332 -53.349993510163223
-0.047570205611478913 -53.598414102491894
-0.047314076220896187 -53.845508586431201
-0.047054929949677436 -54.091261206666189
-0.046792783177260475 -54.33565629293372
-0.046527652383480368 -54.578678260540286
-0.04625955414800411 -54.820311610882008
-0.04598850514977218 -55.0605409319705
-0.045714522166430557 -55.299350898938847
-0.045437622073768821 -55.536726274564955
-0.045157821845129419 -55.772651909772321
-0.044875138550838641 -56.007112744134275
-0.044589589357615728 -56.240093806397397
-0.044301191527982502 -56.471580214953917
-0.04400996241966719 -56.701557178358513
-0.04371591948500398 -56.930009995818608
-0.043419080270331631 -57.156924057680946
-0.043119462415375481 -57.382284845926407
-0.042817083652640357 -57.606077934645995
-0.042511961806784709 -57.828288990526879
-0.042204114794000228 -58.04890377334398
-0.041893560621382608 -58.267908136404721
-0.041580317386296479 -58.485288027047716
-0.041264403275735204 -58.701029487106204
-0.040945836565681785 -58.915118653359855
-0.040624635620464929 -59.127541758012704
-0.040300818892094491 -59.338285129137994
-0.039974404919618095 -59.547335191146544
-0.039645412328456038 -59.754678465231954
-0.039313859829730756 -59.960301569809417
-0.038979766219606603 -60.164191220978694
-0.038643150378610568 -60.366334232952752
-0.038304031270952742 -60.566717518501648
-0.037962427943846841 -60.765328089371231
-0.037618359526824068 -60.962153056743382
-0.037271845231038971 -61.157179631632097
-0.036922904348576036 -61.350395125329044
-0.036571556251750147 -61.541786949814444
-0.036217820392403843 -61.731342618154173
-0.035861716301199699 -61.919049744962315
-0.035503263586907099 -62.10489604675584
-0.035142481935689134 -62.288869342386597
-0.034779391110381093 -62.470957553440449
-0.034414010949767961 -62.651148704643091
-0.034046361367858068 -62.829430924218236
-0.033676462353148626 -63.005792444321493
-0.033304333967893576 -63.180221601409379
-0.032929996347365174 -63.352706836603936
-0.032553469699107142 -63.523236696105705
-0.032174774302193371 -63.691799831519205
-0.031793930506474333 -63.858385000296302
-0.031410958731825034 -64.022981066014111
-0.031025879467386899 -64.185576998830996
-0.030638713270805779 -64.346161875753452
-0.030249480767471082 -64.504724881061435
-0.029858202649742 -64.661255306622095
-0.029464899676182248 -64.815742552269285
-0.029069592670779111 -64.968176126085936
-0.0286723025221702 -65.118545644816038
-0.028273050182857952 -65.266840834153925
-0.027871856668426398 -65.413051529081443
-0.027468743056751226 -65.557167674194176
-0.027063730487211439 -65.699179324052892
-0.026656840159889075 -65.839076643447498
-0.02624809333477638 -65.976849907750932
-0.025837511330971088 -66.112489503241108
-0.025425115525873669 -66.245985927341565
-0.025010927354379264 -66.377329789010176
-0.024594968308067396 -66.5065118089626
-0.024177259934388382 -66.633522820008821
-0.023757823835847198 -66.758353767334754
-0.02333668166918303 -66.880995708749964
-0.022913855144548967 -67.001439815038296
-0.022489366024684307 -67.119677370165263
-0.022063236124089246 -67.235699771593929
-0.02163548730819179 -67.34949853053503
-0.021206141492516487 -67.461065272203641
-0.020775220641846334 -67.570391736098244
-0.020342746769385245 -67.67746977622717
-0.019908741935916213 -67.782291361394087
-0.019473228248957641 -67.884848575422708
-0.019036227861915916 -67.985133617375197
-0.018597762973237366 -68.083138801837563
-0.0181578558255562 -68.17885655913561
-0.017716528704841018 -68.272279435509901
-0.017273803939537629 -68.363400093438003
-0.01682970389971156 -68.452211311768551
-0.016384250996186286 -68.538705985984606
-0.015937467679680378 -68.622877128358937
-0.015489376439941653 -68.704717868255898
-0.015039999804880163 -68.78422145222666
-0.014589360339697835 -68.861381244272508
-0.014137480646016843 -68.936190726005194
-0.013684383361005838 -69.00864349685942
-0.013230091156503445 -69.078733274248165
-0.012774626738141042 -69.146453893766235
-0.012318012844462104 -69.211799309350226
-0.011860272246041003 -69.274763593428318
-0.011401427744598918 -69.335340937162442
-0.01094150217211861 -69.393525650486197
-0.010480518389956906 -69.449312162363938
-0.010018499287956081 -69.502695020896354
-0.0095554677835526444 -69.55366889347755
-0.0090914468208852049 -69.602228566942529
-0.0086264593699006183 -69.648368947637991
-0.0081605284254580752 -69.692085061685077
-0.0076936770064322388 -69.73337205500026
-0.00722592815481454 -69.772225193441287
-0.0067573049348130408 -69.808639862945896
-0.0062878304319511419 -69.842611569610568
-0.0058175277521644855 -69.874135939923917
-0.0053464200208968686 -69.903208720553494
-0.0048745303821948437 -69.929825778909319
-0.0044018819978008028 -69.953983102764951
-0.0039284980462451838 -69.975676800883363
-0.0034544017219372393 -69.994903102314012
-0.0029796162342548929 -70.011658357389976
-0.0025041648066333527 -70.025939037234906
-0.0020280706756527454 -70.03774173374093
-0.0015513570901247596 -70.047063160233947
-0.0010740473101783032 -70.053900150873446
-0.00059616460634424081 -70.058249661091835
-0.00011773225863927154 -70.060108768307231
0.00036122644435104524 -70.059474667994678
0.00084068820639005123 -70.056344681934576
0.0013206297245085122 -70.050716249946177
0.0018010276899238511 -70.042586933714517
0.0022818587889600313 -70.03195441687032
0.0027630997039681062 -70.018816504064048
0.0032447271142473097 -70.003171121792931
0.0037267176969667517 -69.985016317538225
0.0042090481280875483 -69.964350260697927
0.0046916950832854593 -69.941171241909331
0.0051746352388739461 -69.91547767336877
0.0056578452727275652 -69.887268088712489
0.0061413018652057769 -69.85654114304937
0.006624981700076916 -69.823295612902541
0.0071088614654426568 -69.787530396347648
0.0075929178546623047 -69.749244512697729
0.0080771275672777143 -69.708437102748135
0.0085614673099379812 -69.665107428590247
0.0090459137973243654 -69.619254873622424
0.0095304437530752094 -69.570878942485777
0.010015033910710987 -69.519979261073971
0.010499661014559184 -69.466555576376393
0.010984301820678968 -69.410607756493846
0.011468933097786139 -69.352135790563167
0.011953531628177598 -69.291139788671288
0.012438074208655642 -69.227619981800174
0.012922537651451927 -69.161576721748602
0.013406898785151675 -69.093010481028841
0.013891134455616775 -69.021921852797064
0.014375221526908868 -68.948311550762043
0.014859136882212465 -68.872180409076122
0.01534285742475674 -68.793529382232563
0.015826360078737396 -68.712359544977247
0.016309621790238055 -68.628672092200318
0.016792619528150522 -68.542468338765616
0.017275330285095144 -68.453749719462749
0.017757731078340014 -68.362517788817911
0.01823979895071947 -68.268774221044325
0.018721510971552172 -68.17252080978561
0.019202844237558438 -68.07375946809492
0.019683775873775646 -67.972492228223416
0.020164283034474983 -67.868721241475896
0.02064434290407445 -67.76244877810521
0.021123932698053752 -67.65367722705308
0.021603029663866371 -67.542409095902627
0.022081611081850614 -67.428647010621674
0.02255965426614041 -67.312393715454064
0.023037136565575728 -67.193652072659162
0.023514035364608631 -67.072425062423477
0.023990328084211955 -66.948715782607522
0.024465992182784703 -66.822527448580132
0.024941005157056419 -66.693863393010716
0.025415344542989767 -66.562727065666238
0.025888987916683273 -66.429122033217311
0.026361912895272007 -66.293051979016511
0.026834097137825107 -66.154520702891162
0.027305518346244277 -66.01353212090477
0.027776154266160293 -65.870090265140931
0.028245982687825834 -65.724199283490336
0.028714981447009878 -65.575863439384577
0.029183128425888806 -65.425087111595289
0.029650401553933618 -65.27187479393848
0.030116778808801724 -65.116231095075221
0.030582238217219362 -64.958160738239215
0.031046757855867527 -64.797668560961938
0.031510315852264457 -64.634759514849407
0.031972890385645943 -64.469438665268683
0.032434459687842462 -64.301711191123331
0.032895002044159745 -64.131582384525743
0.033354495794248873 -63.959057650576597
0.033812919332981854 -63.784142507013364
0.034270251111320905 -63.606842583981482
0.034726469637187923 -63.427163623694817
0.035181553476329779 -63.245111480178217
0.035635481253183471 -63.060692118898842
0.036088231651735976 -62.873911616543616
0.036539783416387722 -62.684776160636574
0.03699011535280574 -62.493292049259345
0.037439206328780138 -62.299465690709667
0.037887035275079278 -62.103303603205887
0.03833358118629468 -61.904812414498181
0.038778823121695456 -61.703998861616874
0.039222740206066996 -61.500869790446764
0.039665311630557865 -61.295432155461505
0.040106516653517374 -61.08769301930095
0.040546334601336803 -60.877659552493057
0.040984744869281255 -60.665339033037377
0.041421726922320767 -60.450738846079766
0.041857260295962692 -60.233866483533546
0.042291324597078989 -60.014729543706963
0.042723899504726368 -59.793335730942495
0.04315496477097136 -59.5696928552237
0.043584500221704348 -59.343808831805362
0.044012485757460258 -59.115691680819744
0.044438901354226658 -58.885349526881114
0.044863727064255267 -58.652790598708826
0.045286943016867982 -58.418023228705145
0.045708529419258882 -58.181055852568655
0.046128466557298291 -57.941897008882286
0.04654673479632377 -57.700555338689455
0.046963314581942611 -57.457039585100631
0.047378186440813992 -57.211358592853266
0.047791330981442753 -56.963521307898958
0.048202728894961896 -56.713536776971651
0.048612360955911545 -56.461414147150457
0.049020208023019839 -56.207162665435497
0.049426251039977054 -55.950791678292497
0.049830471036202452 -55.692310631219165
0.050232849127619633 -55.431729068291666
0.050633366517412348 -55.169056631715591
0.051032004496791065 -54.904303061367209
0.051428744445745363 -54.637478194328423
0.051823567833801897 -54.368591964435403
0.052216456220772992 -54.09765440179202
0.052607391257498325 -53.824675632316911
0.05299635468659656 -53.549665877255528
0.053383328343197145 -53.272635452698182
0.053768294155673892 -52.993594769107162
0.054151234146385868 -52.712554330820169
0.054532130432395624 -52.429524735564712
0.054910965226195388 -52.144516673952147
0.055287720836432366 -51.857540928997409
0.055662379668614238 -51.5686083756001
0.056034924225837439 -51.277729980040192
0.056405337109471203 -50.98491679947945
0.056773601019889826 -50.690179981434738
0.05713969875714945 -50.393530763266284
0.057503613221696011 -50.094980471653876
0.057865327415058045 -49.794540522079394
0.058224824440528046 -49.492222418288094
0.058582087503847705 -49.188037751766331
0.058937099913893121 -48.881998201199906
0.059289845083345817 -48.574115531935838
0.059640306529358214 -48.264401595444376
0.059988467874234314 -47.952868328768297
0.060334312846082677 -47.639527753977177
0.060677825279473352 -47.324391977607661
0.061018989116097454 -47.007473190118475
0.061357788405410174 -46.688783665323868
0.061694207305286242 -46.368335759826657
0.06202823008265046 -46.046141912461877
0.062359841114114765 -45.72221464372064
0.062689024886618594 -45.396566555176911
0.063015765998046799 -45.06921032891448
0.063340049157852171 -44.740158726947016
0.063661859187682704 -44.409424590630586
0.063981181021986425 -44.077020840083712
0.064297999708625903 -43.742960473597478
0.064612300409471884 -43.407256567040818
0.064924068401016943 -43.06992227326311
0.06523328907496305 -42.730970821502758
0.06553994793880874 -42.390415516779619
0.065844030616437718 -42.048269739291904
0.066145522848700844 -41.70454694380917
0.066444410493990871 -41.359260659063516
0.06674067952880583 -41.012424487128989
0.0670343160483306 -40.664052102812875
0.067325306266983909 -40.314157253033549
0.067613636518973522 -39.962753756195617
0.067899293258863153 -39.609855501565391
0.068182263062098111 -39.255476448646391
0.068462532625565564 -38.899630626543086
0.06874008876811423 -38.542332133329964
0.069014918431094349 -38.183595135416212
0.069287008678888984 -37.823433866900395
0.069556346699417154 -37.461862628936352
0.069822919804669883 -37.09889578908097
0.070086715431199612 -36.734547780654815
0.070347721140658001 -36.368833102082377
0.070605924620242802 -36.001766316246062
0.070861313683269839 -35.633362049831597
0.071113876269574119 -35.263634992662332
0.071363600446070583 -34.892599897048456
0.071610474407191871 -34.520271577118137
0.071854486475362078 -34.146664908153127
0.072095625101495656 -33.771794825921589
0.072333878865429593 -33.395676326008221
0.072569236476386301 -33.018324463138725
0.072801686773454388 -32.639754350508426
0.073031218725989305 -32.259981159104022
0.073257821434098744 -31.879020117020758
0.0734814841290541 -31.496886508783415
0.073702196173722673 -31.113595674661152
0.07391994706300721 -30.729163009982145
0.074134726424257835 -30.343603964442465
0.074346524017675567 -29.956934041416712
0.074555329736738535 -29.569168797264531
0.074761133608599512 -29.180323840635975
0.074963925794477596 -28.79041483177388
0.075163696590061668 -28.399457481814196
0.075360436425888216 -28.007467552085057
0.075554135867718267 -27.61446085340393
0.075744785616927268 -27.220453245370749
0.075932376510870009 -26.825460635663166
0.076116899523235873 -26.429498979324173
0.076298345764407055 -26.032584278054472
0.076476706481825904 -25.634732579496358
0.07665197306032942 -25.235959976522043
0.076824137022502209 -24.836282606514867
0.076993190028988565 -24.435716650651475
0.077159123878847283 -24.034278333183114
0.077321930509869102 -23.631983920712553
0.077481601998876395 -23.22884972147105
0.077638130562068391 -22.824892084593568
0.077791508555295069 -22.420127399392097
0.077941728474382257 -22.014572094627248
0.078088782955405417 -21.608242637778854
0.078232664775010424 -21.201155534314413
0.078373366850644458 -20.793327326955822
0.078510882240891505 -20.384774594946563
0.078645204145707942 -19.975513953314845
0.078776325906694381 -19.565562052136702
0.078904241007357018 -19.154935575797932
0.079028943073342642 -18.743651242254543
0.079150425872757973 -18.331725802290791
0.079268683316306987 -17.919176038777575
0.07938370945757714 -17.506018765928726
0.079495498493318828 -17.092270828556771
0.079604044763571191 -16.677949101325243
0.07970934275192483 -16.263070488003674
0.079811387085788874 -15.847651920718018
0.079910172536470647 -15.431710359201697
0.080005694019491133 -15.015262790045584
0.080097946594768432 -14.598326225945906
0.080186925466694717 -14.180917704952503
0.080272625984479692 -13.763054289715068
0.080355043642122467 -13.344753066729194
0.080434174078861831 -12.926031145580801
0.080510013078995454 -12.506905658190545
0.080582556572393438 -12.08739375805677
0.080651800634343268 -11.667512619497572
0.08071774148588659 -11.247279436892768
0.08078037549389544 -10.82671142392458
0.080839699171177962 -10.405825812817564
0.080895709176679237 -9.984639853578317
0.080948402315498921 -9.5631708132340769
0.080997775539101979 -9.1414359750711132
0.081043825945348841 -8.7194526378720827
0.081086550778694255 -8.2972381151533074
0.081125947430125189 -7.8748097344011665
0.08116201343751589 -7.4521848363083114
0.081194746485332023 -7.0293807740091614
0.081224144405161097 -6.6064149123152047
0.08125020517521446 -6.1833046269496235
0.081272926921131514 -5.7600673037820584
0.081292307915214621 -5.3367203380624471
0.081308346577186025 -4.9132811336550208
0.081321041473967029 -4.4897671022718999
0.081330391319160159 -4.0661956627063995
0.081336394974652851 -3.6425842400662631
0.081339051448158756 -3.2189502650066144
0.081338359896250836 -2.7953111729628972
0.081334319621897092 -2.3716844033836382
0.081326930075511297 -1.9480873989631688
0.08131619085471059 -1.5245376048743398
0.081302101704661012 -1.101052468001199
0.081284662517893194 -0.67764943617172912
0.081263873334075559 -0.25434595739063937
0.081239734340164807 0.1688405209277401
0.081212245870492347 0.59189255272643537
0.081181408406464831 1.0147926940726437
0.081147222576606615 1.4375235039243515
0.081109689156771095 1.8600675448967285
0.081068809069745493 2.2824073840282622
0.081024583385299345 2.7045255935465908
0.080977013320259736 3.1264047516340319
0.080926100238271778 3.5480274431927348
0.080871845649758953 3.969376260609454
0.080814251211861365 4.3904338045199101
0.080753318728397527 4.8111826845726817
0.080689050149666472 5.231605520192617
0.080621447572373203 5.6516849413437162
0.080550513239590046 6.0714035892915454
0.080476249540567868 6.4907441173648746
0.0803986590106502 6.909689191716998
0.080317744331080618 7.328221492086068
0.080233508329007192 7.7463237125550508
0.080145953977204157 8.1639785623108434
0.080055084393978612 8.5811687664024507
0.079960902843066034 8.9978770664989831
0.079863412733389996 9.414086221645972
0.079762617618907683 9.8297790090217614
0.079658521198568047 10.244938224692264
0.079551127315934514 10.659546684365404
0.079440439959152551 11.073587224144283
0.079326463260703625 11.487042701279387
0.07920920149722889 11.899895994919813
0.079088659089312188 12.312130006863931
0.078964840601274899 12.723727662308145
0.078837750740986673 13.134671910595275
0.078707394359610508 13.544945725961419
0.07857377645141668 13.954532108281846
0.078436902153520421 14.363414083815538
0.078296776745652358 14.771574705948769
0.078153405649947327 15.178997055937362
0.078006794430625262 15.585664243647082
0.077856948793824238 15.99155940829411
0.077703874587261898 16.396665719182284
0.077547577800026246 16.800966376441
0.077388064562265976 17.204444611759428
0.07722534114492316 17.607083689121932
0.077059413959453107 18.008866905539673
0.076890289557538738 18.409777591781687
0.076717974630766336 18.809799113105587
0.076542476010364305 19.208914869983403
0.076363800666853707 19.60710829883029
0.07618195570976545 20.004362872727686
0.075996948387307584 20.400662102147262
0.075808786086033544 20.795989535671517
0.075617476330524 21.190328760714692
0.075423026783033517 21.583663404239498
0.075225445243162964 21.975977133474554
0.075024739647500935 22.367253656627298
0.07482091806926694 22.757476723597964
0.074613988717952939 23.14663012668948
0.074403959938975195 23.534697701317224
0.074190840213255144 23.921663326713336
0.073974638156896352 24.307510926635857
0.073755362520764089 24.692224470067256
0.073533022190111041 25.075787971918462
0.073307626184174718 25.458185493726422
0.073079183655782504 25.839401144351292
0.072847703890941307 26.219419080671095
0.07261319630843531 26.598223508273559
0.072375670459379732 26.975798682148021
0.072135136026850524 27.352128907372443
0.071891602825387993 27.727198539800327
0.071645080800622318 28.100991986742912
0.071395580028795091 28.473493707653137
0.071143110716339122 28.844688214801703
0.070887683199404528 29.214560073957408
0.070629307943419053 29.583093905058512
0.070367995542622713 29.950274382886771
0.07010375671959107 30.316086237736044
0.069836602324775662 30.680514256081086
0.069566543336025133 31.043543281238907
0.069293590858081386 31.405158214036035
0.069017756122119994 31.765344013464432
0.06873905048523235 32.124085697337229
0.068457485429942302 32.481368342949608
0.068173072563692552 32.837177087724967
0.067885823618330288 33.191497129865958
0.067595750449607986 33.54431372900055
0.067302865036637696 33.895612206829824
0.067007179481400128 34.245377947762023
0.06670870600817487 34.593596399557569
0.066407456963031158 34.940253073961699
0.066103444813275375 35.285333547337871
0.06579668214691034 35.628823461296321
0.065487181672074679 35.970708523325314
0.065174956216496729 36.310974507410045
0.064860018726928162 36.64960725465842
0.06454238226856604 36.986592673917933
0.064222060024506866 37.321916742389149
0.063899065295146398 37.655565506242432
0.063573411497602733 37.987525081223581
0.063245112165143197 38.317781653261484
0.062914180946571363 38.646321479073187
0.062580631605647877 38.973130886761744
0.062244478020481012 39.298196276413037
0.061905734182923729 39.621504120692286
0.061564414197959258 39.943040965435138
0.061220532283085535 40.262793430228719
0.060874102767701728 40.58074820900729
0.060525140092472479 40.896892070621846
0.060173658808703068 41.211211859427294
0.059819673577709079 41.523694495849959
0.059463199170168804 41.834326976964213
0.059104250465481921 42.143096377057226
0.058742842451126015 42.449989848193724
0.058378990221997419 42.754994620780074
0.058012708979756272 43.058098004118378
0.057644014032161052 43.359287386961896
0.057272920792409227 43.658550238067562
0.05689944477845682 43.955874106742137
0.05652360161235194 44.251246623384418
0.056145407019547254 44.544655500029684
0.055764876828217701 44.836088530884886
0.055382026968579551 45.125533592853394
0.054996873472183405 45.41297864608574
0.05460943247122655 45.69841173447999
0.054219720197853018 45.981820986222871
0.053827752983436464 46.263194614297859
0.053433547257886127 46.542520917010684
0.053037119548921825 46.819788278486001
0.05263848648135154 47.094985169191055
0.052237664776366488 47.368100146423252
0.051834671250795876 47.639121854827643
0.051429522816388309 47.908039026877574
0.0510222364790743 48.174840483376769
0.050612829338225418 48.43951513394299
0.050201318585912098 48.702051977495408
0.049787721506161599 48.962440102736004
0.049372055474203862 49.220668688620115
0.04895433795572008 49.476727004844498
0.048534586506079842 49.730604412296934
0.048112818769585682 49.982290363535292
0.047689052478704308 50.231774403244785
0.047263305453298814 50.479046168693351
0.046835595599851343 50.724095390185269
0.046405940910695762 50.966911891516233
0.045974359463226602 51.207485590405149
0.045540869419125031 51.445806498953651
0.045105489023565558 51.681864724065257
0.044668236604424767 51.915650467886486
0.044229130571494288 52.147154028241239
0.043788189415670822 52.376365799041473
0.043345431708169846 52.60327627071765
0.042900876099706449 52.827876030633959
0.042454541319697676 53.050155763498715
0.04200644617544682 53.270106251766357
0.0415566095513294 53.487718376053792
0.041105050407976677 53.702983115531516
0.040651787781452432 53.915891548317411
0.040196840782429355 54.126434851869
0.03974022859536467 54.334604303373233
0.039281970477663401 54.540391280125633
0.0388220857588535 54.74378725990789
0.038360593839740414 54.94478382136289
0.037897514191572446 55.143372644361868
0.037432866355197526 55.339545510368787
0.036966669940217287 55.533294302803888
0.036498944624139489 55.724611007401229
0.036029710151522995 55.913487712544125
0.035558986333129948 56.099916609640381
0.035086793045063597 56.283889993438365
0.034613150227910096 56.465400262378594
0.034138077885878533 56.644439918922792
0.033661596085931993 56.821001569891749
0.033183724956922914 56.995077926774812
0.032704484688720385 57.166661806058897
0.032223895531340384 57.335746129549044
0.031741977794066463 57.502323924668588
0.03125875184457487 57.666388324768654
0.030774238108052937 57.827932569436349
0.030288457066316839 57.986950004786088
0.029801429256925058 58.143434083752545
0.029313175272293095 58.297378366381558
0.02882371575880157 58.448776520107195
0.028333071415905634 58.597622320042653
0.027841262995238952 58.743909649238631
0.027348311299719291 58.887632498962994
0.026854237182647806 59.028784968973234
0.026359061546809785 59.167361267742706
0.025862805343571067 59.303355712773829
0.025365489571972311 59.436762730779165
0.024867135277824578 59.567576857996841
0.024367763552797125 59.695792740364404
0.023867395533509288 59.821405133818523
0.023366052400616441 59.944408904481584
0.02286375537789587 60.064799028905163
0.022360525731329836 60.182570594292507
0.021856384768188866 60.297718798717561
0.021351353836109761 60.410238951338144
0.020845454322176181 60.520126472580309
0.020338707651993877 60.627376894387439
0.019831135288767125 60.731985860379467
0.019322758732370781 60.83394912606083
0.018813599518424141 60.933262559006842
0.01830367921736015 61.029922139044054
0.01779301943349516 61.123923958451698
0.017281641804096651 61.215264222089267
0.016769567998449211 61.303939247620313
0.01625681971692022 61.389945465630468
0.015743418690022326 61.473279419805309
0.015229386677477481 61.553937767119052
0.014714745467276987 61.63191727791984
0.014199516874741898 61.707214836101585
0.013683722741582279 61.779827439271777
0.013167384934954467 61.849752198834551
0.012650525346518353 61.91698634020684
0.01213316589149278 61.981527202791085
0.011615328507710555 62.043372240287603
0.011097035154672226 62.102519020659805
0.010578307812598931 62.158965226309263
0.010059168481484802 62.212708654154255
0.0095396391801479217 62.263747215778082
0.0090197419452809745 62.312078937446984
0.0084994988305011013 62.357701960302926
0.0079789319053989432 62.400614540359676
0.0074580632545869947 62.440815048583126
0.0069369149767476105 62.478301971055508
0.0064155091836800866 62.513073908995437
0.0058938679993475636 62.545129578697697
0.0053720135589231319 62.574467811952672
0.0048499680078356996 62.60108755562085
0.0043277535008153832 62.624987872031376
0.0038053922009384828 62.646167938975132
0.0032829062786722449 62.664627049608683
0.0027603179109192293 62.68036461256839
0.0022376492800614549 62.693380152121598
0.0017149225730044352 62.703673308059457
0.0011921599802209319 62.711243835535015
0.00066938369479461806 62.716091605322205
0.00014661591146372554 62.718216604868502
-0.00037612117433542401 62.717618934558743
-0.00089880536742488536 62.714298813293148
-0.0014214144738414437 62.708256574140421
-0.0019439263017929506 62.699492665902838
-0.0024663186626145512 62.688007652931745
-0.0029885693717246623 62.673802215358052
-0.0035106562495808326 62.656877148633214
-0.0040325571226353229 62.637233363807603
-0.0045542498242904144 62.614871887383025
-0.0050757121958533479 62.589793861271374
-0.0055969220874909284 62.562000542831697
-0.0061178573591837322 62.531493304676147
-0.006638495881679897 62.498273634795872
-0.0071588155374482775 62.462343136293704
-0.007678794221631256 62.423703527564378
-0.0081984098429968236 62.382356641982945
-0.0087176403248901864 62.338304427998189
-0.0092364636061846341 62.291548949004394
-0.009754857642231711 62.242092383254295
-0.0102728004058108 62.189937023745216
-0.010790269888077514 62.135085278199952
-0.011307244099511889 62.077539668852111
-0.011823701070865396 62.0173028324851
-0.012339618854106688 61.954377520165636
-0.012854975523367269 61.888766597315559
-0.01336974917588548 61.820473043406217
-0.013883917932949508 61.749499951983452
-0.014397459940840062 61.675850530434708
-0.014910353371770704 61.599528099941494
-0.015422576424828392 61.520536095251124
-0.015934107326911796 61.438878064653615
-0.01644492433366913 61.35455766970199
-0.016955005730434059 61.267578685158711
-0.017464329833160926 61.177944998799589
-0.017972874989358314 61.085660611239177
-0.01848061957902105 60.990729635798409
-0.018987542015561465 60.893156298312519
-0.019493620746738299 60.79294493695464
-0.019998834255585525 60.690100002051821
-0.020503161061336692 60.58462605591307
-0.02100657972035197 60.476527772628003
-0.021509068827039932 60.365809937866267
-0.022010607014779689 60.252477448696332
-0.022511172956839885 60.136535313354322
-0.023010745367297736 60.017988651051979
-0.02350930300195489 59.896842691755197
-0.02400682465925123 59.77310277597293
-0.024503289181179368 59.646774354511585
-0.024998675454192848 59.51786298827804
-0.025492962410117399 59.386374348002221
-0.025986129027056225 59.252314214052397
-0.026478154330294688 59.115688476142715
-0.026969017393205272 58.976503133114484
-0.027458697338145502 58.834764292664431
-0.027947173337358154 58.690478171115963
-0.02843442461386704 58.543651093118967
-0.028920430442372344 58.39428949140725
-0.029405170150141331 58.242399906533976
-0.029888623117897434 58.087988986563481
-0.030370768780711866 57.931063486826424
-0.030851586628882034 57.771630269615997
-0.031331056208819708 57.609696303891944
-0.03180915712392994 57.445268665005273
-0.032285869035486255 57.278354534381229
-0.032761171663509621 57.10896119922662
-0.033235044787639272 56.937096052218962
-0.033707468248002366 56.762766591188552
-0.034178421946083157 56.585980418809022
-0.034647885845586396 56.406745242267966
-0.035115839973300825 56.22506887294854
-0.035582264419958112 56.0409592260906
-0.036047139341089232 55.854424320463245
-0.036510444957877829 55.665472278017283
-0.036972161558014499 55.474111323549749
-0.037432269496541257 55.280349784344885
-0.037890749196698346 55.084196089830776
-0.038347581150767036 54.885658771218097
-0.038802745920908675 54.684746461133614
-0.039256224140001829 54.48146789326799
-0.039707996512473122 54.275831901985271
-0.040158043815130606 54.067847421965041
-0.040606346897990329 53.857523487816998
-0.041052886685097628 53.644869233694301
-0.041497644175351532 53.42989389291111
-0.041940600443318939 53.212606797550876
-0.042381736640054554 52.993017378062611
-0.042821033993903426 52.771135162869768
-0.043258473811315291 52.546969777960634
-0.043694037477647538 52.3205309464797
-0.044127706457964939 52.091828488312245
-0.044559462297837589 51.860872319680155
-0.044989286624135164 51.627672452693396
-0.045417161145816717 51.392238994960721
-0.045843067654719544 51.154582149125524
-0.046266988026339606 50.914712212455626
-0.046688904220615154 50.672639576396463
-0.047108798282699961 50.428374726127913
-0.047526652343735702 50.181928240121131
-0.047942448621622488 49.933310789689173
-0.048356169421784362 49.682533138536066
-0.048767797137927914 49.429606142286289
-0.049177314252802001 49.174540748039057
-0.049584703338952006 48.917347993894133
-0.049989947059464433 48.658039008481929
-0.050393028168721869 48.396625010491967
-0.050793929513136833 48.133117308194684
-0.051192634031894682 47.867527298963282
-0.051589124757685206 47.599866468782238
-0.051983384817430131 47.330146391763314
-0.05237539743301968 47.058378729652077
-0.052765145922020314 46.784575231333086
-0.053152613698400797 46.508747732321922
-0.053537784273247131 46.230908154270395
-0.053920641255467437 45.951068504455137
-0.054301168352496119 45.669240875268358
-0.054679349371002675 45.385437443696112
-0.055055168217579602 45.099670470809663
-0.055428608899439229 44.811952301234363
-0.055799655525102632 44.522295362628093
-0.056168292305083113 44.230712165154081
-0.056534503552558915 43.937215300941027
-0.056898273684057546 43.641817443555389
-0.057259587220125842 43.34453134744912
-0.057618428785985269 43.045369847434117
-0.057974783112206385 42.744345858115835
-0.058328635035357179 42.44147237335644
-0.058679969498659529 42.136762465715378
-0.059028771552636396 41.830229285895356
-0.059375026355756109 41.521886062174538
-0.059718719175066513 41.211746099855382
-0.060059835386836354 40.899822780684083
-0.060398360477172265 40.586129562287958
-0.060734280042662639 40.270679977600516
-0.061067579790979085 39.953487634284251
-0.061398245541497247 39.634566214146965
-0.061726263225912868 39.313929472565476
-0.0620516188888404 38.99159123789115
-0.062374298688416291 38.667565410867745
-0.062694288896890368 38.341865964030873
-0.063011575901226455 38.014506941119073
-0.063326146203678949 37.68550245647014
-0.063637986422373366 37.354866694423393
-0.063947083291892942 37.022613908709765
-0.064253423663838738 36.688758421845947
-0.064556994507393606 36.353314624524252
-0.064857782909899325 36.016296975000429
-0.065155776077390148 35.677719998471332
-0.065450961335167757 35.337598286458977
-0.065743326128316473 34.995946496189639
-0.066032858022282093 34.652779349963829
-0.066319544703364736 34.308111634532878
-0.06660337397928269 33.961958200463165
-0.066884333779684654 33.614333961508237
-0.06716241215666241 33.265253893965223
-0.067437597285280315 32.914733036043948
-0.067709877464067245 32.562786487216563
-0.067979241115535022 32.209429407582689
-0.068245676786671761 31.854677017212467
-0.068509173149424965 31.498544595503549
-0.068769719001212662 31.141047480528009
-0.06902730326537615 30.782201068375802
-0.06928191499168522 30.422020812497756
-0.069533543356784189 30.060522223048601
-0.069782177664682948 29.69772086622185
-0.07002780734719645 29.333632363586887
-0.070270421964402974 28.968272391421074
-0.070510011205117532 28.601656680042367
-0.070746564887297539 28.233801013134634
-0.070980072958509319 27.864721227078036
-0.071210525496355662 27.494433210268568
-0.071437912708888621 27.122952902442368
-0.071662224935058028 26.750296293994783
-0.071883452645106011 26.376479425296218
-0.072101586440970519 26.001518386009725
-0.07231661705672876 25.625429314400826
-0.072528535358955204 25.248228396652024
-0.072737332347123387 24.869931866167295
-0.072942999154019986 24.490556002883235
-0.073145527046098127 24.110117132570128
-0.073344907423865527 23.728631626138025
-0.073541131822246947 23.346115898934681
-0.073734191910961241 22.962586410046036
-0.073924079494880862 22.578059661593546
-0.074110786514356625 22.192552198027663
-0.074294305045618445 21.806080605423528
-0.074474627301052532 21.418661510770807
-0.074651745629594188 21.030311581264051
-0.074825652517021474 20.641047523590267
-0.07499634058629151 20.250886083217274
-0.075163802597861235 19.859844043675224
-0.075328031450003538 19.46793822584204
-0.075489020179088984 19.07518548722463
-0.07564676195991539 18.681602721237738
-0.075801250105989662 18.287206856482701
-0.075952478069816892 17.892014856024964
-0.076100439443178292 17.496043716668126
-0.07624512795741667 17.09931046822901
-0.076386537483704497 16.701832172809606
-0.076524662033295485 16.303625924067411
-0.076659495757814722 15.904708846486297
-0.076791032949462323 15.505098094644467
-0.076919268041324526 15.104810852480973
-0.077044195607536795 14.70386433256207
-0.077165810363588855 14.30227577534553
-0.077284107166519969 13.900062448444308
-0.077399081015131085 13.497241645887886
-0.077510727050217457 13.093830687384386
-0.077619040554777058 12.689846917579692
-0.077724016954231076 12.28530770531667
-0.077825651816583075 11.88023044289262
-0.077923940852627729 11.474632545316629
-0.078018879916147518 11.068531449564549
-0.0781104650040991 10.661944613834784
-0.078198692256734759 10.254889516801354
-0.078283557957860767 9.8473836568675477
-0.078365058534886928 9.4394445514176581
-0.078443190559075157 9.0310897360688251
-0.078517950745659065 8.6223367639210551
-0.07858933595393737 8.2132032048075612
-0.078657343187479467 7.8037066445434693
-0.078721969594245364 7.3938646841743543
-0.078783212466668251 6.9836949392240291
-0.078841069241798928 6.5732150389415631
-0.078895537501414884 6.1624426255477784
-0.078946614972138507 5.7513953534812874
-0.078994299525463552 5.3400908886437568
-0.079038589178052246 4.9285469076450026
-0.079079482091471046 4.5167810970472209
-0.07911697657269505 4.1048111526091899
-0.079151071073793267 3.6926547785297279
-0.079181764192252257 3.2803296866910054
-0.079209054670931534 2.8678535959014111
-0.07923294139815458 2.4552442311381619
-0.079253423407714421 2.0425193227896004
-0.079270499879046413 1.6296966058972817
-0.079284170136778631 1.2167938193978418
-0.079294433651836166 0.80382870536469297
-0.07930129004033093 0.39081900824957261
-0.079304739063902022 -0.022217525876013954
-0.079304780630259017 -0.43526315007943039
-0.079301414792312702 -0.84830011732559119
-0.079294641749105166 -1.2613106812356543
-0.079284461845092274 -1.674277096845697
-0.07927087557049585 -2.0871816213653398
-0.079253883560746322 -2.5000065149362767
-0.079233486597728053 -2.912734041390697
-0.079209685607954841 -3.3253464690095611
-0.079182481664143614 -3.7378260712806743
-0.079151875984216483 -4.1501551276565749
-0.079117869931533399 -4.5623159243121449
-0.079080465014920817 -4.9742907549019293
-0.0790396628885493 -5.3860619213172409
-0.078995465351662741 -5.7976117344427704
-0.078947874348863356 -6.2089225149129126
-0.078896891969768887 -6.6199765938677064
-0.078842520448987527 -7.0307563137082569
-0.078784762166064268 -7.4412440288516635
-0.078723619645364312 -7.8514221064855994
-0.078659095555904751 -8.2612729273222349
-0.078591192711316191 -8.670778886351437
-0.078519914069743929 -9.0799223935938258
-0.078445262733594229 -9.4886858748524876
-0.078367241949559421 -9.8970517724648914
-0.07828585510837241 -10.305002546053226
-0.078201105744699156 -10.712520673274794
-0.078112997536997339 -11.119588650570869
-0.078021534307341114 -11.526188993915481
-0.077926720021271489 -11.932304239562928
-0.077828558787624902 -12.337916944794364
-0.077727054858360248 -12.743009688664172
-0.077622212628367132 -13.147565072744182
-0.077514036635291314 -13.551565721868229
-0.077402531559351048 -13.954994284875214
-0.077287702223095861 -14.357833435350258
-0.077169553591255699 -14.760065872366846
-0.077048090770479791 -15.161674321225417
-0.076923319009186392 -15.562641534193364
-0.07679524369724354 -15.962950291241409
-0.076663870365817718 -16.36258340078054
-0.076529204687125804 -16.761523700397611
-0.076391252474152141 -17.159754057588497
-0.076250019680444175 -17.557257370491076
-0.07610551239983715 -17.95401656861678
-0.075957736866213377 -18.350014613580388
-0.075806699453209961 -18.745234499829028
-0.075652406673960504 -19.139659255368521
-0.075494865180824988 -19.533271942490259
-0.075334081765096844 -19.926055658495404
-0.075170063356710212 -20.317993536416719
-0.075002817023948051 -20.709068745741376
-0.074832349973154313 -21.099264493129535
-0.074658669548398976 -21.488564023133698
-0.074481783231181653 -21.876950618913735
-0.074301698640117708 -22.264407602953689
-0.074118423530594543 -22.650918337773149
-0.073931965794462512 -23.036466226640332
-0.073742333459682438 -23.421034714281625
-0.073549534689980087 -23.804607287587878
-0.073353577784514221 -24.187167476323676
-0.073154471177509395 -24.568698853828625
-0.072952223437900143 -24.949185037723183
-0.072746843268961178 -25.328609690605685
-0.072538339507940516 -25.706956520753593
-0.072326721125676896 -26.084209282820481
-0.072111997226236041 -26.460351778528548
-0.071894177046476951 -26.835367857363686
-0.071673269955713534 -27.209241417265325
-0.071449285455266326 -27.581956405314898
-0.071222233178090358 -27.953496818422433
-0.070992122888352119 -28.323846704012112
-0.07075896448099267 -28.692990160703239
-0.070522767981339593 -29.060911338990515
-0.07028354354466311 -29.427594441922714
-0.070041301455726915 -29.79302372577806
-0.069796052128370589 -30.157183500736618
-0.069547806105059756 -30.520058131552709
-0.069296574056426766 -30.881632038223419
-0.069042366780822553 -31.241889696653537
-0.068785195203851346 -31.600815639322068
-0.068525070377908198 -31.958394455940997
-0.068262003481704039 -32.314610794117094
-0.067996005819779784 -32.669449360006872
-0.067727088822036 -33.022894918969065
-0.067455264043242591 -33.374932296223044
-0.067180543162534009 -33.725546377487937
-0.066902937982920588 -34.07472210963769
-0.066622460430781488 -34.422444501340031
-0.066339122555352681 -34.768698623699564
-0.066052936528210121 -35.113469610896793
-0.065763914642756341 -35.456742660820822
-0.06547206931368886 -35.798503035707519
-0.065177413076471583 -36.138736062764757
-0.064879958586796571 -36.477427134804742
-0.064579718620046175 -36.814561710864552
-0.06427670607074408 -37.15012531682985
-0.063970933952009229 -37.48410354605651
-0.063662415394984906 -37.81648205998038
-0.06335116364829782 -38.147246588739243
-0.063037192077478293 -38.476382931775191
-0.062720514164387231 -38.803876958446033
-0.062401143506647272 -39.129714608631851
-0.062079093817057875 -39.453881893328308
-0.06175437892300769 -39.776364895255668
-0.061427012765882152 -40.097149769445416
-0.061097009400472413 -40.416222743836975
-0.060764382994370557 -40.73357011986603
-0.060429147827359947 -41.049178273046635
-0.060091318290813739 -41.363033653562503
-0.059750908887068632 -41.675122786838507
-0.059407934228812825 -41.985432274119731
-0.059062409038460585 -42.293948793045196
-0.058714348147512176 -42.600659098216028
-0.058363766495935762 -42.905550021766842
-0.058010679131514767 -43.208608473922368
-0.057655101209205646 -43.509821443559211
-0.057297047990500991 -43.809175998767266
-0.056936534842761802 -44.106659287395665
-0.056573577238570164 -44.402258537607189
-0.056208190755060755 -44.695961058423414
-0.05584039107326192 -44.9877542402687
-0.055470193977415788 -45.277625555503825
-0.055097615354308953 -45.565562558971891
-0.054722671192593844 -45.851552888522981
-0.054345377582099043 -46.135584265539194
-0.05396575071314396 -46.417644495474526
-0.053583806875848732 -46.697721468362531
-0.053199562459433178 -46.975803159340778
-0.052813033951514536 -47.251877629159111
-0.052424237937406012 -47.525933024704045
-0.05203319109940828 -47.797957579488099
-0.051639910216089692 -48.067939614163336
-0.051244412161570697 -48.335867537022679
-0.050846713904804684 -48.601729844486499
-0.050446832508852374 -48.865515121605803
-0.050044785130139401 -49.127212042540528
-0.049640589017741613 -49.386809371049331
-0.049234261512634443 -49.644295960973217
-0.048825820046951587 -49.899660756700989
-0.048415282143241131 -50.152892793654544
-0.048002665413717463 -50.403981198751474
-0.047587987559504823 -50.652915190868882
-0.047171266369878791 -50.899684081309879
-0.046752519721510462 -51.144277274256083
-0.046331765577692863 -51.386684267222549
-0.045909021987582108 -51.626894651507968
-0.045484307085416606 -51.864898112636439
-0.045057639089744042 -52.10068443079939
-0.044629036302645052 -52.334243481300454
-0.04419851710894334 -52.565565234976184
-0.043766099975424473 -52.794639758634546
-0.043331803450042512 -53.021457215471983
-0.04289564616112735 -53.246007865500168
-0.042457646816586168 -53.468282065962541
-0.042017824203105486 -53.688270271743512
-0.04157619718534316 -53.905963035775194
-0.041132784705125491 -54.121351009449612
-0.040687605780631665 -54.334424943006354
-0.040240679505584291 -54.54517568593694
-0.039792025048429165 -54.753594187381374
-0.039341661651514662 -54.95967149649691
-0.038889608630272118 -55.16339876285371
-0.038435885372384113 -55.364767236819944
-0.037980511336956596 -55.563768269917269
-0.037523506053687129 -55.760393315204311
-0.037064889122026906 -55.954633927641439
-0.036604680210344492 -56.146481764445618
-0.036142899055080439 -56.335928585449679
-0.035679565459904826 -56.52296625345582
-0.035214699294870568 -56.707586734588013
-0.034748320495559933 -56.889782098626007
-0.034280449062232758 -57.069544519351069
-0.033811105058971593 -57.24686627487371
-0.033340308612819697 -57.421739747976346
-0.032868079912922905 -57.59415742642927
-0.032394439209662965 -57.764111903310358
-0.031919406813792066 -57.931595877331361
-0.031443003095562534 -58.096602153137873
-0.030965248483855855 -58.259123641622935
-0.030486163465306568 -58.419153360243079
-0.030005768583427472 -58.576684433285045
-0.029524084437728637 -58.731710092195826
-0.02904113168283471 -58.884223675841888
-0.028556931027604527 -59.034218630817207
-0.028071503234239473 -59.181688511708565
-0.027584869117399605 -59.326626981372669
-0.027097049543308511 -59.469027811220919
-0.0266080654288629 -59.608884881458977
-0.026117937740735623 -59.746192181378902
-0.025626687494479196 -59.880943809596793
-0.025134335753625125 -60.013133974304829
-0.024640903628782237 -60.142756993528167
-0.024146412276734155 -60.269807295367542
-0.023650882899532356 -60.394279418222347
-0.023154336743589011 -60.516168011039746
-0.022656795098767096 -60.635467833550535
-0.022158279297469066 -60.752173756455782
-0.021658810713724077 -60.866280761691101
-0.021158410762272754 -60.97778394261848
-0.020657100897649421 -61.086678504236133
-0.020154902613265212 -61.192959763378354
-0.019651837440486784 -61.296623148936028
-0.019147926947714441 -61.397664202022334
-0.018643192739459819 -61.496078576214778
-0.018137656455419982 -61.591862037655972
-0.017631339769551391 -61.685010465336482
-0.017124264389141625 -61.775519851152211
-0.016616452053880668 -61.863386300231753
-0.016107924534929367 -61.948606030933355
-0.015598703633988322 -62.031175375119219
-0.015088811182363359 -62.111090778286545
-0.014578269040032139 -62.188348799696648
-0.014067099094706772 -62.26294611255959
-0.013555323260898288 -62.334879504095582
-0.013042963478977166 -62.404145875811338
-0.012530041714234674 -62.470742243510244
-0.012016579955942165 -62.534665737437805
-0.011502600216409753 -62.595913602462176
-0.010988124530043721 -62.654483198170382
-0.010473174952403368 -62.710371998898658
-0.009957773559256507 -62.763577593984309
-0.0094419424456343003 -62.814097687744678
-0.0089257037248855094 -62.8619300996493
-0.0084090795277293497 -62.907072764365125
-0.0078920920013082728 -62.949523731904669
-0.0073747633082396199 -62.989281167603231
-0.0068571156256666543 -63.026343352336092
-0.0063391711443091213 -63.060708682446624
-0.0058209520675131642 -63.092375669967545
-0.0053024806103005671 -63.121342942585166
-0.0047837789984177034 -63.147609243626903
-0.0042648694673838739 -63.171173432370708
-0.0037457742615392875 -63.192034483725578
-0.0032265156330926288 -63.210191488646558
-0.0027071158411682969 -63.225643654002809
-0.0021875971508533527 -63.238390302404518
-0.0016679818322442486 -63.248430872661089
-0.0011482921594932604 -63.255764919483589
-0.00062855040985475839 -63.260392113776383
-0.00010877886273140903 -63.262312242708859
0.00041100020127977704 -63.261525206987542
0.00093076450134144031 -63.2580310284078
0.0014504917573298407 -63.251829840163502
0.0019701596907888588 -63.242921893686152
0.0024897460258839154 -63.231307555882715
0.003009228490355763 -63.21698730975497
0.0035285848164741049 -63.199961754296012
0.0040477927419910369 -63.180231604370192
0.0045668300110942974 -63.157797690984943
0.0050856743753601918 -63.132660960805197
0.0056043035947062406 -63.104822476495876
0.0061226954383434657 -63.074283416513872
0.0066408276857282539 -63.041045075062463
0.0071586781275137712 -63.005108861982215
0.0076762245665009622 -62.96647630290942
0.0081934448185890206 -62.925149038870082
0.0087103167137252621 -62.881128826565082
0.0092268180968543192 -62.834417537979725
0.0097429268288670053 -62.785017160567556
0.010258620787548096 -62.732929796991428
0.010773877868523487 -62.67815766507794
0.011288675986207175 -62.62070309772394
0.011802993074746165 -62.560568542894238
0.012316807088966037 -62.497756563289798
0.012830096005314602 -62.432269836494044
0.013342837822804685 -62.364111154645798
0.013855010563956603 -62.293283424465997
0.014366592275739026 -62.219789667078381
0.014877561030509138 -62.143633017845467
0.015387894926951248 -62.064816726287418
0.015897572091014923 -61.983344155929899
0.016406570676851497 -61.899218784130035
0.016914868867749445 -61.812444201993735
0.017422444877068826 -61.723024114113805
0.017929276949173702 -61.63096233851482
0.018435343360364235 -61.536262806465196
0.01894062241980651 -61.438929562250152
0.019445092470461767 -61.338966763056405
0.019948731890012887 -61.236378678777541
0.020451519091791773 -61.131169691844498
0.020953432525701768 -61.023344297010702
0.021454450679142166 -60.912907101164016
0.021954552077928624 -60.79986282315128
0.022453715287212173 -60.684216293556929
0.022951918912398186 -60.565972454492787
0.023449141600061889 -60.445136359409901
0.023945362038862585 -60.321713172849449
0.024440558960456368 -60.195708170248324
0.024934711140407528 -60.067126737693009
0.02542779739909589 -59.935974371706003
0.025919796602625281 -59.802256678990801
0.026410687663727835 -59.66597937621448
0.026900449542666009 -59.527148289741355
0.027389061248136386 -59.385769355388121
0.027876501838164272 -59.241848618184513
0.028362750421005056 -59.095392232094092
0.028847786156035109 -58.94640645975872
0.029331588254646535 -58.794897672229283
0.029814135981135914 -58.640872348697691
0.030295408653593217 -58.484337076214203
0.030775385644787212 -58.325298549392755
0.031254046383047025 -58.16376357015524
0.031731370353147735 -57.999739047403573
0.032207337097182459 -57.833231996753362
0.032681926215443621 -57.66424954020853
0.033155117367294262 -57.492798905879887
0.033626890272038086 -57.318887427652385
0.034097224709790902 -57.142522544885651
0.034566100522344059 -56.963711802095268
0.035033497614027499 -56.782462848613889
0.035499395952572552 -56.598783438284158
0.035963775569966751 -56.412681429111572
0.036426616563312066 -56.224164782933443
0.036887899095674019 -56.03324156506892
0.037347603396933965 -55.839919943993792
0.037805709764633363 -55.644208190970133
0.038262198564819584 -55.446114679693913
0.038717050232884007 -55.245647885950724
0.039170245274403055 -55.04281638723419
0.039621764265970374 -54.837628862389394
0.040071587856029933 -54.630094091238078
0.040519696765704459 -54.420220954202911
0.040966071789620313 -54.208018431924479
0.04141069379672984 -53.993495604874532
0.041853543731133133 -53.776661652980003
0.042294602612890482 -53.55752585520748
0.042733851538836756 -53.336097589188505
0.043171271683391507 -53.112386330797506
0.043606844299364941 -52.886401653759464
0.044040550718759404 -52.658153229233811
0.044472372353568199 -52.427650825398992
0.044902290696577515 -52.194904307038719
0.045330287322147854 -51.959923635115395
0.045756343887015924 -51.722718866342049
0.046180442131070372 -51.483300152751795
0.046602563878138686 -51.241677741269626
0.04702269103676171 -50.997861973262857
0.047440805600973135 -50.751863284101951
0.047856889651068241 -50.503692202717225
0.048270925354367784 -50.253359351139906
0.048682894965990028 -50.000875444055403
0.04909278082960121 -49.746251288338328
0.049500565378179699 -49.489497782588877
0.04990623113475947 -49.230625916669169
0.050309760713188413 -48.969646771232263
0.050711136818866069 -48.706571517242757
0.051110342249485567 -48.441411415503197
0.051507359895772875 -48.174177816164722
0.051902172742215119 -47.904882158252512
0.052294763867792485 -47.633535969165607
0.052685116446701701 -47.360150864179097
0.053073213749078828 -47.084738545961031
0.053459039141710039 -46.807310804058893
0.053842576088749226 -46.527879514394698
0.054223808152424342 -46.246456638766908
0.054602718993742964 -45.96305422432453
0.05497929237318519 -45.677684403055885
0.055353512151408692 -45.39035939127421
0.055725362289933508 -45.101091489082073
0.056094826851833285 -44.809893079859457
0.056461890002409219 -44.516776629716468
0.056826536009880239 -44.221754686978052
0.057188749246046437 -43.924839881623335
0.057548514186963447 -43.626044924766774
0.057905815413606655 -43.3253826080987
0.05826063761253035 -43.02286580334259
0.058612965576523408 -42.718507461705087
0.058962784205260535 -42.412320613315281
0.059310078505953517 -42.104318366670782
0.059654833593982194 -41.794513908077988
0.059997034693545684 -41.482920501078837
0.060336667138282479 -41.169551485891127
0.06067371637190886 -40.854420278834517
0.061008167948834555 -40.53754037174803
0.061340007534788243 -40.218925331426746
0.061669220907419581 -39.89858879902507
0.061995793956926552 -39.576544489482053
0.062319712686639467 -39.252806190931594
0.062640963213636935 -38.927387764107564
0.062959531769331001 -38.600303141756292
0.063275404700058824 -38.2715663280336
0.06358856846766979 -37.941191397909591
0.06389900965010159 -37.609192496561072
0.064206714941954762 -37.275583838770231
0.064511671155067965 -36.940379708307987
0.064813865219079059 -36.603594457334268
0.065113284181981049 -36.265242505768889
0.065409915210681846 -35.925338340684142
0.065703745591556187 -35.583896515678049
0.065994762730984174 -35.240931650254787
0.066282954155884949 -34.896458429195363
0.066568307514273825 -34.55049160192889
0.066850810575758465 -34.203045981903479
0.067130451232098223 -33.854136445945073
0.06740721749768544 -33.50377793362815
0.067681097510095906 -33.151985446628466
0.067952079530563203 -32.79877404808547
0.068220151944506979 -32.444158861952332
0.068485303262017058 -32.088155072351903
0.06874752211834545 -31.730777922923693
0.069006797274397805 -31.372042716172114
0.069263117617213321 -31.011964812807889
0.069516472160441142 -30.650559631095735
0.069766850044807247 -30.28784264618599
0.070014240538588915 -29.92382938945855
0.070258633038049981 -29.558535447852741
0.070500017067934698 -29.191976463201744
0.070738382281880313 -28.824168131561638
0.070973718462865723 -28.45512620253885
0.071206015523686716 -28.084866478615382
0.071435263507320629 -27.713404814472447
0.07166145258741749 -27.340757116308847
0.071884573068679097 -26.966939341163044
0.07210461538729486 -26.591967496225127
0.072321570111341299 -26.215857638155931
0.072535427941195899 -25.838625872394264
0.072746179709915315 -25.460288352469419
0.072953816383656597 -25.08086127930904
0.073158329062035551 -24.700360900544329
0.073359708978538232 -24.318803509813463
0.073557947500857826 -23.936205446065149
0.073753036131300867 -23.552583092856509
0.073944966507133031 -23.167952877652041
0.074133730400935335 -22.78233127112081
0.07431931972096216 -22.395734786428346
0.074501726511495017 -22.008179978531171
0.074680942953165519 -21.619683443467061
0.074856961363290009 -21.230261817643036
0.075029774196243099 -20.839931777123343
0.07519937404369946 -20.448710036915219
0.075365753635032312 -20.056613350251855
0.07552890583757231 -19.663658507875315
0.075688823656946444 -19.269862337316521
0.075845500237323907 -18.875241702175348
0.075998928861800791 -18.479813501396141
0.076149102952592293 -18.083594668546407
0.07629601607136402 -17.68660217108809
0.076439661919519605 -17.288853009653511
0.076580034338418215 -16.89036421731512
0.076717127309695626 -16.491152858856559
0.076850934955495748 -16.091236030040889
0.076981451538693846 -15.690630856878945
0.077108671463211348 -15.289354494894832
0.077232589274188801 -14.887424128391254
0.077353199658251215 -14.484856969712999
0.077470497443740835 -14.081670258509897
0.077584477600903645 -13.67788126099779
0.077695135242165064 -13.273507269218999
0.077802465622259676 -12.868565600301178
0.077906464138522438 -12.46307359571585
0.078007126331007967 -12.057048620534745
0.078104447882723679 -11.650508062686539
0.078198424619818574 -11.243469332211133
0.078289052511726978 -10.835949860514432
0.078376327671374091 -10.427967099620924
0.078460246355332344 -10.019538521426371
0.078540804963979027 -9.6106816169490052
0.078618000041648067 -9.2014138955802185
0.078691828276787348 -8.791752884334274
0.078762286502086901 -8.3817161270976221
0.07882937169462971 -7.971321183877019
0.078893080976023752 -7.5605856300471883
0.078953411612463539 -7.1495270555980417
0.079010361014959771 -6.7381630643807569
0.079063926739376761 -6.3265112733537849
0.079114106486541713 -5.9145893118279629
0.079160898102318022 -5.502414820711194
0.079204299577749757 -5.0900054517527122
0.079244309049153555 -4.6773788667867944
0.079280924798179372 -4.2645527369759773
0.079314145251843479 -3.8515447420540729
0.07934396898257022 -3.4383725695686373
0.079370394708450726 -3.025053914123192
0.079393421293113303 -2.6116064766191038
0.079413047745737556 -2.1980479634972467
0.07942927322113677 -1.7843960859793595
0.079442097020091501 -1.3706685593092591
0.079451518588991188 -0.95688310199384641
0.079457537519797533 -0.54305743504398962
0.079460153550193133 -0.12920928121529196
0.079459366564710726 0.2846436357512091
0.079455176591928023 0.6984835918883866
0.079447583807513572 1.1122928637623775
0.079436588532675281 1.5260537292319118
0.079422191233979825 1.9397484682075876
0.07940439252412694 2.3533593634110566
0.079383193161530918 2.7668687011340856
0.079358594050028541 3.1802587719974738
0.079330596239459067 3.5935118717097625
0.079299200925091518 4.0066103018257646
0.079264409447665732 4.4195363705048081
0.079226223293652615 4.8322723932686866
0.079184644094757492 5.2448006937593581
0.079139673628176824 5.6571036044962186
0.079091313816357214 6.0691634676330226
0.079039566726920002 6.4809626357144587
0.078984434572657011 6.8924834724321187
0.078925919711385115 7.3037083533801797
0.078864024645808758 7.714619666810413
0.078798752023508528 8.1251998143867503
0.078730104636658818 8.5354312119392688
0.078658085422171176 8.9452962902174864
0.078582697461295412 9.354777495643134
0.078503943979633034 9.7638572910622123
0.078421828347010086 10.172518156496153
0.078336354077268217 10.580742589892711
0.078247524828142984 10.988513107875551
0.078155344401106053 11.395812246493385
0.078059816741212928 11.802622561968208
0.077960945936919934 12.208926631442527
0.07785873621988805 12.614707053725876
0.07775319196486094 13.019946450040319
0.07764431768940859 13.424627464764972
0.077532118053797047 13.828732766179554
0.07741659786074824 14.232245047207059
0.0772977620552317 14.6351470261549
0.077175615724279126 15.037421447455646
0.077050164096749169 15.439051082406259
0.076921412543105805 15.840018729905974
0.076789366575196125 16.240307217193028
0.076654031845992468 16.639899400581733
0.076515414149383662 17.0387781661947
0.076373519419892469 17.436926430698009
0.076228353732453208 17.834327142032265
0.076079923302105182 18.230963280143087
0.075928234483802357 18.626817857710492
0.075773293772042088 19.021873920876764
0.075615107800684714 19.416114549972317
0.075453683342603189 19.809522860241398
0.075289027309413545 20.2020820025643
0.075121146751184628 20.59377516418051
0.074950048856123302 20.984585569407844
0.074775740950287717 21.374496480362133
0.074598230497244164 21.763491197673329
0.074417525097769166 22.151553061202073
0.074233632489517615 22.538665450752191
0.074046560546693119 22.924811786784179
0.073856317279696562 23.309975531123499
0.07366291083481312 23.694140187671717
0.073466349493823774 24.077289303110931
0.0732666416736929 24.459406467609682
0.073063795926159691 24.840475315525854
0.072857820937424267 25.220479526108207
0.072648725527736088 25.599402824194506
0.072436518651032109 25.977228980910159
0.072221209394546321 26.353941814362198
0.072002806978427897 26.729525190333245
0.07178132075534488 27.103963022973549
0.07155676021007136 27.47723927548758
0.071329134959107046 27.849337960824009
0.07109845475023914 28.220243142358623
0.070864729462123535 28.589938934578392
0.070627969103897098 28.958409503760851
0.070388183814705352 29.32563906865288
0.070145383863303171 29.691611901148047
0.069899579647572346 30.056312326957279
0.06965078169413369 30.41972472628466
0.069399000657843948 30.781833534492662
0.069144247321369839 31.142623242772238
0.068886532594711877 31.502078398803523
0.068625867514742436 31.860183607422311
0.068362263244733559 32.216923531274247
0.068095731073876994 32.572282891479446
0.067826282416796488 32.926246468278592
0.067553928813068626 33.278799101689053
0.067278681926719111 33.629925692157975
0.067000553545729674 33.979611201200242
0.0667195555815248 34.327840652052259
0.066435700068471909 34.674599130307499
0.066148999163358063 35.019871784557509
0.065859465144870497 35.363643827026657
0.065567110413072491 35.705900534209064
0.065271947488874035 36.046627247495223
0.064973989013489442 36.385809373803376
0.064673247747897997 36.723432386203164
0.064369736572298025 37.059481824536824
0.064063468485562686 37.393943296041236
0.063754456604662182 37.726802475964099
0.063442714164130665 38.058045108174326
0.063128254515467927 38.38765700577693
0.062811091126600882 38.715624051720518
0.062491237581267768 39.04193219939706
0.062168707578477853 39.366567473250981
0.061843514931891698 39.689515969371556
0.061515673569245768 40.010763856092794
0.061185197531747705 40.330297374585001
0.060852100973489275 40.6481028394426
0.060516398160813022 40.964166639271077
0.060178103471734523 41.278475237273021
0.059837231395296994 41.591015171822924
0.059493796530969888 41.901773057047734
0.059147813588014048 42.210735583398829
0.058799297384852491 42.517889518223512
0.058448262848440957 42.823221706331459
0.058094725013621 43.126719070556021
0.057738699022482638 43.428368612315857
0.057380200123712144 43.728157412176813
0.057019243671929516 44.026072630393152
0.056655845127059547 44.322101507474088
0.056290020053631415 44.616231364716462
0.055921784120142246 44.908449604751915
0.055551153098368576 45.198743712091044
0.055178142862697996 45.487101253657904
0.054802769389449446 45.773509879313401
0.054425048756183668 46.057957322400576
0.05404499714102063 46.340431400258488
0.05366263082193954 46.620920014745352
0.053277966176091533 46.899411152760365
0.052891019679084161 47.175892886759399
0.052501807904288211 47.450353375257691
0.052110347522123346 47.722780863346934
0.051716655299340372 47.993163683194794
0.051320748098307528 48.261490254542444
0.050922642876285701 48.527749085205635
0.050522356684705297 48.791928771561743
0.05011990666842981 49.054017999044426
0.049715310065028141 49.314005542621111
0.049308584204028838 49.571880267279617
0.048899746506185358 49.827631128504478
0.048488814482723443 50.081247172747027
0.048075805734596508 50.332717537896762
0.047660737951724812 50.58203145374592
0.047243628912245025 50.829178242452102
0.046824496481741425 51.074147319001007
0.046403358612487691 51.316928191643093
0.045980233342673461 51.55751046235833
0.045555138795629606 51.795883827301921
0.045128093179059255 52.032038077235818
0.04469911478424831 52.26596309797457
0.044268221985290901 52.497648870811645
0.043835433238295148 52.727085472955331
0.043400767080598646 52.954263077954359
0.042964242129965087 53.179171956104796
0.042525877083801268 53.4018024748922
0.042085690718340084 53.622145099377654
0.04164370188784676 53.840190392620812
0.041199929523808639 54.055929016088996
0.040754392634121853 54.2693517300427
0.040307110302279972 54.480449393939487
0.039858101686556076 54.689212966825949
0.039407386019176725 54.89563350772773
0.038954982605507678 55.099702176019846
0.038500910823218985 55.301410231824555
0.038045190121459134 55.500749036368525
0.037587840020018103 55.697710052360073
0.037128880108496048 55.892284844363004
0.036668330045459517 56.084465079138461
0.036206209557601357 56.274242526020998
0.03574253843889557 56.461609057262308
0.035277336549750016 56.646556648378755
0.034810623816154226 56.82907737849817
0.034342420228826581 57.009163430698578
0.033872745842356722 57.186807092343017
0.033401620774349487 57.362000755407337
0.032929065204559196 57.534736916810374
0.03245509937402799 57.705008178733557
0.031979743584217457 57.872807248937974
0.031503018196139695 58.03812694107517
0.031024943629483683 58.200960174996567
0.030545540361742004 58.361299977053754
0.030064828927333913 58.519139480410296
0.029582829916722883 58.674471925318386
0.029099563975538749 58.827290659413812
0.028615051803688771 58.977589138004731
0.028129314154474762 59.125360924353053
0.027642371833701437 59.270599689949364
0.027154245698786519 59.413299214772231
0.026664956657866692 59.553453387577406
0.026174525668901726 59.691056206134057
0.025682973738777315 59.826101777511418
0.025190321922404266 59.958584318292971
0.0246965913218175 60.088498154868731
0.024201803085271787 60.215837723634529
0.02370597840633494 60.340597571271701
0.023209138522981031 60.462772354941698
0.022711304716680071 60.582356842544108
0.022212498311486344 60.699345912930909
0.021712740673125074 60.813734556118774
0.021212053208077151 60.925517873514231
0.020710457362661285 61.034691078127231
0.020207974622117032 61.141249494754504
0.019704626509682664 61.245188560206095
0.019200434585674105 61.346503823478493
0.018695420446560914 61.44519094595104
0.018189605724041172 61.541245701603138
0.017683012084115247 61.634663977145877
0.01717566122615706 61.725441772221515
0.01666757488198457 61.813575199595704
0.016158774814929482 61.89906048525809
0.01564928281890398 61.981893968688318
0.015139120717467879 62.062072102895115
0.014628310362893433 62.139591454664696
0.014116873635228953 62.214448704654089
0.013604832441362227 62.286640647554997
0.013092208714081205 62.356164192251349
0.012579024411135101 62.423016361840716
0.012065301514293334 62.487194293938153
0.01155106202840412 62.548695240664195
0.011036327980451663 62.607516568800548
0.010521121418612675 62.66365575994854
0.010005464411311808 62.717110410556607
0.0094893790462762251 62.767878232045554
0.008972887429589493 62.815957050995351
0.0084560116847445591 62.861344809122578
0.0079387739516960324 62.904039563364023
0.0074211963859116348 62.944039486133853
0.0069033011574233059 62.981342865148875
0.0063851104498772616 63.015948103713889
0.0058666464595838793 63.047853720677786
0.0053479313945666912 63.077058350479895
0.0048289874736110868 63.103560743373457
0.004309836925312535 63.127359765248883
0.0037905019871242881 63.148454397820728
0.0032710049044047907 63.166843738721944
0.0027513679294647307 63.18252700126834
0.0022316133206138444 63.195503514972948
0.0017117633412073062 63.205772725010632
0.0011918402586920712 63.213334192673003
0.00067186634365298218 63.218187595412481
0.00015186386885867429 63.220332726054458
-0.00036814489169247332 63.219769493945918
-0.00088813766372651819 63.216497925226506
-0.0014080921736482135 63.210518159982485
-0.0019279861494951136 63.201830455965172
-0.0024477973218916633 63.190435186446884
-0.0029675034250032342 63.176332840829964
-0.0034870821974898685 63.159524024081584
-0.0040065113834599382 63.140009457445622
-0.0045257687334235939 63.117789977947758
-0.0050448320052458332 63.092866538551959
-0.0055636789650993501 63.065240207894128
-0.0060822873884169796 63.034912170512627
-0.0066006350608437507 63.001883726657454
-0.0071186997791884725 62.966156292169202
-0.007636459352374992 62.927731398578047
-0.0081538916023926496 62.886610692975232
-0.0086709743652464491 62.842795937854632
-0.0091876854919065391 62.796289011142477
-0.0097040028492569892 62.747091906094731
-0.010219904321043872 62.695206731170799
-0.01073536780882289 62.640635709998215
-0.011250371232905705 62.583381181235097
-0.011764892533306048 62.523445598517725
-0.012278909670684696 62.460831530269822
-0.012792400627293483 62.395541659704236
-0.013305343407918543 62.327578784611902
-0.0138177160408227 62.256945817304434
-0.014329496578686254 62.183645784436244
-0.01484066309954777 62.107681826939171
-0.015351193707742633 62.029057199838967
-0.015861066534841355 61.947775272128624
-0.016370259740586261 61.86383952661965
-0.016878751513826947 61.777253559811825
-0.017386520073454915 61.688021081718439
-0.017893543669336421 61.596145915723568
-0.018399800583244232 61.501631998395432
-0.018905269129787915 61.40448337934864
-0.019409927657342993 61.304704221056554
-0.019913754548978604 61.202298798632903
-0.02041672822338296 61.097271499756175
-0.020918827135788014 60.989626824334415
-0.021420029778893034 60.87936938445641
-0.021920314683785084 60.766503904086406
-0.022419660420859001 60.651035218915382
-0.022918045600735917 60.532968276150619
-0.023415448875178876 60.4123081342888
-0.02391184893800697 60.289059962896708
-0.024407224526009498 60.163229042419786
-0.024901554419855639 60.034820763913466
-0.025394817445003451 59.903840628847362
-0.025886992472607784 59.770294248856118
-0.02637805842042441 59.634187345486929
-0.02686799425371417 59.495525749983457
-0.027356778986142624 59.354315403002516
-0.027844391680681306 59.210562354392835
-0.028330811450501713 59.064272762905453
-0.028816017459872743 58.915452895950473
-0.029299988925051194 58.764109129323572
-0.029782705115173985 58.610247946925725
-0.03026414535314411 58.453875940499707
-0.030744289016518857 58.294999809329809
-0.031223115538390803 58.133626359965163
-0.031700604408270418 57.969762505937027
-0.03217673517296403 57.803415267447058
-0.03265148743745043 57.634591771065622
-0.033124840865754034 57.46329924944061
-0.033596775181816502 57.289545040984223
-0.034067270170365406 57.113336589546343
-0.034536305677779218 56.934681444108293
-0.035003861612952269 56.753587258455255
-0.035469917948153268 56.57006179084825
-0.035934454719885711 56.384112903693349
-0.036397452029741602 56.195748563199707
-0.036858890045252848 56.004976839045291
-0.037318749000743945 55.811805904028532
-0.037777009198176364 55.616244033720413
-0.038233651007991198 55.418299606099318
-0.038688654869953751 55.217981101209993
-0.039142001293989169 55.015297100782696
-0.039593670861014708 54.81025628787873
-0.040043644223779692 54.602867446511027
-0.040491902107685329 54.393139461274671
-0.040938425311613763 54.181081316952493
-0.041383194708753457 53.966702098149625
-0.041826191247415101 53.750010988888882
-0.042267395951847309 53.531017272222677
-0.042706789923053344 53.309730329842985
-0.043144354339597193 53.0861596416566
-0.043580070458410322 52.860314785412292
-0.044013919615596336 52.632205436261273
-0.04444588322722768 52.401841366358269
-0.044875942790145069 52.169232444438308
-0.045304079882748621 51.93438863539415
-0.045730276165785205 51.697319999850876
-0.046154513383136676 51.458036693732787
-0.046576773362602047 51.216548967833489
-0.046997038016672051 50.972867167367397
-0.047415289343310817 50.727001731534237
-0.047831509426716663 50.478963193069895
