0.0
-6.1729532334408655e-05
-0.00023521061720049269
-0.00049918486336142885
-0.00083630971731763382
-0.0012324368464520187
-0.0016760235048797396
-0.0021576523754001523
-0.0026696398971264232
-0.0032057167722861516
-0.0037607673507166553
-0.0043306170418294966
-0.0049118589033431267
-0.0055017121871262214
-0.0060979069529625354
-0.0066985899463321875
-0.007302247821587682
-0.0079076445140428032
-0.0085137701535533284
-0.0091197993926748159
-0.0097250574144393791
-0.010328992204518522
-0.010931151933344157
-0.011531166506502525
-0.012128732515253546
-0.012723600960585373
-0.013315567239684573
-0.013904462977893684
-0.014490149366060977
-0.01507251172586156
-0.015651455076793098
-0.016226900520252361
-0.016798782290116523
-0.017367045347001883
-0.017931643416007826
-0.018492537386217624
-0.019049694005289025
-0.019603084814753091
-0.020152685281661566
-0.020698474090397684
-0.021240432565133836
-0.021778544198858767
-0.022312794269334166
-0.022843169525959862
-0.023369657934479107
-0.023892248468863918
-0.024410930941684714
-0.024925695865871237
-0.025436534342078512
-0.025943437966938342
-0.026446398758346118
-0.026945409094642658
-0.027440461665129187
-0.027931549429825803
-0.028418665586768973
-0.028901803545457429
-0.029380956905312377
-0.02985611943822674
-0.030327285074448825
-0.030794447891184636
-0.031257602103416812
-0.031716742056530432
-0.032171862220411615
-0.032622957184746254
-0.033070021655296662
-0.033513050450974601
-0.033952038501562885
-0.03438698084596474
-0.034817872630882582
-0.035244709109845854
-0.035667485642522319
-0.036086197694259609
-0.036500840835813092
-0.036911410743224835
-0.037317903197824423
-0.037720314086327991
-0.038118639401016327
-0.038512875239976034
-0.038903017807391083
-0.039289063413874323
-0.039671008476830097
-0.040048849520841354
-0.040422583178075289
-0.040792206188702967
-0.041157715401329162
-0.041519107773429265
-0.041876380371790707
-0.042229530372956972
-0.042578555063672287
-0.042923451841325878
-0.043264218214394426
-0.043600851802881938
-0.043933350338756325
-0.044261711666381903
-0.044585933742947455
-0.044906014638889422
-0.045221952538309851
-0.045533745739388828
-0.045841392654791167
-0.046144891812067212
-0.046444241854047622
-0.046739441539231791
-0.047030489742170146
-0.047317385453839955
-0.047600127782014751
-0.047878715951627127
-0.048153149305125112
-0.048423427302821835
-0.048689549523238555
-0.048951515663441109
-0.049209325539369519
-0.049462979086161041
-0.049712476358466387
-0.049957817530759216
-0.0501990028976389
-0.050436032874126437
-0.050668907995953728
-0.050897628919845908
-0.051122196423796978
-0.051342611407338624
-0.051558874891802213
-0.051770988020573956
-0.051978952059343317
-0.052182768396344559
-0.05238243854259144
-0.052577964132105241
-0.052769346922135675
-0.052956588793375302
-0.053139691750166827
-0.053318657920703831
-0.053493489557224425
-0.053664189036198205
-0.053830758858506418
-0.053993201649615165
-0.05415152015974186
-0.054305717264014855
-0.054455795962626188
-0.054601759380977569
-0.054743610769819484
-0.054881353505383493
-0.055014991089507734
-0.055144527149755554
-0.05526996543952737
-0.055391309838165648
-0.055508564351053176
-0.055621733109704419
-0.055730820371850176
-0.055835830521515306
-0.05593676806908976
-0.056033637651392812
-0.056126444031730456
-0.056215192099946035
-0.056299886872464108
-0.056380533492327557
-0.056457137229227856
-0.056529703479528681
-0.056598237766282672
-0.056662745739241502
-0.056723233174859188
-0.056779705976288675
-0.056832170173371679
-0.056880631922621765
-0.056925097507200824
-0.056965573336888772
-0.057002065948046521
-0.057034582003572337
-0.05706312829285147
-0.05708771173169909
-0.057108339362296666
-0.057125018353121559
-0.057137755998870034
-0.057146559720373677
-0.057151437064509134
-0.057152395704101217
-0.057149443437819483
-0.057142588190068171
-0.057131838010869566
-0.057117201075740795
-0.057098685685564067
-0.057076300266450365
-0.057050053369596641
-0.057019953671136395
-0.056986009971983859
-0.056948231197671617
-0.056906626398181726
-0.056861204747770483
-0.056811975544786557
-0.056758948211482849
-0.056702132293821803
-0.056641537461274413
-0.056577173506612677
-0.056509050345695866
-0.056437178017250227
-0.056361566682642507
-0.056282226625646956
-0.056199168252206215
-0.056112402090185698
-0.056021938789121831
-0.055927789119963933
-0.05582996397480991
-0.055728474366635611
-0.055623331429018028
-0.055514546415852323
-0.055402130701062577
-0.055286095778306468
-0.055166453260673667
-0.055043214880378236
-0.054916392488444862
-0.054785998054388947
-0.054652043665890694
-0.054514541528463085
-0.05437350396511384
-0.05422894341600136
-0.054080872438084668
-0.053929303704767388
-0.053774250005535706
-0.053615724245590482
-0.053453739445473394
-0.053288308740687171
-0.053119445381309985
-0.052947162731604033
-0.052771474269618153
-0.052592393586784789
-0.052409934387511056
-0.052224110488764089
-0.052034935819650678
-0.051842424420991122
-0.051646590444887425
-0.051447448154285806
-0.051245011922533612
-0.051039296232930506
-0.050830315678274167
-0.050618084960400316
-0.050402618889717268
-0.050183932384734918
-0.049962040471588226
-0.04973695828355526
-0.049508701060569676
-0.049277284148727951
-0.04904272299979108
-0.048805033170680925
-0.048564230322971233
-0.048320330222373357
-0.048073348738216615
-0.04782330184292341
-0.047570205611479163
-0.047314076220896929
-0.04705492994967693
-0.046792783177260808
-0.046527652383480875
-0.046259554148004187
-0.045988505149771521
-0.045714522166431355
-0.045437622073768821
-0.045157821845129634
-0.044875138550839085
-0.044589589357616102
-0.04430119152798237
-0.04400996241966669
-0.043715919485004286
-0.043419080270331534
-0.043119462415375731
-0.042817083652640191
-0.042511961806784598
-0.042204114794000644
-0.041893560621383073
-0.041580317386296008
-0.04126440327573469
-0.040945836565682729
-0.040624635620464741
-0.040300818892094456
-0.039974404919618442
-0.039645412328455289
-0.039313859829730444
-0.038979766219606714
-0.038643150378610241
-0.03830403127095236
-0.037962427943847077
-0.037618359526824338
-0.03727184523103904
-0.03692290434857589
-0.036571556251750133
-0.036217820392404114
-0.035861716301199817
-0.035503263586907301
-0.035142481935689196
-0.034779391110381121
-0.034414010949768252
-0.034046361367857922
-0.03367646235314839
-0.033304333967893708
-0.032929996347364848
-0.032553469699107031
-0.032174774302193294
-0.031793930506474402
-0.031410958731825096
-0.031025879467386663
-0.030638713270805945
-0.030249480767470825
-0.029858202649742115
-0.029464899676182051
-0.029069592670779243
-0.0286723025221703
-0.028273050182858014
-0.027871856668426252
-0.027468743056751531
-0.027063730487211328
-0.026656840159889117
-0.026248093334776325
-0.025837511330971025
-0.025425115525873586
-0.025010927354379195
-0.024594968308067358
-0.024177259934388434
-0.023757823835847139
-0.023336681669183172
-0.022913855144548943
-0.022489366024684425
-0.022063236124089232
-0.021635487308191918
-0.021206141492516491
-0.020775220641846313
-0.020342746769385259
-0.019908741935916335
-0.019473228248957662
-0.019036227861915937
-0.018597762973237373
-0.018157855825556252
-0.017716528704840931
-0.017273803939537598
-0.016829703899711553
-0.016384250996186317
-0.015937467679680364
-0.01548937643994169
-0.015039999804880176
-0.014589360339697828
-0.014137480646016873
-0.013684383361005817
-0.013230091156503487
-0.012774626738141051
-0.012318012844462135
-0.011860272246041012
-0.011401427744598918
-0.010941502172118584
-0.010480518389956934
-0.010018499287956086
-0.0095554677835526253
-0.009091446820885217
-0.0086264593699006149
-0.0081605284254580787
-0.0076936770064322422
-0.0072259281548145305
-0.0067573049348130581
-0.0062878304319511497
-0.005817527752164482
-0.0053464200208968807
-0.0048745303821948437
-0.004401881997800808
-0.003928498046245182
-0.0034544017219372424
-0.0029796162342548976
-0.0025041648066333553
-0.0020280706756527472
-0.0015513570901247624
-0.0010740473101783039
-0.00059616460634424277
-0.00011773225863927206
0.00036122644435104476
0.00084068820639005004
0.0013206297245085116
0.0018010276899238526
0.0022818587889600348
0.0027630997039681032
0.0032447271142473123
0.0037267176969667535
0.0042090481280875509
0.0046916950832854628
0.0051746352388739479
0.0056578452727275705
0.0061413018652057699
0.0066249817000769264
0.0071088614654426507
0.007592917854662309
0.0080771275672777282
0.0085614673099379882
0.009045913797324355
0.0095304437530752094
0.010015033910711004
0.010499661014559167
0.010984301820678964
0.011468933097786165
0.01195353162817763
0.012438074208655624
0.012922537651451949
0.013406898785151691
0.013891134455616738
0.014375221526908882
0.014859136882212489
0.01534285742475675
0.015826360078737434
0.016309621790238055
0.016792619528150532
0.017275330285095165
0.01775773107834001
0.018239798950719477
0.018721510971552256
0.019202844237558414
0.019683775873775684
0.020164283034474886
0.020644342904074416
0.021123932698053814
0.02160302966386634
0.022081611081850513
0.022559654266140559
0.023037136565575753
0.023514035364608651
0.023990328084212063
0.024465992182784845
0.024941005157056363
0.025415344542989687
0.025888987916683402
0.026361912895272038
0.026834097137825051
0.027305518346244336
0.027776154266160202
0.02824598268782583
0.028714981447010068
0.029183128425888674
0.029650401553933815
0.030116778808801838
0.030582238217219403
0.031046757855867628
0.031510315852264562
0.031972890385645727
0.032434459687842726
0.032895002044159877
0.033354495794248984
0.033812919332981861
0.03427025111132103
0.034726469637188062
0.035181553476330001
0.035635481253183401
0.036088231651736295
0.036539783416387792
0.036990115352805435
0.037439206328780179
0.037887035275078973
0.038333581186295054
0.038778823121695574
0.039222740206066933
0.039665311630557462
0.040106516653517554
0.040546334601337268
0.040984744869281158
0.041421726922320566
0.041857260295963088
0.04229132459707928
0.042723899504726728
0.043154964770971076
0.043584500221704361
0.044012485757460307
0.044438901354226852
0.044863727064255517
0.045286943016867892
0.045708529419259056
0.046128466557297826
0.046546734796324034
0.046963314581942556
0.047378186440814173
0.047791330981443177
0.04820272889496182
0.048612360955911385
0.049020208023019901
0.049426251039976575
0.049830471036202841
0.050232849127619841
0.05063336651741264
0.051032004496790725
0.051428744445745168
0.051823567833802084
0.052216456220772575
0.05260739125749897
0.052996354686597448
0.053383328343196992
0.053768294155674481
0.054151234146386153
0.054532130432395222
0.054910965226195624
0.055287720836431978
0.055662379668615571
0.056034924225836495
0.056405337109471758
0.056773601019889458
0.057139698757148881
0.057503613221696594
0.057865327415058461
0.058224824440527491
0.058582087503847587
0.058937099913893079
0.059289845083344173
0.059640306529357895
0.059988467874235174
0.060334312846083163
0.060677825279473657
0.061018989116096892
0.061357788405411069
0.06169420730528738
0.062028230082650765
0.062359841114115994
0.062689024886619385
0.063015765998045925
0.063340049157851963
0.063661859187683079
0.063981181021987674
0.064297999708625556
0.064612300409472218
0.064924068401018123
0.065233289074963563
0.065539947938808449
0.065844030616437607
0.066145522848701177
0.066444410493990136
0.066740679528807079
0.067034316048331988
0.06732530626698334
0.067613636518973966
0.067899293258862278
0.068182263062098292
0.068462532625564787
0.068740088768113411
0.069014918431095695
0.069287008678889095
0.069556346699417751
0.069822919804668537
0.070086715431201319
0.070347721140654781
0.070605924620246494
0.070861313683268132
0.071113876269575257
0.071363600446071929
0.071610474407190108
0.071854486475363646
0.072095625101497016
0.072333878865428747
0.072569236476389409
0.072801686773454305
0.073031218725990735
0.073257821434099882
0.073481484129053115
0.073702196173723075
0.073919947063009056
0.074134726424257058
0.07434652401767422
0.074555329736737716
0.07476113360859829
0.074963925794477929
0.07516369659006214
0.075360436425886593
0.07555413586771817
0.075744785616930266
0.075932376510872493
0.076116899523234818
0.076298345764405806
0.076476706481825335
0.076651973060331502
0.076824137022501807
0.076993190028988634
0.077159123878848851
0.07732193050986777
0.077481601998877186
0.077638130562067711
0.07779150855529518
0.077941728474381328
0.078088782955408484
0.078232664775008523
0.078373366850645929
0.07851088224089478
0.078645204145710121
0.078776325906693201
0.078904241007350856
0.079028943073348956
0.079150425872759889
0.079268683316304045
0.079383709457585494
0.079495498493321312
0.079604044763565404
0.079709342751925857
0.079811387085776606
0.079910172536462876
0.080005694019500667
0.080097946594770264
0.080186925466703529
0.080272625984465246
0.080355043642128379
0.080434174078843165
0.080510013079000367
0.080582556572387984
0.080651800634342422
0.080717741485893085
0.080780375493900991
0.080839699171191534
0.080895709176680625
0.080948402315495091
0.080997775539086811
0.081043825945340583
0.081086550778676089
0.081125947430143452
0.081162013437512837
0.081194746485357697
0.081224144405132023
0.081250205175241258
0.081272926921107186
0.081292307915226555
0.081308346577223453
0.081321041473895683
0.081330391319254763
0.081336394974559814
0.081339051448345287
0.081338359896442364
0.081334319621994347
0.081326930075465709
0.081316190854644949
0.081302101704641375
0.081284662517875486
0.081263873334063375
0.081239734340194714
0.081212245870504671
0.081181408406439615
0.081147222576616648
0.081109689156776729
0.081068809069732031
0.081024583385306506
0.080977013320270935
0.080926100238271154
0.080871845649750487
0.080814251211866028
0.080753318728398304
0.080689050149655314
0.080621447572369942
0.080550513239591545
0.080476249540571088
0.080398659010640319
0.080317744331084684
0.08023350832901005
0.080145953977203463
0.080055084393987577
0.079960902843068976
0.079863412733380462
0.07976261761891712
0.079658521198566326
0.079551127315931544
0.079440439959150205
0.079326463260705291
0.079209201497230916
0.079088659089311841
0.078964840601276912
0.07883775074098634
0.078707394359613145
0.078573776451418192
0.07843690215351963
0.078296776745655855
0.078153405649942873
0.078006794430625304
0.077856948793821573
0.077703874587263147
0.077547577800027551
0.077388064562265796
0.07722534114492341
0.077059413959455939
0.076890289557538238
0.076717974630767891
0.076542476010362903
0.076363800666853179
0.076181955709766422
0.075996948387307972
0.075808786086034821
0.075617476330523889
0.075423026783034322
0.075225445243164074
0.075024739647500643
0.07482091806926601
0.074613988717955909
0.074403959938973141
0.07419084021325531
0.073974638156896838
0.073755362520765158
0.073533022190111236
0.073307626184174524
0.073079183655782129
0.072847703890942389
0.07261319630843284
0.072375670459382466
0.072135136026848512
0.071891602825387604
0.071645080800621389
0.071395580028796549
0.071143110716339358
0.07088768319940468
0.070629307943419622
0.07036799554262152
0.07010375671959064
0.069836602324777342
0.069566543336023995
0.069293590858081219
0.069017756122119148
0.068739050485233044
0.068457485429943662
0.0681730725636924
0.067885823618331079
0.067595750449606501
0.067302865036639709
0.067007179481400156
0.066708706008174579
0.066407456963030659
0.06610344481327568
0.065796682146909938
0.065487181672075082
0.065174956216497437
0.064860018726926094
0.064542382268566206
0.06422206002450713
0.063899065295145524
0.063573411497603691
0.063245112165142781
0.062914180946571183
0.062580631605648016
0.062244478020481775
0.061905734182924124
0.0615644141979588
0.061220532283085924
0.060874102767701374
0.060525140092471501
0.060173658808703144
0.059819673577708926
0.059463199170167978
0.059104250465481928
0.058742842451126404
0.058378990221997835
0.058012708979755898
0.057644014032161267
0.057272920792408949
0.056899444778457167
0.056523601612351891
0.05614540701954672
0.055764876828218707
0.055382026968579655
0.054996873472183072
0.054609432471226946
0.054219720197852261
0.053827752983437185
0.053433547257887189
0.053037119548920854
0.052638486481351721
0.052237664776365877
0.051834671250795564
0.051429522816388719
0.051022236479074473
0.050612829338224703
0.050201318585911626
0.049787721506161488
0.04937205547420432
0.0489543379557199
0.048534586506079863
0.048112818769585987
0.047689052478704808
0.047263305453298418
0.046835595599851614
0.046405940910695394
0.045974359463226838
0.045540869419125302
0.045105489023565232
0.044668236604425204
0.044229130571493712
0.04378818941567135
0.043345431708169624
0.042900876099706345
0.042454541319697676
0.042006446175446896
0.041556609551329747
0.041105050407976761
0.040651787781452065
0.040196840782429251
0.039740228595364024
0.039281970477663658
0.038822085758853445
0.038360593839740144
0.037897514191572279
0.037432866355197658
0.036966669940217758
0.036498944624139329
0.036029710151523162
0.035558986333129941
0.035086793045063264
0.034613150227910117
0.034138077885878422
0.033661596085931972
0.033183724956922747
0.032704484688720586
0.032223895531340349
0.031741977794066414
0.031258751844574849
0.030774238108053003
0.030288457066316714
0.029801429256925124
0.029313175272293174
0.028823715758801764
0.028333071415905634
0.027841262995239049
0.02734831129971927
0.026854237182647844
0.02635906154680983
0.025862805343570903
0.025365489571972415
0.024867135277824477
0.02436776355279709
0.023867395533509288
0.023366052400616451
0.022863755377895791
0.022360525731329926
0.021856384768188793
0.021351353836109786
0.020845454322176195
0.020338707651994012
0.019831135288767104
0.019322758732370836
0.018813599518424151
0.018303679217360133
0.017793019433495177
0.017281641804096658
0.016769567998449295
0.016256819716920154
0.015743418690022336
0.015229386677477488
0.014714745467276961
0.01419951687474192
0.013683722741582275
0.01316738493495449
0.012650525346518351
0.012133165891492778
0.011615328507710559
0.011097035154672207
0.010578307812598952
0.010059168481484821
0.0095396391801479165
0.0090197419452809728
0.00849949883050111
0.0079789319053989415
0.0074580632545870051
0.0069369149767476053
0.0064155091836800961
0.0058938679993475705
0.0053720135589231319
0.0048499680078357039
0.0043277535008153858
0.0038053922009384854
0.0032829062786722497
0.0027603179109192298
0.0022376492800614579
0.001714922573004438
0.001192159980220933
0.00066938369479461936
0.00014661591146372579
-0.00037612117433542466
-0.00089880536742488644
-0.0014214144738414437
-0.0019439263017929512
-0.0024663186626145521
-0.0029885693717246623
-0.0035106562495808317
-0.0040325571226353281
-0.0045542498242904178
-0.0050757121958533453
-0.0055969220874909249
-0.0061178573591837426
-0.006638495881679903
-0.0071588155374482905
-0.0076787942216312551
-0.0081984098429968167
-0.0087176403248901933
-0.0092364636061846427
-0.0097548576422317405
-0.01027280040581079
-0.010790269888077506
-0.011307244099511919
-0.011823701070865396
-0.012339618854106716
-0.012854975523367311
-0.01336974917588549
-0.013883917932949574
-0.01439745994084006
-0.014910353371770711
-0.015422576424828392
-0.01593410732691183
-0.016444924333669154
-0.016955005730434094
-0.017464329833160951
-0.017972874989358286
-0.01848061957902105
-0.018987542015561486
-0.01949362074673849
-0.019998834255585466
-0.020503161061336667
-0.02100657972035198
-0.021509068827040019
-0.022010607014779682
-0.022511172956839937
-0.023010745367297827
-0.023509303001954845
-0.024006824659251386
-0.024503289181179336
-0.024998675454192928
-0.025492962410117424
-0.025986129027056049
-0.026478154330294826
-0.026969017393205331
-0.027458697338145464
-0.027947173337357998
-0.028434424613867068
-0.028920430442372337
-0.029405170150141057
-0.029888623117897768
-0.030370768780711713
-0.030851586628881947
-0.031331056208819909
-0.031809157123929774
-0.032285869035486241
-0.032761171663509697
-0.033235044787639161
-0.033707468248002283
-0.034178421946082983
-0.034647885845586368
-0.035115839973300957
-0.035582264419958112
-0.03604713934108892
-0.036510444957877995
-0.036972161558014686
-0.037432269496541271
-0.03789074919669834
-0.038347581150767127
-0.038802745920908953
-0.039256224140001711
-0.039707996512473094
-0.040158043815130898
-0.040606346897990281
-0.041052886685097614
-0.041497644175351359
-0.041940600443319639
-0.042381736640054554
-0.042821033993903176
-0.043258473811315291
-0.043694037477647676
-0.044127706457965044
-0.044559462297837575
-0.044989286624134879
-0.045417161145816544
-0.04584306765471919
-0.046266988026339752
-0.046688904220615453
-0.047108798282699905
-0.047526652343735605
-0.047942448621622821
-0.048356169421784626
-0.048767797137928205
-0.049177314252802397
-0.049584703338951375
-0.049989947059464426
-0.050393028168721883
-0.05079392951313718
-0.051192634031894786
-0.051589124757684339
-0.051983384817430582
-0.052375397433019423
-0.052765145922019738
-0.053152613698401151
-0.053537784273247666
-0.05392064125546716
-0.054301168352496487
-0.054679349371002592
-0.055055168217579248
-0.055428608899439395
-0.055799655525103305
-0.05616829230508235
-0.056534503552558353
-0.056898273684058497
-0.057259587220125932
-0.057618428785985727
-0.05797478311220642
-0.058328635035357089
-0.058679969498659758
-0.059028771552637214
-0.059375026355756394
-0.05971871917506693
-0.060059835386835049
-0.060398360477172959
-0.060734280042663256
-0.061067579790978814
-0.061398245541497774
-0.061726263225913701
-0.062051618888841059
-0.06237429868841575
-0.06269428889689066
-0.063011575901226594
-0.063326146203677949
-0.063637986422373699
-0.06394708329189322
-0.064253423663837281
-0.064556994507393772
-0.064857782909898659
-0.065155776077391703
-0.065450961335167007
-0.065743326128318666
-0.066032858022281107
-0.066319544703364222
-0.066603373979283481
-0.066884333779684668
-0.067162412156663562
-0.067437597285280024
-0.067709877464067314
-0.067979241115535577
-0.068245676786670317
-0.068509173149425534
-0.068769719001211288
-0.069027303265376136
-0.069281914991683846
-0.069533543356785035
-0.069782177664683115
-0.070027807347194868
-0.070270421964405444
-0.070510011205118003
-0.070746564887297692
-0.070980072958510124
-0.071210525496354316
-0.071437912708890092
-0.071662224935059637
-0.071883452645103832
-0.072101586440972587
-0.072316617056729746
-0.072528535358952165
-0.072737332347123276
-0.072942999154020777
-0.07314552704609871
-0.073344907423863709
-0.073541131822245656
-0.073734191910962366
-0.0739240794948786
-0.074110786514359275
-0.074294305045616862
-0.074474627301052851
-0.074651745629593549
-0.074825652517019878
-0.074996340586291302
-0.075163802597863996
-0.075328031450002983
-0.075489020179088373
-0.075646761959915737
-0.075801250105990481
-0.075952478069816323
-0.076100439443177764
-0.076245127957416559
-0.076386537483702249
-0.07652466203329672
-0.07665949575781264
-0.076791032949465987
-0.076919268041322444
-0.077044195607537849
-0.07716581036359256
-0.077284107166519692
-0.077399081015127297
-0.077510727050214612
-0.077619040554781957
-0.077724016954234809
-0.077825651816581451
-0.077923940852624843
-0.078018879916148143
-0.078110465004094048
-0.078198692256738325
-0.078283557957856673
-0.07836505853488597
-0.078443190559078987
-0.078517950745653028
-0.078589335953932485
-0.078657343187485101
-0.078721969594252067
-0.078783212466671998
-0.078841069241798595
-0.078895537501412205
-0.078946614972125101
-0.078994299525480538
-0.079038589178045779
-0.079079482091498565
-0.079116976572707651
-0.079151071073807033
-0.07918176419226379
-0.079209054670939999
-0.07923294139814803
-0.079253423407700016
-0.079270499878950712
-0.07928417013683435
-0.079294433651895091
-0.079301290040311445
-0.079304739063914165
-0.079304780630198135
-0.079301414792327857
-0.079294641749136779
-0.079284461845120308
-0.079270875570422603
-0.079253883560817168
-0.079233486597681091
-0.079209685607963196
-0.079182481664145724
-0.079151875984200037
-0.079117869931535856
-0.079080465014944423
-0.079039662888535256
-0.078995465351666863
-0.078947874348871155
-0.07889689196977151
-0.078842520448994827
-0.078784762166077146
-0.078723619645363244
-0.078659095555899894
-0.078591192711322963
-0.078519914069738295
-0.078445262733596463
-0.078367241949561156
-0.07828585510837166
-0.078201105744698837
-0.078112997536995174
-0.078021534307338616
-0.077926720021270143
-0.077828558787625263
-0.07772705485835936
-0.077622212628366993
-0.077514036635294825
-0.077402531559348606
-0.077287702223094154
-0.077169553591251883
-0.077048090770485606
-0.076923319009184948
-0.076795243697241944
-0.076663870365821354
-0.076529204687125069
-0.076391252474150323
-0.076250019680442038
-0.076105512399839065
-0.075957736866214251
-0.075806699453208864
-0.075652406673960601
-0.075494865180826001
-0.075334081765096553
-0.075170063356709102
-0.075002817023950175
-0.074832349973154438
-0.074658669548397158
-0.074481783231180779
-0.07430169864011571
-0.074118423530595112
-0.073931965794463858
-0.073742333459681619
-0.07354953468998017
-0.073353577784514831
-0.073154471177510158
-0.072952223437899671
-0.072746843268960026
-0.072538339507939337
-0.072326721125679699
-0.072111997226234043
-0.071894177046477215
-0.071673269955711563
-0.071449285455266479
-0.071222233178092689
-0.070992122888350551
-0.07075896448099292
-0.070522767981342438
-0.070283543544663069
-0.070041301455726124
-0.069796052128370922
-0.06954780610505952
-0.069296574056426335
-0.069042366780822081
-0.068785195203852151
-0.068525070377909697
-0.068262003481703193
-0.06799600581977866
-0.067727088822036333
-0.067455264043242133
-0.067180543162533676
-0.06690293798292099
-0.066622460430781905
-0.066339122555352098
-0.066052936528210121
-0.065763914642756729
-0.065472069313689471
-0.065177413076471707
-0.064879958586796654
-0.064579718620046286
-0.064276706070744885
-0.063970933952007744
-0.063662415394984642
-0.063351163648298306
-0.063037192077477766
-0.062720514164386829
-0.062401143506647397
-0.062079093817058
-0.061754378923007239
-0.061427012765882361
-0.061097009400473044
-0.060764382994370175
-0.06042914782735985
-0.060091318290812601
-0.059750908887067772
-0.059407934228813186
-0.059062409038460065
-0.05871434814751323
-0.058363766495936636
-0.058010679131514274
-0.057655101209206416
-0.05729704799050131
-0.05693653484276219
-0.056573577238569969
-0.056208190755061171
-0.055840391073261553
-0.055470193977415184
-0.055097615354309154
-0.054722671192593844
-0.054345377582098821
-0.053965750713144467
-0.053583806875849224
-0.053199562459432539
-0.052813033951513697
-0.052424237937406276
-0.052033191099408495
-0.05163991021608938
-0.051244412161570843
-0.050846713904805593
-0.050446832508851014
-0.050044785130139061
-0.049640589017742036
-0.049234261512634533
-0.048825820046951303
-0.048415282143241291
-0.048002665413717796
-0.047587987559504767
-0.047171266369879269
-0.046752519721510191
-0.046331765577693251
-0.045909021987582142
-0.045484307085416217
-0.045057639089744292
-0.044629036302645024
-0.044198517108943541
-0.043766099975424737
-0.043331803450042783
-0.042895646161127343
-0.042457646816586397
-0.042017824203105431
-0.041576197185343403
-0.041132784705125387
-0.040687605780631741
-0.040240679505584256
-0.039792025048428804
-0.039341661651514981
-0.038889608630272444
-0.038435885372384168
-0.037980511336956693
-0.037523506053687081
-0.037064889122027128
-0.036604680210344361
-0.036142899055080155
-0.035679565459904958
-0.03521469929487063
-0.034748320495559856
-0.034280449062232918
-0.033811105058971454
-0.033340308612819683
-0.032868079912922836
-0.032394439209662965
-0.031919406813792059
-0.031443003095562659
-0.030965248483855859
-0.030486163465306797
-0.030005768583427708
-0.029524084437728502
-0.029041131682834939
-0.028556931027604468
-0.028071503234239691
-0.027584869117399602
-0.027097049543308535
-0.02660806542886289
-0.026117937740735737
-0.025626687494479251
-0.02513433575362499
-0.024640903628782223
-0.024146412276734211
-0.02365088289953245
-0.023154336743589014
-0.022656795098766998
-0.022158279297469052
-0.021658810713724205
-0.021158410762272765
-0.020657100897649515
-0.020154902613265281
-0.019651837440486684
-0.019147926947714406
-0.018643192739459823
-0.018137656455420016
-0.01763133976955137
-0.01712426438914165
-0.016616452053880636
-0.016107924534929409
-0.015598703633988294
-0.015088811182363429
-0.014578269040032087
-0.014067099094706804
-0.013555323260898294
-0.013042963478977173
-0.012530041714234675
-0.012016579955942179
-0.011502600216409756
-0.01098812453004375
-0.010473174952403397
-0.0099577735592565088
-0.0094419424456343246
-0.0089257037248855024
-0.0084090795277293497
-0.0078920920013082867
-0.0073747633082396225
-0.0068571156256666483
-0.0063391711443091334
-0.0058209520675131703
-0.0053024806103005697
-0.0047837789984177042
-0.0042648694673838765
-0.0037457742615392892
-0.0032265156330926301
-0.0027071158411682982
-0.002187597150853354
-0.0016679818322442507
-0.0011482921594932619
-0.00062855040985475893
-0.00010877886273140923
0.00041100020127977661
0.00093076450134144031
0.0014504917573298403
0.0019701596907888601
0.0024897460258839158
0.0030092284903557639
0.0035285848164741083
0.0040477927419910386
0.0045668300110942965
0.0050856743753601944
0.0056043035947062449
0.0061226954383434701
0.0066408276857282591
0.0071586781275137755
0.0076762245665009674
0.0081934448185890293
0.0087103167137252482
0.0092268180968543279
0.0097429268288670226
0.010258620787548082
0.010773877868523525
0.01128867598620715
0.011802993074746176
0.012316807088966084
0.01283009600531459
0.013342837822804664
0.013855010563956594
0.014366592275739066
0.014877561030509153
0.015387894926951268
0.015897572091014951
0.016406570676851508
0.01691486886774949
0.017422444877068823
0.017929276949173713
0.018435343360364242
0.018940622419806562
0.019445092470461708
0.019948731890012963
0.020451519091791718
0.020953432525701799
0.021454450679142242
0.021954552077928541
0.022453715287212118
0.022951918912398166
0.02344914160006184
0.023945362038862529
0.024440558960456472
0.024934711140407542
0.02542779739909598
0.025919796602625406
0.026410687663727731
0.026900449542666186
0.027389061248136216
0.027876501838164383
0.028362750421005094
0.028847786156035234
0.029331588254646577
0.029814135981135942
0.0302954086535932
0.030775385644786848
0.031254046383047254
0.031731370353147631
0.032207337097182501
0.032681926215443705
0.033155117367294033
0.033626890272038155
0.034097224709791069
0.034566100522344018
0.035033497614027638
0.035499395952572489
0.035963775569966917
0.036426616563312059
0.036887899095674137
0.037347603396933951
0.037805709764633412
0.038262198564819272
0.038717050232883916
0.039170245274403027
0.039621764265970534
0.040071587856030252
0.040519696765704605
0.040966071789620154
0.041410693796730069
0.041853543731133244
0.042294602612890406
0.042733851538836867
0.043171271683391965
0.043606844299365205
0.044040550718759112
0.044472372353568566
0.044902290696576773
0.045330287322147902
0.045756343887015979
0.046180442131070434
0.046602563878138083
0.047022691036761349
0.0474408056009731
0.047856889651067658
0.048270925354368187
0.04868289496599025
0.049092780829601779
0.049500565378179096
0.04990623113475922
0.050309760713188233
0.050711136818865778
0.051110342249485699
0.051507359895772639
0.051902172742214751
0.052294763867792318
0.052685116446702311
0.053073213749078953
0.053459039141710088
0.053842576088749504
0.054223808152424967
0.054602718993742222
0.0549792923731846
0.055353512151408379
0.055725362289933966
0.056094826851832744
0.056461890002409469
0.056826536009880316
0.057188749246046625
0.057548514186964037
0.057905815413607335
0.058260637612530738
0.058612965576523575
0.058962784205261555
0.059310078505953323
0.059654833593982562
0.05999703469354533
0.060336667138282778
0.060673716371909242
0.061008167948835554
0.061340007534787563
0.061669220907420018
0.061995793956925629
0.062319712686639155
0.06264096321363688
0.062959531769331042
0.063275404700059448
0.063588568467670095
0.06389900965010098
0.064206714941954776
0.064511671155068631
0.064813865219078878
0.065113284181980743
0.065409915210682942
0.065703745591557242
0.065994762730982828
0.066282954155885629
0.066568307514272368
0.066850810575759506
0.067130451232097016
0.067407217497686786
0.06768109751009585
0.06795207953056441
0.06822015194450845
0.068485303262017072
0.068747522118344562
0.069006797274396889
0.069263117617213169
0.069516472160441281
0.069766850044808565
0.07001424053858657
0.070258633038050758
0.07050001706793442
0.070738382281877343
0.070973718462868776
0.071206015523684885
0.071435263507320754
0.071661452587416657
0.071884573068678806
0.072104615387294596
0.072321570111342035
0.072535427941193595
0.072746179709914427
0.07295381638365489
0.073158329062037286
0.073359708978537053
0.07355794750085809
0.07375303613130231
0.073944966507133614
0.074133730400935807
0.074319319720964963
0.074501726511495864
0.074680942953162605
0.074856961363293478
0.075029774196239823
0.075199374043699085
0.075365753635032076
0.075528905837574253
0.075688823656941018
0.075845500237327265
0.075998928861800874
0.076149102952590336
0.076296016071366213
0.076439661919517024
0.076580034338418687
0.076717127309698235
0.076850934955491584
0.076981451538695025
0.077108671463210932
0.077232589274187302
0.077353199658251243
0.077470497443736464
0.077584477600904644
0.077695135242160818
0.077802465622262479
0.077906464138522841
0.078007126331007745
0.078104447882726566
0.078198424619817117
0.078289052511724216
0.07837632767137212
0.078460246355331123
0.078540804963977529
0.078618000041647887
0.078691828276786724
0.078762286502088455
0.078829371694632736
0.078893080976013968
0.078953411612464372
0.079010361014970998
0.079063926739386531
0.079114106486533747
0.079160898102303992
0.079204299577749243
0.079244309049168085
0.079280924798185409
0.079314145251825854
0.079343968982581156
0.079370394708471001
0.079393421293097968
0.079413047745696075
0.07942927322117295
0.079442097020146082
0.079451518588972592
0.079457537519772775
0.079460153550447499
0.079459366564689285
0.079455176591987239
0.079447583807625566
0.079436588532676017
0.079422191233984002
0.079404392524148382
0.079383193161495294
0.079358594050045334
0.079330596239474915
0.079299200925071048
0.079264409447680109
0.079226223293650186
0.079184644094767387
0.079139673628185817
0.079091313816351289
0.079039566726918906
0.078984434572664353
0.078925919711388987
0.078864024645818764
0.078798752023496885
0.078730104636670281
0.078658085422169954
0.078582697461284934
0.078503943979630314
0.078421828347008851
0.07833635407726669
0.078247524828142428
0.078155344401110688
0.078059816741218882
0.077960945936918241
0.077858736219888605
0.077753191964856957
0.077644317689409992
0.077532118053800461
0.077416597860747435
0.077297762055230493
0.077175615724277835
0.077050164096748183
0.076921412543106693
0.076789366575194903
0.076654031845994494
0.076515414149384925
0.076373519419895314
0.076228353732449988
0.076079923302108207
0.075928234483797902
0.075773293772043254
0.075615107800686407
0.075453683342603273
0.075289027309413267
0.075121146751183088
0.074950048856124801
0.074775740950287564
0.074598230497243942
0.074417525097769999
0.074233632489519585
0.074046560546692897
0.073856317279698991
0.073662910834812592
0.073466349493824995
0.073266641673689348
0.073063795926159802
0.07285782093742528
0.07264872552773724
0.072436518651031748
0.072221209394545766
0.072002806978427952
0.071781320755343492
0.071556760210073442
0.071329134959108295
0.071098454750236031
0.070864729462124368
0.070627969103897625
0.07038818381470778
0.070145383863300159
0.069899579647573359
0.069650781694133884
0.069399000657845031
0.069144247321370436
0.068886532594712113
0.068625867514743019
0.068362263244734184
0.068095731073876398
0.067826282416796627
0.067553928813068903
0.067278681926719958
0.067000553545729452
0.066719555581525064
0.066435700068471978
0.066148999163357494
0.065859465144870011
0.065567110413073157
0.065271947488874396
0.064973989013488623
0.064673247747896664
0.064369736572298483
0.064063468485561409
0.063754456604663182
0.063442714164130054
0.063128254515469745
0.062811091126599508
0.062491237581269031
0.062168707578478595
0.06184351493189208
0.061515673569245241
0.061185197531749003
0.060852100973487894
0.060516398160813674
0.060178103471734141
0.059837231395297161
0.059493796530969936
0.059147813588013527
0.058799297384852733
0.058448262848441207
0.058094725013621999
0.057738699022483436
0.057380200123710395
0.057019243671931098
0.056655845127059255
0.056290020053631748
0.055921784120141871
0.055551153098368028
0.055178142862698107
0.054802769389449377
0.054425048756184084
0.054044997141020651
0.053662630821940616
0.053277966176091249
0.052891019679084002
0.052501807904288621
0.0521103475221232
0.051716655299339963
0.051320748098307008
0.050922642876285902
0.050522356684705227
0.050119906668430109
0.049715310065027704
0.049308584204028789
0.048899746506185296
0.04848881448272406
0.048075805734596605
0.047660737951725179
0.047243628912244817
0.046824496481741848
0.04640335861248842
0.045980233342673524
0.045555138795630182
0.045128093179059095
0.044699114784248567
0.04426822198529097
0.043835433238295599
0.043400767080597979
0.042964242129965746
0.042525877083801143
0.042085690718339903
0.041643701887846982
0.041199929523808833
0.040754392634122366
0.040307110302280652
0.039858101686555472
0.039407386019176503
0.038954982605507463
0.038500910823219096
0.038045190121458988
0.037587840020018443
0.037128880108496229
0.036668330045459413
0.036206209557601142
0.035742538438895639
0.035277336549750189
0.034810623816154393
0.03434242022882647
0.033872745842356965
0.03340162077434955
0.032929065204559314
0.032455099374028122
0.031979743584217658
0.031503018196139661
0.031024943629483638
0.030545540361742216
0.03006482892733384
0.029582829916723091
0.029099563975538624
0.028615051803688764
0.028129314154474686
0.027642371833701419
0.027154245698786536
0.026664956657866647
0.026174525668901692
0.025682973738777176
0.025190321922404217
0.024696591321817583
0.024201803085271759
0.023705978406334895
0.023209138522980989
0.022711304716680047
0.022212498311486369
0.021712740673125123
0.021212053208077026
0.020710457362661316
0.020207974622117049
0.019704626509682705
0.019200434585674116
0.018695420446560886
0.018189605724041241
0.017683012084115317
0.017175661226157046
0.016667574881984625
0.016158774814929475
0.015649282818903994
0.015139120717467917
0.014628310362893408
0.014116873635228986
0.013604832441362227
0.013092208714081224
0.012579024411135099
0.012065301514293341
0.011551062028404124
0.01103632798045168
0.010521121418612705
0.01000546441131182
0.0094893790462762268
0.0089728874295895052
0.0084560116847445764
0.0079387739516960272
0.0074211963859116461
0.0069033011574233041
0.006385110449877265
0.0058666464595838862
0.0053479313945666946
0.0048289874736110903
0.0043098369253125376
0.0037905019871242946
0.0032710049044047916
0.0027513679294647328
0.002231613320613847
0.001711763341207307
0.0011918402586920725
0.00067186634365298207
0.00015186386885867459
-0.0003681448916924724
-0.00088813766372651797
-0.0014080921736482135
-0.0019279861494951138
-0.0024477973218916642
-0.0029675034250032347
-0.0034870821974898724
-0.0040065113834599408
-0.0045257687334235939
-0.0050448320052458411
-0.0055636789650993562
-0.0060822873884169865
-0.0066006350608437481
-0.0071186997791884837
-0.0076364593523750015
-0.0081538916023926565
-0.0086709743652464595
-0.0091876854919065512
-0.0097040028492569909
-0.010219904321043883
-0.010735367808822867
-0.01125037123290569
-0.011764892533306051
-0.0122789096706847
-0.012792400627293487
-0.013305343407918561
-0.013817716040822662
-0.014329496578686259
-0.014840663099547756
-0.015351193707742631
-0.015861066534841366
-0.016370259740586233
-0.016878751513826954
-0.017386520073454953
-0.017893543669336442
-0.018399800583244204
-0.018905269129787915
-0.01940992765734309
-0.01991375454897865
-0.020416728223382904
-0.020918827135788021
-0.021420029778893006
-0.021920314683785032
-0.022419660420859085
-0.022918045600736018
-0.023415448875178799
-0.023911848938006991
-0.024407224526009547
-0.024901554419855594
-0.025394817445003447
-0.025886992472607735
-0.026378058420424459
-0.026867994253714108
-0.027356778986142825
-0.027844391680681323
-0.028330811450501776
-0.02881601745987266
-0.02929998892505124
-0.029782705115173898
-0.03026414535314428
-0.030744289016518957
-0.031223115538390855
-0.031700604408270376
-0.032176735172963974
-0.032651487437450291
-0.033124840865753929
-0.033596775181816536
-0.034067270170365344
-0.034536305677779239
-0.035003861612952054
-0.035469917948153205
-0.035934454719885718
-0.036397452029741324
-0.036858890045252939
-0.037318749000744195
-0.037777009198176177
-0.038233651007991198
-0.038688654869953799
-0.0391420012939886
-0.039593670861015125
-0.040043644223779866
-0.040491902107684913
-0.040938425311613666
-0.041383194708753422
-0.04182619124741474
-0.042267395951847427
-0.042706789923053649
-0.043144354339597311
-0.043580070458410405
-0.044013919615595969
-0.044445883227227527
-0.044875942790145257
-0.045304079882748552
-0.045730276165785247
-0.046154513383137141
-0.046576773362602089
-0.046997038016672481
-0.047415289343310026
-0.047831509426716975
