0.0 0.0
0.0 0.0
-6.1729532334408647e-06 -6.4301596181675706e-10
-1.7348108486608396e-05 -3.0931265576552201e-09
-3.2570377849534465e-05 -8.2929688843367629e-09
-5.1060593882228878e-05 -1.7004528439728768e-08
-7.2183090762972912e-05 -2.9842412256937276e-08
-9.5419259725000962e-05 -4.7300990432767865e-08
-0.00012034597781501417 -6.9776536009852741e-08
-0.00014661801189762801 -9.7585284938252924e-08
-0.00017395366533098697 -1.3097816798290025e-07
-0.00020212306974067834 -1.7015282788619867e-07
-0.0002309386344422711 -2.152634220719225e-07
-0.00026024725589204135 -2.6642861898174666e-07
-0.00028992396282058046 -3.2373812093097801e-07
-0.00031986673247567281 -3.8725798502433762e-07
-0.0003499922621575456 -4.5703496363196441e-07
-0.00038023252000122219 -5.3310004510683593e-07
-0.00041053193140305777 -6.1547134212811499e-07
-0.00044084508395227464 -7.0415644789429532e-07
-0.00047113485531520652 -7.9915435823465781e-07
-0.00050137088612873084 -9.0045703963506783e-07
-0.00053152833432312102 -1.0080507084321355e-06
-0.00056158685901129405 -1.1219168744044703e-06
-0.00059152979163895766 -1.2420331921805381e-06
-0.00062134345988639633 -1.3683741558810956e-06
-0.00065101663617214017 -1.5009116658871929e-06
-0.00068054008779631643 -1.6396154913005736e-06
-0.00070990620999305111 -1.7844536473202991e-06
-0.0007391087266130457 -1.9353927032167672e-06
-0.00076814244597310944 -2.0923980336944912e-06
-0.00079700306170619941 -2.2554340240777523e-06
-0.00082568699031903572 -2.4244642378303807e-06
-0.00085419123869261561 -2.5994515533524273e-06
-0.00088251329600757189 -2.7803582757170299e-06
-0.00091065104559320961 -2.9671462279671109e-06
-0.00093860269302855162 -3.1597768257402106e-06
-0.00096636670750034962 -3.3582111382953043e-06
-0.00099394177397495848 -3.5624099384489819e-06
-0.0010213267541911968 -3.7723337434662895e-06
-0.0010485206548485704 -3.9879428485745983e-06
-0.0010755226016648121 -4.2091973544614083e-06
-0.0011023318182210632 -4.4360571898661863e-06
-0.0011289476087123522 -4.6684821301717499e-06
-0.0011553693438836328 -4.9064318127338312e-06
-0.0011815964495642769 -5.1498657495513217e-06
-0.0012076283973221132 -5.3987433377686532e-06
-0.0012334646968463567 -5.653023868411202e-06
-0.001259104889740765 -5.9126665336806932e-06
-0.0012845485444670846 -6.177630433077344e-06
-0.0013097952522267478 -6.4478745785662843e-06
-0.0013348446236078624 -6.7233578989657228e-06
-0.0013596962858564022 -7.0040392437015833e-06
-0.0013843498806565147 -7.2898773860466785e-06
-0.001408805062326064 -7.5808310259406967e-06
-0.0014330614963508318 -7.8768587924695387e-06
-0.0014571188581949095 -8.1779192460680521e-06
-0.0014809768323363261 -8.4839708804983889e-06
-0.0015046351114863462 -8.7949721246465832e-06
-0.0015280933959585345 -9.1108813441720912e-06
-0.0015513513931599274 -9.4316568430385968e-06
-0.0015744088171817522 -9.7572568649491885e-06
-0.0015972653884712897 -1.0087639594704714e-05
-0.00161992083356987 -1.0422763159500668e-05
-0.0016423748849047537 -1.0762585630175108e-05
-0.0016646272806249106 -1.1107065022417781e-05
-0.0016866777644725479 -1.1456159297948766e-05
-0.0017085260856837389 -1.1809826365673377e-05
-0.0017301719989127333 -1.2168024082818843e-05
-0.0017516152641755235 -1.2530710256057202e-05
-0.0017728556468090597 -1.2897842642618095e-05
-0.0017938929174431705 -1.3269378951394369e-05
-0.0018147268519827879 -1.3645276844042906e-05
-0.0018353572315985187 -1.4025493936082625e-05
-0.0018557838427239628 -1.4409987797991216e-05
-0.0018760064770584771 -1.4798715956301885e-05
-0.0018960249315743203 -1.5191635894701134e-05
-0.0019158390085273107 -1.5588705055128386e-05
-0.0019354485154702899 -1.5989880838878137e-05
-0.0019548532652688163 -1.6395120607705126e-05
-0.0019740530761186135 -1.6804381684932982e-05
-0.0019930477715643939 -1.7217621356566627e-05
-0.0020118371805197396 -1.7634796872408725e-05
-0.0020304211372877872 -1.805586544718034e-05
-0.0020487994815825074 -1.8480784261645994e-05
-0.002066972058550407 -1.8909510463743173e-05
-0.002084938718792517 -1.9342001169716392e-05
-0.0021026993183865515 -1.9778213465255877e-05
-0.002120253718909143 -2.0218104406640846e-05
-0.0021376017874580834 -2.066163102188743e-05
-0.0021547433966745025 -2.1108750311901241e-05
-0.0021716784247649374 -2.1559419251634516e-05
-0.0021884067555232537 -2.2013594791247868e-05
-0.0022049282783523764 -2.2471233857276577e-05
-0.0022212428882858112 -2.2932293353801388e-05
-0.0022373504860089314 -2.3396730163623754e-05
-0.0022532509778800083 -2.3864501149445517e-05
-0.0022689442759509749 -2.4335563155052911e-05
-0.0022844302979879057 -2.4809873006504878e-05
-0.0022997089674912079 -2.5287387513325618e-05
-0.0023147802137155112 -2.5768063469701318e-05
-0.0023296439716892488 -2.6251857655680978e-05
-0.0023443001822339277 -2.6738726838381308e-05
-0.0023587487919830836 -2.722862777319558e-05
-0.0023729897534009092 -2.772151720500641e-05
-0.0023870230248005625 -2.8217351869402397e-05
-0.002400848570362147 -2.8716088493898513e-05
-0.0024144663601503615 -2.9217683799160231e-05
-0.0024278763701318191 -2.972209450023129e-05
-0.0024410785821920343 -3.0229277307765023e-05
-0.0024540729841520739 -3.0739188929259198e-05
-0.0024668595697848752 -3.1251786070294295e-05
-0.0024794383388312261 -3.1767025435775139e-05
-0.0024918092970154099 -3.2284863731175827e-05
-0.0025039724560605094 -3.2805257663787898e-05
-0.002515927833703377 -3.3328163943971636e-05
-0.0025276754537092634 -3.3853539286410453e-05
-0.0025392153458861063 -3.4381340411368305e-05
-0.0025505475460984813 -3.4911524045950031e-05
-0.0025616720962812136 -3.5444046925364583e-05
-0.0025725890444526466 -3.5978865794191027e-05
-0.002583298444727572 -3.65159374076473e-05
-0.0025938003573298205 -3.705521853286161e-05
-0.0026040948486045082 -3.7596665950146438e-05
-0.002614181991029944 -3.8140236454275028e-05
-0.0026240618632291978 -3.8685886855760351e-05
-0.0026337345499813231 -3.9233573982136447e-05
-0.0026432001422322417 -3.9783254679242026e-05
-0.0026524587371052847 -4.0334885812506351e-05
-0.0026615104379113953 -4.0888424268237254e-05
-0.0026703553541589852 -4.1443826954911249e-05
-0.0026789936015634537 -4.2001050804465669e-05
-0.0026874253020563637 -4.2560052773592732e-05
-0.002695650583794275 -4.3120789845035507e-05
-0.0027036695811672382 -4.3683219028885661e-05
-0.0027114824348069451 -4.4247297363882973e-05
-0.0027190892915945376 -4.4812981918716459e-05
-0.0027264903046680783 -4.5380229793327144e-05
-0.0027336856334296755 -4.5948998120212323e-05
-0.0027406754435522693 -4.6519244065731275e-05
-0.0027474599069860764 -4.7090924831412351e-05
-0.0027540392019646935 -4.7663997655261389e-05
-0.0027604135130108588 -4.8238419813071345e-05
-0.0027665830309418745 -4.8814148619733088e-05
-0.0027725479528746869 -4.9391141430547309e-05
-0.0027783084822306271 -4.9969355642537442e-05
-0.0027838648287398121 -5.0548748695763526e-05
-0.0027892172084452026 -5.1129278074636964e-05
-0.0027943658437063245 -5.1710901309236079e-05
-0.0027993109632026484 -5.2293575976622431e-05
-0.00280405280193663 -5.2877259702157771e-05
-0.0028085916012364123 -5.3461910160821631e-05
-0.0028129276087581877 -5.40474850785294e-05
-0.0028170610784882203 -5.46339422334509e-05
-0.0028209922707445323 -5.522123945732931e-05
-0.0028247214521782502 -5.5809334636800434e-05
-0.0028282488957746144 -5.6398185714712188e-05
-0.002831574880853649 -5.6987750691444298e-05
-0.0028346996930704972 -5.7577987626228061e-05
-0.0028376236244154183 -5.8168854638466174e-05
-0.002840346973213447 -5.8760309909052515e-05
-0.0028428700441237181 -5.9352311681691805e-05
-0.0028451931481384553 -5.9944818264219112e-05
-0.0028473166025816243 -6.0537788029919117e-05
-0.0028492407311072497 -6.1131179418845037e-05
-0.0028509658636973992 -6.1724950939137188e-05
-0.0028524923366598314 -6.231906116834106e-05
-0.0028538204926253116 -6.2913468754724922e-05
-0.002854950680544594 -6.3508132418596788e-05
-0.0028558832556850695 -6.4103010953620707e-05
-0.0028566185796270829 -6.4698063228132389e-05
-0.0028571570202599174 -6.5293248186453946e-05
-0.0028574989517774476 -6.588852485020784e-05
-0.0028576447546734625 -6.6483852319629811e-05
-0.0028575948157366559 -6.7079189774880868e-05
-0.0028573495280452893 -6.7674496477358156e-05
-0.0028569092909615248 -6.8269731771004692e-05
-0.0028562745101254287 -6.8864855083617922e-05
-0.0028554455974486473 -6.9459825928156881e-05
-0.0028544229711077555 -7.0054603904048178e-05
-0.0028532070555372779 -7.0649148698490364e-05
-0.0028517982814223828 -7.1243420087756988e-05
-0.0028501970856912532 -7.1837377938497985e-05
-0.0028484039115071295 -7.243098220903948e-05
-0.0028464192082600284 -7.3024192950681892e-05
-0.002844243431558141 -7.3616970308996286e-05
-0.0028418770432189037 -7.4209274525118899e-05
-0.0028393205112597487 -7.4801065937043753e-05
-0.0028365743098885325 -7.5392304980913366e-05
-0.0028336389194936447 -7.5982952192307348e-05
-0.0028305148266337928 -7.657296820752896e-05
-0.0028272025240274716 -7.7162313764889508e-05
-0.0028237025105421112 -7.7750949705990505e-05
-0.0028200152911829084 -7.8338836977003527e-05
-0.0028161413770813387 -7.8925936629947721e-05
-0.0028120812854833541 -7.9512209823964878e-05
-0.0028078355397372643 -8.0097617826592026e-05
-0.002803404669281302 -8.0682122015031458e-05
-0.0027987892096308772 -8.1265683877418144e-05
-0.0027939897023655132 -8.1848265014084428e-05
-0.0027890066951154749 -8.2429827138822027e-05
-0.0027838407415480826 -8.3010332080141143e-05
-0.0027784924013537168 -8.3589741782526749e-05
-0.0027729622402315121 -8.4168018307691881e-05
-0.0027672508298747429 -8.4745123835827947e-05
-0.0027613587479559006 -8.532102066685197e-05
-0.0027552865781114624 -8.5895671221650652e-05
-0.0027490349099263578 -8.6469038043321262e-05
-0.002742604338918125 -8.7041083798409234e-05
-0.0027359954665207666 -8.7611771278142453e-05
-0.0027292089000682997 -8.8181063399662149e-05
-0.0027222452527780054 -8.874892320725031e-05
-0.0027151051437333752 -8.931531387355358e-05
-0.0027077891978667576 -8.9880198700803587e-05
-0.0027002980459417064 -9.044354112203363e-05
-0.0026926323245350294 -9.1005304702291624e-05
-0.0026847926760185385 -9.1565453139849288e-05
-0.0026767797485405071 -9.2123950267407526e-05
-0.0026685941960068291 -9.2680760053297874e-05
-0.0026602366780618843 -9.3235846602680034e-05
-0.0026517078600691115 -9.3789174158735345e-05
-0.0026430084130912887 -9.4340707103856216e-05
-0.0026341390138705238 -9.4890409960831404e-05
-0.0026251003448079522 -9.5438247394027075e-05
-0.0026158930939431499 -9.598418421056364e-05
-0.0026065179549332558 -9.6528185361488265e-05
-0.0025969756270318089 -9.7070215942942961e-05
-0.0025872668150673001 -9.7610241197328287e-05
-0.0025773922294214388 -9.8148226514462524e-05
-0.0025673525860071388 -9.868413743273634e-05
-0.0025571486062462194 -9.9217939640262729e-05
-0.0025467810170468285 -9.9749598976022424e-05
-0.0025362505507805851 -0.00010027908143100444
-0.0025255579452594431 -0.00010080635314934195
-0.0025147039437122803 -0.00010133138042944317
-0.0025036892947612084 -0.00010185412972511748
-0.002492514752397612 -0.00010237456764669653
-0.0024811810759579108 -0.00010289266096215022
-0.0024696890300990536 -0.00010340837659819783
-0.0024580393847737389 -0.00010392168164141375
-0.0024462329152053668 -0.00010443254333932823
-0.0024342704018627233 -0.00010494092910152283
-0.0024221526304343982 -0.00010544680650072045
-0.0024098803918029357 -0.00010595014327387017
-0.0023974544820187229 -0.0001064509073232266
-0.002384875702273615 -0.00010694906671742372
-0.0023721448588742981 -0.0001074445896925433
-0.0023592627632153924 -0.00010793744465317765
-0.0023462302317522974 -0.00010842760017348678
-0.0023330480859737801 -0.00010891502499824991
-0.0023197171523743048 -0.00010939968804391117
-0.0023062382624261112 -0.00010988155839961954
-0.0022926122525510377 -0.00011036060532826299
-0.0022788399640920947 -0.00011083679826749664
-0.0022649222432847846 -0.00011131010683076506
-0.0022508599412281761 -0.0001117805008083185
-0.0022366539138557297 -0.00011224795016822307
-0.0022223050219058772 -0.0001127124250573649
-0.0022078141308923575 -0.00011317389580244806
-0.0021931821110743083 -0.00011363233291098625
-0.0021784098374261177 -0.00011408770707228838
-0.0021634981896070334 -0.00011453998915843766
-0.0021484480519305374 -0.0001149891502252645
-0.0021332603133334795 -0.00011543516151331284
-0.0021179358673449776 -0.00011587799444880018
-0.0021024756120550845 -0.00011631762064457102
-0.0020868804500832209 -0.00011675401190104376
-0.0020711512885463771 -0.00011718714020715101
-0.0020552890390270889 -0.00011761697774127325
-0.0020392946175411819 -0.00011804349687216577
-0.0020231689445052901 -0.00011846667015987895
-0.0020069129447041535 -0.00011888647035667161
-0.0019905275472576881 -0.00011930287040791763
-0.0019740136855878375 -0.00011971584345300571
-0.0019573722973852048 -0.00012012536282623206
-0.0019406043245754642 -0.0001205314020576863
-0.0019237107132855573 -0.00012093393487413015
-0.001906692413809676 -0.00012133293519986924
-0.0018895503805750294 -0.00012172837715761765
-0.0018722855721074023 -0.0001221202350693554
-0.0018548989509964994 -0.00012250848345717871
-0.0018373914838610873 -0.00012289309704414304
-0.0018197641413139236 -0.00012327405075509879
-0.0018020178979264855 -0.00012365131971751967
-0.0017841537321934937 -0.00012402487926232384
-0.0017661726264972346 -0.00012439470492468747
-0.001748075567071683 -0.00012476077244485091
-0.0017298635439664269 -0.00012512305776891738
-0.0017115375510103959 -0.00012548153704964414
-0.0016930985857753942 -0.00012583618664722599
-0.0016745476495394424 -0.00012618698313007128
-0.0016558857472499262 -0.00012653390327557016
-0.0016371138874865568 -0.0001268769240708552
-0.0016182330824241443 -0.00012721602271355425
-0.0015992443477951829 -0.00012755117661253541
-0.0015801487028522555 -0.00012788236338864451
-0.0015609471703302525 -0.00012820956087543435
-0.0015416407764084119 -0.0001285327471198863
-0.0015222305506721809 -0.00012885190038312386
-0.0015027175260748996 -0.00012916699914111834
-0.0014831027388993103 -0.00012947802208538648
-0.001463387228718893 -0.00012978494812368005
-0.0014435720383590297 -0.00013008775638066733
-0.0014236582138579985 -0.00013038642619860659
-0.001403646804427801 -0.00013068093713801136
-0.0013835388624148224 -0.00013097126897830747
-0.0013633354432603293 -0.00013125740171848196
-0.0013430376054608016 -0.00013153931557772375
-0.0013226464105281083 -0.00013181699099605593
-0.0013021629229495223 -0.00013209040863495984
-0.0012815882101475788 -0.0001323595493779908
-0.0012609233424397785 -0.0001326243943313853
-0.0012401693929981392 -0.00013288492482466007
-0.001219327437808595 -0.00013314112241120244
-0.0011983985556302467 -0.00013339296886885231
-0.0011773838279544656 -0.00013364044620047571
-0.0011562843389638503 -0.00013388353663452971
-0.0011351011754910424 -0.00013412222262561876
-0.0011138354269773984 -0.00013435648685504255
-0.0010924881854315236 -0.00013458631223133515
-0.0010710605453876669 -0.00013481168189079549
-0.0010495536038639811 -0.00013503257919800921
-0.0010279684603206488 -0.00013524898774636178
-0.0010063062166178758 -0.00013546089135854289
-0.00098456797697375666 -0.00013566827408704202
-0.00096275484792200878 -0.00013587112021463534
-0.00094086793826958363 -0.00013606941425486362
-0.00091890835905415269 -0.00013626314095250151
-0.00089687722350147115 -0.00013645228528401772
-0.00087477564698262107 -0.00013663683245802649
-0.00085260474697113737 -0.00013681676791573
-0.00083036564300001696 -0.00013699207733135199
-0.00080805945661861377 -0.00013716274661256227
-0.0007856873113494217 -0.00013732876190089227
-0.00076325033264474631 -0.00013749010957214166
-0.00074074964784327042 -0.00013764677623677581
-0.00071818638612651151 -0.00013779874874031433
-0.00069556167847517484 -0.00013794601416371034
-0.00067287665762540605 -0.00013808855982372082
-0.00065013245802494175 -0.00013822637327326774
-0.00062733021578916253 -0.00013835944230179004
-0.00060447106865705029 -0.00013848775493558653
-0.00058155615594704998 -0.00013861129943814945
-0.00055858661851284101 -0.00013873006431048903
-0.00053556359869901665 -0.0001388440382914486
-0.00051248824029667618 -0.00013895321035801064
-0.00048936168849893181 -0.00013905756972559352
-0.0004661850898563301 -0.00013915710584833885
-0.00044295959223219112 -0.00013925180841938974
-0.00041968634475786994 -0.00013934166737115955
-0.00039636649778793722 -0.0001394266728755914
-0.00037300120285528647 -0.00013950681534440841
-0.00034959161262616611 -0.00013958208542935439
-0.00032613888085513928 -0.00013965247402242535
-0.00030264416233997525 -0.0001397179722560915
-0.00027910861287647247 -0.0001397785715035099
-0.00025553338921321521 -0.00013983426337872758
-0.00023191964900626884 -0.00013988503973687543
-0.00020826855077381155 -0.00013993089267435251
-0.00018458125385070637 -0.00013997181452900091
-0.00016085891834301768 -0.00014000779788027109
-0.0001371027050824719 -0.00014003883554937791
-0.0001133137755808634 -0.00014006492059944701
-8.9493291984411128e-05 -0.00014008604633565172
-6.5642417028064905e-05 -0.00014010220630534051
-4.1762313989765379e-05 -0.00014011339429815487
-1.7854146644658692e-05 -0.00014011960434613763
6.0809207807315375e-06 -0.0001401208307238318
3.0041723654372983e-05 -0.00014011706794836982
5.402709698463212e-05 -0.00014010831077955325
7.8035875466219112e-05 -0.00014009455421992294
0.00010206689352616603 -0.00014007579351481956
0.00012611898536983731 -0.00014005202415243455
0.0001501909850269731 -0.00014002324186385154
0.00017428172639775795 -0.00013998944262307811
0.00019839004329891727 -0.00013995062264706803
0.00022251476950983746 -0.0001399067783957338
0.00024665473881870865 -0.00013985790657194958
0.00027080878506868594 -0.00013980400412154465
0.00029497574220407083 -0.00013974506823328706
0.00031915444431650599 -0.00013968109633885782
0.00034334372569118636 -0.00013961208611281537
0.00036754242085307846 -0.00013953803547255033
0.00039174936461315222 -0.00013945894257823093
0.00041596339211462006 -0.00013937480583273845
0.00044018333887917843 -0.00013928562388159326
0.00046440804085325663 -0.00013919139561287112
0.00048863633445426395 -0.00013909212015710993
0.00051286705661683586 -0.0001389877968872067
0.00053709904483908034 -0.00013887842541830504
0.00056133113722881521 -0.00013876400560767298
0.00058556217254980059 -0.00013864453755457103
0.00060979099026796152 -0.00013852002160011086
0.00063401643059760049 -0.00013839045832710403
0.00065823733454759394 -0.00013825584855990141
0.0006824525439675746 -0.00013811619336422275
0.00070666090159409844 -0.00013797149404697675
0.00073086125109678884 -0.00013782175215607144
0.00075505243712445922 -0.00013766696948021507
0.00077923330535121518 -0.00013750714804870717
0.00080340270252252728 -0.00013734229013122033
0.00082755947650127741 -0.00013717239823757201
0.00085170247631377453 -0.0001369974751174871
0.00087583055219574092 -0.0001368175237603507
0.00089994255563825907 -0.00013663254739495134
0.00092403733943368759 -0.00013644254948921467
0.00094811375772153698 -0.00013624753374992768
0.00097217066603430351 -0.0001360475041224531
0.00099620692134326397 -0.00013584246479043461
0.0010202213821042237 -0.00013563242017549217
0.0010442129083032168 -0.00013541737493690805
0.0010681803615021632 -0.00013519733397130332
0.0010921226048844696 -0.00013497230241230472
0.0011160385033005807 -0.00013474228563020211
0.0011399269233134737 -0.00013450728923159648
0.0011637867332441 -0.00013426731905903839
0.0011876168032167636 -0.00013402238119065705
0.0012114160052044414 -0.00013377248193977985
0.0012351832130740416 -0.00013351762785454252
0.0012589173026315934 -0.00013325782571748984
0.0012826171516673738 -0.00013299308254516702
0.0013062816400009648 -0.00013272340558770156
0.0013299096495262375 -0.00013244880232837582
0.0013535000642562662 -0.00013216928048319016
0.0013770517703681658 -0.00013188484800041677
0.001400563656247853 -0.00013159551306014426
0.0014240346125347283 -0.00013130128407381274
0.0014474635321662769 -0.00013100216968373973
0.0014708493104225891 -0.00013069817876263672
0.0014941908449707904 -0.00013038932041311657
0.0015174870359093921 -0.00013007560396719156
0.0015407367858125466 -0.00012975703898576219
0.0015639389997742143 -0.00012943363525809692
0.0015870925854522401 -0.0001291054028013025
0.0016101964531123314 -0.00012877235185978537
0.0016332495156719394 -0.00012843449290470368
0.001656250688744047 -0.00012809183663341035
0.0016791988906808492 -0.00012774439396888692
0.0017020930426173355 -0.00012739217605916837
0.001724932068514765 -0.00012703519427675878
0.001747714895204039 -0.00012667346021803807
0.0017704404524289587 -0.00012630698570265962
0.0017931076728893791 -0.00012593578277293898
0.0018157154922842484 -0.00012555986369323338
0.0018382628493545294 -0.00012517924094931267
0.0018607486859260123 -0.00012479392724772096
0.0018831719469520028 -0.00012440393551512951
0.0019055315805558927 -0.00012400927889768076
0.0019278265380736101 -0.00012360997076032353
0.0019500557740959449 -0.0001232060246861392
0.0019722182465107463 -0.00012279745447565935
0.0019943129165449973 -0.00012238427414617436
0.0020163387488067561 -0.00012196649793103355
0.0020382947113269682 -0.00012154414027893629
0.0020601797756011455 -0.00012111721585321461
0.0020819929166309092 -0.00012068573953110712
0.0021037331129653966 -0.00012024972640302416
0.0021253993467425293 -0.00011980919177180459
0.0021469906037301411 -0.00011936415115196368
0.0021685058733669641 -0.00011891462026893274
0.0021899441488034688 -0.00011846061505828998
0.0022113044269425593 -0.0001180021516649831
0.0022325857084801231 -0.00011753924644254324
0.0022537869979454262 -0.00011707191595229058
0.0022749073037413611 -0.00011660017696253154
0.0022959456381845414 -0.0001161240464477476
0.0023169010175452384 -0.00011564354158777574
0.0023377724620871625 -0.0001151586797669807
0.0023585589961070907 -0.00011466947857341879
0.0023792596479743234 -0.00011417595579799365
0.002399873450169991 -0.00011367812943360361
0.0024203994393261889 -0.00011317601767428109
0.0024408366562649474 -0.00011266963891432368
0.0024611841460370396 -0.00011215901174741723
0.0024814409579606155 -0.00011164415496575081
0.0025016061456596657 -0.00011112508755912369
0.002521678767102316 -0.00011060182871404432
0.0025416578846389447 -0.00011007439781282128
0.0025615425650401249 -0.00010954281443264638
0.002581331879534389 -0.00010900709834466987
0.0026010249038458167 -0.00010846726951306776
0.0026206207182314376 -0.00010792334809410138
0.0026401184075184555 -0.0001073753544351691
0.0026595170611412866 -0.00010682330907385038
0.0026788157731784099 -0.00010626723273694208
0.0026980136423890352 -0.00010570714633948714
0.0027171097722495769 -0.00010514307098379562
0.0027361032709899416 -0.00010457502795845816
0.0027549932516296176 -0.00010400303873735196
0.0027737788320135767 -0.00010342712497863913
0.0027924591348479771 -0.00010284730852375772
0.0028110332877356692 -0.00010226361139640526
0.0028295004232115036 -0.00010167605580151493
0.0028478596787774391 -0.00010108466412422442
0.0028661101969374458 -0.00010048945892883744
0.0028842511252322105 -9.9890462957778105e-05
0.0029022816162736324 -9.9287699130537913e-05
0.0029202008277791134 -9.8681190542615756e-05
0.002938007922605641 -9.8070960464450676e-05
0.0029557020687836638 -9.745703234034763e-05
0.0029732824395507494 -9.6839429787396128e-05
0.0029907482133850376 -9.6218176594381987e-05
0.0030080985740384755 -9.5593296720692034e-05
0.0030253327105698368 -9.4964814295211996e-05
0.0030424498173775251 -9.4332753615217476e-05
0.0030594490942321608 -9.3697139145258135e-05
0.0030763297463089418 -9.30579955160351e-05
0.0030930909842197922 -9.2415347523271691e-05
0.0031097320240452806 -9.1769220126577416e-05
0.0031262520873663151 -9.1119638448305379e-05
0.0031426504012956186 -9.0466627772403096e-05
0.0031589261985089704 -8.981021354325679e-05
0.0031750787172762219 -8.9150421364529164e-05
0.0031911072014920833 -8.8487276997990797e-05
0.00320701090070668 -8.7820806362345097e-05
0.0032227890701558722 -8.7151035532046916e-05
0.0032384409707913453 -8.6477990736114912e-05
0.003253965869310464 -8.5801698356937641e-05
0.0032693630381858884 -8.5122184929073441e-05
0.0032846317556949525 -8.4439477138044186e-05
0.0032997713059488049 -8.3753601819122961e-05
0.0033147809789213093 -8.3064585956115663e-05
0.0033296600704777013 -8.2372456680136595e-05
0.003344407882403002 -8.1677241268378185e-05
0.003359023722430193 -8.0978967142874734e-05
0.0033735069042681366 -8.0277661869260331e-05
0.0033878567476292561 -7.9573353155521013e-05
0.0034020725782569674 -7.8866068850741203e-05
0.0034161537279528572 -7.8155836943844347e-05
0.0034300995346036168 -7.7442685562328052e-05
0.0034439093422077198 -7.6726642970993542e-05
0.0034575825009018459 -7.6007737570669626e-05
0.003471118366987058 -7.5285997896931193e-05
0.0034845163029547147 -7.4561452618812255e-05
0.0034977756775121339 -7.3834130537513631e-05
0.0035108958656079937 -7.3104060585105289e-05
0.0035238762484574799 -7.2371271823223464e-05
0.0035367162135671662 -7.163579344176257e-05
0.0035494151547596432 -7.0897654757561858e-05
0.0035619724721978776 -7.0156885213087114e-05
0.003574387572409311 -6.9413514375107199e-05
0.0035866598683096957 -6.8667571933365642e-05
0.0035987887792266649 -6.7919087699247276e-05
0.0036107737309230333 -6.7168091604440021e-05
0.003622614155619837 -6.6414613699591801e-05
0.0036343094920190991 -6.5658684152962744e-05
0.0036458591853263268 -6.4900333249072603e-05
0.0036572626872727432 -6.4139591387343532e-05
0.0036685194561372403 -6.3376489080738322e-05
0.003679628956768067 -6.2611056954394015e-05
0.0036905906606042363 -6.1843325744251069e-05
0.0037014040456966654 -6.1073326295678061e-05
0.0037120685967290366 -6.0301089562092054e-05
0.0037225838050383804 -5.9526646603574617e-05
0.0037329491686353875 -5.8750028585483601e-05
0.003743164192224438 -5.7971266777060706e-05
0.0037532283872233506 -5.7190392550034897e-05
0.0037631412717828582 -5.6407437377221752e-05
0.0037729023708057969 -5.5622432831118769e-05
0.0037825112159660165 -5.4835410582496705e-05
0.0037919673457270054 -5.404640239898702e-05
0.0038012703053602395 -5.3255440143665436e-05
0.0038104196469632375 -5.246255577363174e-05
0.0038194149294773381 -5.166778133858585e-05
0.0038282557187051904 -5.0871148979400175e-05
0.0038369415873279549 -5.0072690926688392e-05
0.0038454721149222214 -4.9272439499370665e-05
0.0038538468879766373 -4.8470427103235369e-05
0.0038620654999082437 -4.766668622949736e-05
0.0038701275510785288 -4.686124945335291e-05
0.0038780326488091856 -4.6054149432531273e-05
0.0038857804073975811 -4.524541890584307e-05
0.0038933704481319328 -4.4435090691725414e-05
0.003900802399306195 -4.3623197686783947e-05
0.0039080758962346486 -4.2809772864331781e-05
0.0039151905812662008 -4.1994849272925441e-05
0.0039221461037983879 -4.1178460034897882e-05
0.0039289421202910856 -4.0360638344888565e-05
0.003935578294279922 -3.9541417468370751e-05
0.0039420542963893935 -3.8720830740176033e-05
0.0039483698043456875 -3.7898911563016133e-05
0.0039545245029892033 -3.7075693406002084e-05
0.0039605180842867795 -3.6251209803160836e-05
0.0039663502473436208 -3.5425494351949337e-05
0.0039720206984149228 -3.4598580711766159e-05
0.0039775291509172037 -3.3770502602460732e-05
0.003982875325439332 -3.294129380284026e-05
0.0039880589497532501 -3.2110988149174366e-05
0.0039930797588244062 -3.1279619533697526e-05
0.0039979374948218762 -3.0447221903109374e-05
0.0040026319071281864 -2.9613829257072911e-05
0.0040071627523488359 -2.8779475646710722e-05
0.0040115297943215129 -2.7944195173099228e-05
0.0040157328041250081 -2.710802198576105e-05
0.0040197715600878252 -2.6270990281155547e-05
0.0040236458477964886 -2.5433134301167598e-05
0.0040273554601035428 -2.459448833159468e-05
0.0040309001971352513 -2.3755086700632305e-05
0.0040342798662989865 -2.2914963777357906e-05
0.0040374942822903152 -2.2074153970213189e-05
0.0040405432670997795 -2.1232691725485054e-05
0.0040434266500193692 -2.0390611525785142e-05
0.0040461442676486886 -1.9547947888528053e-05
0.0040486959639008165 -1.8704735364408315e-05
0.0040510815900078592 -1.7861008535876162e-05
0.0040533010045261941 -1.7016802015612201e-05
0.0040553540733414091 -1.6172150445000994e-05
0.004057240669672931 -1.5327088492603667e-05
0.0040589606740783473 -1.4481650852629577e-05
0.0040605139744574175 -1.3635872243407104e-05
0.0040619004660557793 -1.2789787405853646e-05
0.0040631200514683417 -1.1943431101944886e-05
0.0040641726406423729 -1.1096838113183354e-05
0.0040650581508802769 -1.0250043239066412e-05
0.0040657765068420632 -9.4030812955536693e-06
0.0040663276405475011 -8.5559871135339247e-06
0.0040667114913779711 -7.7087955372916902e-06
0.0040669280060780071 -6.8615414229733603e-06
0.0040669771387565178 -6.014259637053099e-06
0.004066858850887714 -5.1669850547984929e-06
0.0040665731113117163 -4.3197525587360536e-06
0.0040661198962348493 -3.4725970371166209e-06
0.00406549918922964 -2.6255533823807379e-06
0.0040647109812344913 -1.778656489624059e-06
0.0040637552705530527 -9.3194125506285786e-07
0.0040626320628532799 -8.5442574499699592e-08
0.0040613413711661859 7.6080465821066e-07
0.004059883215884276 1.6067655526950816e-06
0.0040582576247596815 2.4524052235954925e-06
0.0040564646329019774 3.2976887921019139e-06
0.0040545042827756922 4.1425813874850029e-06
0.0040523766241975052 4.9870481486280432e-06
0.0040500817143331418 5.8310542255583178e-06
0.0040476196176939469 6.6745647809778048e-06
0.0040449904061331619 7.5175449917931276e-06
0.004042194158841883 8.359960050644693e-06
0.0040392309623447148 9.2017751674349615e-06
0.0040361009104951115 1.0042955570855775e-05
0.0040328041044704142 1.0883466509914683e-05
0.0040293406527665753 1.1723273255460202e-05
0.0040257106711925747 1.2562341101705945e-05
0.0040219142828645301 1.340063536775356e-05
0.0040179516181994982 1.4238121399114396e-05
0.0040138228149089652 1.5074764569229859e-05
0.004009528017992035 1.5910530280990378e-05
0.0040050673797283071 1.6745383968252914e-05
0.0040004410596704461 1.7579291097356949e-05
0.003995649224636447 1.8412217168638916e-05
0.0039906920487015945 1.9244127717944962e-05
0.0039855697131901133 2.0074988318142015e-05
0.0039802824066665137 2.0904764580627077e-05
0.0039748303249266355 2.1733422156834694e-05
0.0039692136709883804 2.2560926739742507e-05
0.0039634326550821442 2.3387244065374852e-05
0.0039574874946409428 2.421233991430434e-05
0.0039513784142902368 2.5036180113151338e-05
0.0039451056458374495 2.5858730536081303e-05
0.0039386694282611814 2.6679957106299909e-05
0.003932070007700128 2.7499825797545876e-05
0.0039253076374416874 2.831830263558148e-05
0.0039183825779102706 2.913535369968064e-05
0.0039112950966553109 2.9950945124114553e-05
0.0039040454683389719 3.076504309963479e-05
0.0038966339747235536 3.1577613874953799e-05
0.0038890609046586004 3.2388623758222769e-05
0.0038813265540677097 3.3198039118506756e-05
0.0038734312259350425 3.4005826387257043e-05
0.0038653752302915327 3.4811952059780645e-05
0.003857158884200804 3.5616382696706931e-05
0.0038487825117447857 3.6419084925451266e-05
0.0038402464440090325 3.7220025441675621e-05
0.0038315510190677525 3.8019171010746121e-05
0.0038226965819685337 3.8816488469187403e-05
0.0038136834847167806 3.9611944726133786e-05
0.0038045120862598577 4.0405506764777186e-05
0.0037951827524709343 4.1197141643811642e-05
0.0037856958561325428 4.1986816498874501e-05
0.0037760517769198413 4.2774498543984125e-05
0.0037662509013835863 4.3560155072974064e-05
0.0037562936229328164 4.434375346092369e-05
0.0037461803418172429 4.5125261165585156e-05
0.0037359114651093544 4.5904645728806674e-05
0.0037254874066862324 4.6681874777952044e-05
0.0037149085872110769 4.7456916027316345e-05
0.0037041754341144502 4.822973727953775e-05
0.0036932883815752305 4.9000306427005425e-05
0.0036822478705012813 4.9768591453263395e-05
0.0036710543485098382 5.0534560434410388e-05
0.0036597082699076099 5.1298181540495536e-05
0.0036482100956705989 5.205942303690993e-05
0.0036365602934236366 5.2818253285773914e-05
0.0036247593374196425 5.357464074732009e-05
0.0036128077085185988 5.4328553981271987e-05
0.0036007058941662472 5.5079961648218324e-05
0.0035884543883725091 5.5828832510982774e-05
0.0035760536916896262 5.6575135435989246e-05
0.003563504311190025 5.7318839394622544e-05
0.0035508067604439059 5.805991346458441e-05
0.0035379615594965581 5.8798326831244877e-05
0.0035249692348454003 5.953404878898883e-05
0.0035118303194167483 6.0267048742557805e-05
0.0034985453525423118 6.0997296208386872e-05
0.0034851148799354198 6.1724760815936639e-05
0.0034715394536669747 6.2449412309020216e-05
0.0034578196321411424 6.3171220547125222e-05
0.0034439559800707683 6.3890155506730634e-05
0.0034299490684525317 6.4606187282618475e-05
0.0034157994745418305 6.5319286089180384e-05
0.0034015077818274056 6.6029422261718851e-05
0.0033870745800056983 6.6736566257743135e-05
0.0033725004649549466 6.7440688658259871e-05
0.0033577860387090197 6.8141760169058204e-05
0.0033429319094309927 6.8839751621989456e-05
0.0033279386913864614 6.9534633976241271e-05
0.0033128070049166006 7.0226378319606167e-05
0.0032975374764109633 7.091495586974446e-05
0.0032821307382800259 7.1600337975441435e-05
0.0032665874289274787 7.2282496117858882e-05
0.0032509081927222603 7.2961401911780734e-05
0.0032350936799703444 7.3637027106852881e-05
0.0032191445468862726 7.4309343588817116e-05
0.0032030614555644361 7.497832338073907e-05
0.0031868450739501127 7.5643938644230166e-05
0.0031704960758102531 7.6306161680663538e-05
0.0031540151407040214 7.6964964932383769e-05
0.0031374029539530928 7.7620320983910545e-05
0.0031206602066117051 7.827220256313605e-05
0.0031037875954364694 7.8920582542516067e-05
0.0030867858228559386 7.9565433940254851e-05
0.0030696555969399373 8.0206729921483591e-05
0.0030523976313686515 8.0844443799432398e-05
0.0030350126454014824 8.1478549036595953e-05
0.0030175013638456642 8.2109019245892528e-05
0.0029998645170246463 8.2735828191816518e-05
0.002982102840746243 8.3358949791584314e-05
0.0029642170762705514 8.3978358116273562e-05
0.0029462079702776383 8.4594027391955657e-05
0.002928076274834998 8.5205932000821552e-05
0.0029098227473647823 8.581404648230069e-05
0.0028914481506108047 8.6418345534173145e-05
0.0028729532526053187 8.7018804013674824e-05
0.0028543388266355722 8.7615396938595742e-05
0.002835605651210142 8.8208099488371337e-05
0.0028167545100250433 8.8796887005166672e-05
0.002797786191929625 8.9381734994953616e-05
0.0027787014908922433 8.9962619128580899e-05
0.0027595012059657194 9.053951524283693e-05
0.0027401861412525842 9.1112399341505506e-05
0.0027207571058701072 9.168124759641412e-05
0.0027012149139151154 9.2246036348475076e-05
0.0026815603844286004 9.2806742108719208e-05
0.0026617943413601154 9.3363341559322201e-05
0.0026419176135319671 9.3915811554623455e-05
0.0026219310346032015 9.4464129122137538e-05
0.0026018354430333824 9.5008271463558008e-05
0.0025816316820461704 9.5548215955753796e-05
0.0025613205995926982 9.6083940151757844e-05
0.002540903048314746 9.6615421781748209e-05
0.0025203798855077211 9.7142638754021382e-05
0.0024997519730834386 9.7665569155957967e-05
0.002479020177532707 9.8184191254980488e-05
0.0024581853698877219 9.8698483499503451e-05
0.0024372484256842655 9.9208424519875527e-05
0.0024162102249237179 9.9713993129313852e-05
0.0023950716520348783 0.00010021516832483037
0.0023738335958356001 0.00010071192928815021
0.0023524969494942388 0.00010120425538662206
0.0023310626104909192 0.00010169212617412051
0.0023095314805786173 0.00010217552139194026
0.0022879044657440634 0.00010265442096968221
0.0022661824761684652 0.00010312880502613143
0.0022443664261880556 0.0001035986538701269
0.0022224572342544623 0.00010406394800142299
0.0022004558228949059 0.00010452466811154271
0.0021783631186722261 0.00010498079508462263
0.0021561800521447336 0.00010543230999824939
0.0021339075578258979 0.00010587919412428799
0.0021115465741438672 0.00010632142892970152
0.0020890980434008191 0.00010675899607736242
0.0020665629117321538 0.00010719187742685544
0.00204394212906552 0.00010762005503527186
0.0020212366490796837 0.00010804351115799532
0.0019984474291632392 0.00010846222824947896
0.001975575430373161 0.000108876188964014
0.001952621617393202 0.00010928537615648966
0.0019295869584921403 0.00010968977288314438
0.0019064724254818717 0.00011008936240230834
0.0018832789936753546 0.00011048412817513722
0.0018600076418444091 0.00011087405386633719
0.0018366593521773641 0.00011125912334488113
0.0018132351102365667 0.00011163932068471592
0.001789735904915748 0.00011201463016546095
0.0017661627283972433 0.00011238503627309773
0.0017425165761090805 0.00011275052370065048
0.001718798446681929 0.00011311107734885788
0.0016950093419059111 0.00011346668232683578
0.001671150266687284 0.0001138173239527309
0.0016472222290049884 0.00011416298775436552
0.0016232262398670687 0.00011450365946987302
0.0015991633132669638 0.00011483932504832448
0.0015750344661396754 0.00011516997065034601
0.0015508407183178077 0.000115495582648727
0.0015265830924874907 0.00011581614762901922
0.0015022626141441787 0.00011613165239012668
0.001477880311548332 0.00011644208394488631
0.0014534372156809838 0.00011674742952063936
0.001428934360199191 0.00011704767655979355
0.001404372781391371 0.00011734281272037589
0.0013797535181325324 0.0001176328258765763
0.0013550776118393928 0.00011791770411928171
0.00133034610642539 0.00011819743575660096
0.0013055600482555915 0.00011847200931438023
0.0012807204861014971 0.00011874141353670909
0.0012558284710957428 0.00011900563738641713
0.0012308850566867036 0.00011926467004556114
0.0012058912985930036 0.00011951850091590277
0.0011808482547579235 0.00011976711961937682
0.0011557569853037205 0.0001200105159985499
0.0011306185524858571 0.00012024868011706966
0.0011054340206471344 0.00012048160226010434
0.0010802044561717438 0.00012070927293477297
0.0010549309274392334 0.00012093168287056578
0.001029614504778385 0.00012114882301975512
0.0010042562604210151 0.00012136068455779672
0.00097885726845569417 0.00012156725888372138
0.00095341860478138831 0.00012176853762051692
0.00092794134706102526 0.0001219645126155005
0.00090242657467498697 0.00012215517594068133
0.00087687536867452976 0.00012234051989311358
0.0008512888117351349 0.0001225205369952396
0.00082566798810979351 0.00012269521999522346
0.00080001398358222047 0.00012286456186727472
0.00077432788542001205 0.00012302855581196244
0.00074861078232773572 0.0001231871952565195
0.00072286376439995948 0.00012334047385513698
0.00069708792307423151 0.00012348838548924889
0.00067128435108399528 0.00012363092426780705
0.00064545414241145281 0.00012376808452754616
0.00061959839224038152 0.00012389986083323907
0.00059371819690889546 0.00012402624797794212
0.00056781465386215966 0.00012414724098323076
0.00054188886160506033 0.00012426283509942525
0.00051594191965483407 0.00012437302580580649
0.00048997492849364732 0.00012447780881082195
0.00046398898952114371 0.00012457718005228182
0.00043798520500695277 0.00012467113569754516
0.0004119646780431575 0.0001247596721436962
0.00038592851249673603 0.00012484278601771078
0.00035987781296196395 0.00012492047417661273
0.00033381368471279614 0.00012499273370762052
0.00030773723365521306 0.00012505956192828386
0.00028164956627954363 0.00012512095638661039
0.00025555178961276918 0.00012517691486118251
0.00022944501117080091 0.00012522743536126413
0.00020333033891073728 0.00012527251612689763
0.00017720888118311098 0.00012531215562899074
0.00015108174668411375 0.00012534635256939358
0.00012495004440780908 0.00012537510588096564
9.8814883598336418e-05 0.00012539841472763294
7.2677373702107124e-05 0.00012541627850443508
4.6538624319986077e-05 0.00012542869683756239
2.0399745159475728e-05 0.00012543566958438316
-5.7381540131031723e-06 0.00012543719683346091
-3.1873963420439229e-05 0.00012543327890456157
-5.8006573322049327e-05 0.0001254239163486509
-8.4134874062095005e-05 0.00012540910994788171
-0.0001102577561172001 0.00012538886071557137
-0.00013637411014425494 0.00012536316989616913
-0.00016248282702821122 0.00012533203896521365
-0.00018858279792987183 0.00012529546962928052
-0.00021467291433366071 0.00012525346382591973
-0.00024075206809538084 0.00012520602372358337
-0.0002668191514899534 0.00012515315172154323
-0.00029287305725913892 0.00012509485044979855
-0.0003189126786592349 0.00012503112276897373
-0.00034493690950875504 0.00012496197177020623
-0.00037094464423607367 0.00012488740077502448
-0.00039693477792705138 0.00012480741333521583
-0.00042290620637263005 0.0001247220132326846
-0.00044885782611638883 0.00012463120447930032
-0.00047478853450207506 0.0001245349913167359
-0.00050069722972109851 0.000124433378216296
-0.00052658281085998012 0.00012432636987873548
-0.00055244417794776983 0.00012421397123406802
-0.00057828023200342149 0.00012409618744136478
-0.00060408987508311733 0.00012397302388854326
-0.00062987201032755334 0.00012384448619214632
-0.00065562554200917708 0.00012371058019711124
-0.00068134937557937124 0.00012357131197652911
-0.00070704241771558517 0.00012342668783139421
-0.00073270357636841992 0.0001232767142903438
-0.00075833176080865024 0.00012312139810938784
-0.00078392588167418807 0.00012296074627162921
-0.00080948485101699414 0.00012279476598697387
-0.00083500758234992037 0.00012262346469183149
-0.00086049299069348778 0.00012244685004880612
-0.0008859399926226067 0.00012226492994637736
-0.00091134750631322102 0.00012207771249857154
-0.00093671445158888321 0.00012188520604462341
-0.00096203974996726454 0.00012168741914862797
-0.00098732232470658335 0.00012148436059918277
-0.0010125611008519619 0.00012127603940902042
-0.0010377550052817039 0.0001210624648146315
-0.0010629029667534927 0.00012084364627587783
-0.0010880039159505074 0.00012061959347559617
-0.0011130567855274593 0.00012039031631919223
-0.0011380605101565329 0.00012015582493422514
-0.0011630140265732484 0.00011991612966998246
-0.0011879162736222349 0.00011967124109704543
-0.0012127661923029018 0.0001194211700068449
-0.0012375627258150305 0.00011916592741120762
-0.0012623048196042607 0.0001189055245418931
-0.0012869914214074802 0.00011863997285012105
-0.0013116214812981231 0.00011836928400608921
-0.0013361939517313578 0.00011809346989848198
-0.0013607077875891741 0.00011781254263396942
-0.0013851619462253706 0.00011752651453669708
-0.0014095553875104281 0.00011723539814776626
-0.0014338870738762771 0.00011693920622470515
-0.001458155970360955 0.00011663795174093044
-0.0014823610446531494 0.0001163316478851998
-0.0015065012671366257 0.00011602030806105504
-0.0015305756109345444 0.00011570394588625596
-0.0015545830519536484 0.00011538257519220511
-0.0015785225689283399 0.00011505621002336323
-0.0016023931434646355 0.00011472486463665563
-0.0016261937600839859 0.00011438855350086931
-0.0016499234062669825 0.0001140472912960411
-0.001673581072496932 0.00011370109291283652
-0.001697165752303295 0.00011334997345191984
-0.0017206764423050018 0.0001129939482233148
-0.0017441121422536335 0.00011263303274575662
-0.00176747185507646 0.00011226724274603473
-0.0017907545869193498 0.00011189659415832683
-0.0018139593471895395 0.00011152110312352382
-0.0018370851485982579 0.00011114078598854592
-0.0018601310072032088 0.00011075565930564993
-0.0018830959424509163 0.00011036573983172762
-0.0019059789772189154 0.00010997104452759535
-0.0019287791378577947 0.00010957159055727486
-0.001951495454233099 0.0001091673952872654
-0.0019741269597670702 0.00010875847628580705
-0.001996672691480236 0.00010834485132213546
-0.0020191316900328516 0.00010792653836572785
-0.0020415029997661741 0.00010750355558554045
-0.0020637856687435847 0.00010707592134923736
-0.0020859787487915488 0.00010664365422241079
-0.0021080812955404128 0.00010620677296779287
-0.0021300923684650398 0.00010576529654445898
-0.0021520110309252755 0.00010531924410702249
-0.0021738363502062513 0.00010486863500482129
-0.0021955673975585133 0.0001044134887810958
-0.0022172032482379884 0.00010395382517215867
-0.0022387429815457667 0.00010348966410655619
-0.0022601856808677182 0.00010302102570422145
-0.0022815304337139341 0.0001025479302756192
-0.0023027763317579821 0.00010207039832088255
-0.0023239224708759905 0.00010158845052894151
-0.0023449679511855521 0.00010110210777664343
-0.0023659118770844355 0.0001006113911278653
-0.0023867533572891225 0.00010011632183261805
-0.0024074915048731566 9.9616921326142822e-05
-0.0024281254373053028 9.9113211227999228e-05
-0.0024486542764875149 9.8605213341145811e-05
-0.0024690771487927221 9.8092949651012459e-05
-0.0024893931851024129 9.7576442324565053e-05
-0.002509601520844027 9.7055713709362306e-05
-0.0025297012960281587 9.6530786332604782e-05
-0.002549691655285556 9.6001682900176272e-05
-0.0025695717479039199 9.5468426295677376e-05
-0.0025893407278645107 9.4931039579451495e-05
-0.0026089977538785447 9.4389545987603267e-05
-0.0026285419894233946 9.3843968931009322e-05
-0.0026479726027785764 9.329433199432162e-05
-0.0026672887670615352 9.2740658934963271e-05
-0.0026864896602632284 9.2182973682116941e-05
-0.0027055744652834841 9.1621300335705832e-05
-0.0027245423699661609 9.1055663165367322e-05
-0.0027433925671340952 9.0486086609419385e-05
-0.0027621242546238267 8.9912595273819606e-05
-0.0027807366353201097 8.9335213931117109e-05
-0.002799228917190217 8.875396751939729e-05
-0.0028176003133180147 8.8168881141219356e-05
-0.0028358500419378169 8.7579980062546875e-05
-0.0028539773264680294 8.6987289711671265e-05
-0.0028719813955445607 8.6390835678128291e-05
-0.0028898614830540083 8.5790643711607608e-05
-0.0029076168281666299 8.5186739720855459e-05
-0.002925246675369076 8.457914977257049e-05
-0.0029427502744968958 8.396790009029279e-05
-0.0029601268807668219 8.3353017053286151e-05
-0.0029773757548088144 8.2734527195413692e-05
-0.0029944961626978744 8.2112457204006739e-05
-0.0030114873759856274 8.1486833918727202e-05
-0.0030283486717316652 8.0857684330423317e-05
-0.0030450793325346569 8.0225035579978903e-05
-0.0030616786465632213 7.9588914957156207e-05
-0.0030781459075865524 7.8949349899432269e-05
-0.0030944804150048136 7.8306367990829004e-05
-0.0031106814738792888 7.7659996960736916e-05
-0.003126748394962282 7.7010264682732583e-05
-0.0031426804947267809 7.6357199173389967e-05
-0.0031584770953958746 7.5700828591085525e-05
-0.0031741375249719171 7.5041181234797218e-05
-0.003189661117265449 7.4378285542897498e-05
-0.0032050472119238699 7.3712170091940276e-05
-0.003220295154459854 7.3042863595441967e-05
-0.003235404296279519 7.2370394902656623e-05
-0.0032503739947103432 7.1694792997345179e-05
-0.0032652036130288225 7.1016086996539014e-05
-0.0032798925204878746 7.0334306149297693e-05
-0.0032944400923439893 6.9649479835461048e-05
-0.003308845709884118 6.8961637564395625e-05
-0.0033231087604523009 6.8270808973735583e-05
-0.0033372286374760427 6.7577023828118048e-05
-0.0033512047404924213 6.6880312017912995e-05
-0.0033650364751739302 6.6180703557947748e-05
-0.0033787232533540692 6.5478228586226078e-05
-0.0033922644930526585 6.477291736264205e-05
-0.0034056596185008938 6.4064800267688558e-05
-0.0034189080601661334 6.3353907801160742e-05
-0.0034320092547764154 6.2640270580854228e-05
-0.0034449626453447102 6.1923919341258282e-05
-0.0034577676811928986 6.1204884932243944e-05
-0.0034704238179754814 6.0483198317747237e-05
-0.0034829305177030176 5.9758890574447398e-05
-0.0034952872487652902 5.9031992890440287e-05
-0.0035074934859541931 5.8302536563907006e-05
-0.0035195487104863481 5.7570553001777785e-05
-0.0035314524100254485 5.6836073718391142e-05
-0.0035432040787043164 5.6099130334148462e-05
-0.0035548032171466909 5.5359754574163986e-05
-0.0035662493324887371 5.4617978266910298e-05
-0.0035775419384002668 5.3873833342859363e-05
-0.0035886805551056922 5.3127351833119159e-05
-0.0035996647094046867 5.2378565868065993e-05
-0.0036104939346925683 5.1627507675972528e-05
-0.0036211677709804017 5.0874209581631598e-05
-0.0036316857649148111 5.0118704004975847e-05
-0.0036420474697975128 4.9361023459693312e-05
-0.003652252445604561 4.8601200551838927e-05
-0.0036623002590053049 4.783926797844207e-05
-0.0036721904833810614 4.7075258526110159e-05
-0.0036819226988434998 4.6309205069628433e-05
-0.0036914964922527328 4.5541140570555911e-05
-0.0037009114572351233 4.4771098075817591e-05
-0.0037101671942008007 4.3999110716293016e-05
-0.0037192633103608811 4.3225211705401175e-05
-0.0037281994197443996 4.2449434337681875e-05
-0.0037369751432149512 4.1671811987373608e-05
-0.0037455901084870319 4.0892378106987988e-05
-0.0037540439501420938 4.0111166225880787e-05
-0.0037623363096443013 3.9328209948819702e-05
-0.0037704668353559924 3.8543542954548841e-05
-0.0037784351825528406 3.7757198994350008e-05
-0.0037862410134387281 3.6969211890600888e-05
-0.0037938839971603158 3.6179615535330158e-05
-0.0038013638098213132 3.5388443888769573e-05
-0.0038086801344964587 3.4595730977903143e-05
-0.0038158326612451922 3.3801510895013392e-05
-0.0038228210871250287 3.3005817796224829e-05
-0.0038296451162046388 3.2208685900044654e-05
-0.0038363044595766211 3.1410149485900776e-05
-0.0038427988353699725 3.0610242892677176e-05
-0.0038491279687622661 2.9809000517246736e-05
-0.0038552915919915142 2.9006456813001553e-05
-0.0038612894443677374 2.8202646288380799e-05
-0.0038671212722842263 2.739760350539622e-05
-0.0038727868292284993 2.6591363078155313e-05
-0.0038782858757929572 2.5783959671382245e-05
-0.0038836181796852347 2.4975427998936602e-05
-0.003888783515738241 2.4165802822329991e-05
-0.0038937816659198993 2.3355118949240603e-05
-0.0038986124193425811 2.2543411232025762e-05
-0.0039032755722722282 2.1730714566232554e-05
-0.0039077709281371735 2.0917063889106577e-05
-0.0039120982975366534 2.0102494178098889e-05
-0.0039162574982490091 1.9287040449371215e-05
-0.0039202483552395837 1.847073775629949e-05
-0.0039240707006683098 1.7653621187975751e-05
-0.0039277243738969885 1.6835725867708534e-05
-0.003931209221496256 1.601708695152174e-05
-0.0039345250972522491 1.5197739626652105e-05
-0.003937671862172953 1.4377719110045314e-05
-0.0039406493844942421 1.3557060646850817e-05
-0.0039434575396856131 1.2735799508915416e-05
-0.0039460962104556031 1.1913970993275707e-05
-0.0039485652867569014 1.1091610420649406e-05
-0.003950864665791148 1.0268753133925652e-05
-0.0039529942520134245 9.445434496654344e-06
-0.0039549539571364263 8.6216898915345699e-06
-0.0039567437001343337 7.797554718902201e-06
-0.0039583634072463637 6.9730643952167133e-06
-0.0039598130119800111 6.1482543515473004e-06
-0.0039610924551139832 5.3231600320583436e-06
-0.0039622016847008154 4.4978168924943033e-06
-0.003963140656069182 3.6722603986640964e-06
-0.003963909331825886 2.8465260249250279e-06
-0.0039645076818575443 2.0206492526663385e-06
-0.0039649356833319598 1.194665568792433e-06
-0.0039651933206991787 3.6861046420585739e-07
-0.0039652805856922324 -4.5748056770991323e-07
-0.0039651974773275761 -1.2835720326078085e-06
-0.0039649440019052058 -2.1096284366945555e-06
-0.0039645201730084687 -2.9356142882480617e-06
-0.0039639260115035581 -3.7614940991347297e-06
-0.0039631615455386982 -4.5872323863266297e-06
-0.0039622268105430139 -5.4127936734184736e-06
-0.003961121849225091 -6.2381424921443166e-06
-0.0039598467115712233 -7.0632433838939314e-06
-0.0039584014548433447 -7.8880609012287805e-06
-0.0039567861435766544 -8.7125596093975284e-06
-0.0039550008495769272 -9.5367040878510256e-06
-0.0039530456519175101 -1.0360458931756695e-05
-0.0039509206369360101 -1.1183788753512268e-05
-0.003948625898230672 -1.2006658184258797e-05
-0.003946161536656439 -1.2829031875392869e-05
-0.0039435276603207083 -1.3650874500077987e-05
-0.0039407243845787704 -1.4472150754755015e-05
-0.0039377518320289403 -1.5292825360651649e-05
-0.0039346101325073799 -1.6112863065290846e-05
-0.0039312994230826046 -1.6932228643998134e-05
-0.003927819848049686 -1.7750886901407744e-05
-0.0039241715589241385 -1.8568802672967517e-05
-0.0039203547144355021 -1.9385940826442477e-05
-0.0039163694805206097 -2.020226626341707e-05
-0.0039122160303165518 -2.1017743920795939e-05
-0.0039078945441533269 -2.1832338772303216e-05
-0.0039034052095461864 -2.2646015829980247e-05
-0.0038987482211876711 -2.345874014568169e-05
-0.0038939237809393385 -2.4270476812569919e-05
-0.0038889320978231826 -2.5081190966607679e-05
-0.0038837733880127501 -2.5890847788048922e-05
-0.0038784478748239456 -2.6699412502927744e-05
-0.0038729557887055318 -2.7506850384545395e-05
-0.0038672973672293255 -2.8313126754955275e-05
-0.0038614728550800861 -2.9118206986445837e-05
-0.003855482504045099 -2.9922056503021377e-05
-0.0038493265730034569 -3.0724640781880599e-05
-0.0038430053279150337 -3.1525925354892938e-05
-0.0038365190418091564 -3.2325875810072543e-05
-0.0038298679947729752 -3.3124457793049844e-05
-0.0038230524739395269 -3.3921637008540727e-05
-0.0038160727734755009 -3.4717379221813124e-05
-0.0038089291945687001 -3.5511650260151063e-05
-0.0038016220454152021 -3.6304416014316051e-05
-0.00379415164120622 -3.7095642440005778e-05
-0.0037865183041146623 -3.7885295559310039e-05
-0.0037787223632813945 -3.8673341462163795e-05
-0.0037707641548012007 -3.9459746307797397e-05
-0.0037626440217084492 -4.0244476326183821e-05
-0.0037543623139624561 -4.1027497819482874e-05
-0.0037459193884325577 -4.1808777163482355e-05
-0.0037373156088828826 -4.2588280809036044e-05
-0.0037285513459568284 -4.3365975283498515e-05
-0.0037196269771612445 -4.4141827192156646e-05
-0.0037105428868503217 -4.4915803219657852e-05
-0.0037012994662091853 -4.568787013143488e-05
-0.0036918971132371961 -4.6457994775127207e-05
-0.0036823362327309613 -4.7226144081998887e-05
-0.0036726172362670515 -4.7992285068352845e-05
-0.0036627405421844291 -4.8756384836941542e-05
-0.0036527065755665835 -4.9518410578373935e-05
-0.0036425157682233797 -5.0278329572518719e-05
-0.0036321685586726193 -5.1036109189903718e-05
-0.0036216653921213112 -5.1791716893111416e-05
-0.0036110067204466554 -5.2545120238170575e-05
-0.0036001930021767438 -5.3296286875943844e-05
-0.003589224702470974 -5.404518455351131e-05
-0.0035781022931001775 -5.4791781115549972e-05
-0.0035668262524264668 -5.5536044505708999e-05
-0.0035553970653827982 -5.6277942767980799e-05
-0.003543815223452252 -5.7017444048067779e-05
-0.0035320812246470361 -5.7754516594744788e-05
-0.0035201955734872042 -5.8489128761217104e-05
-0.0035081587809790977 -5.9221249006474011e-05
-0.0034959713645935113 -5.9950845896637824e-05
-0.0034836338482435759 -6.0677888106308352e-05
-0.0034711467622623709 -6.140234441990272e-05
-0.0034585106433802589 -6.2124183732990495e-05
-0.0034457260347019454 -6.2843375053624057e-05
-0.0034327934856832653 -6.355988750366418e-05
-0.0034197135521076994 -6.4273690320100737e-05
-0.0034064867960626162 -6.4984752856368474e-05
-0.0033931137859152458 -6.5693044583657834e-05
-0.0033795950962883835 -6.6398535092220706e-05
-0.003365931308035826 -6.7101194092671141e-05
-0.003352123008217538 -6.7800991417280867e-05
-0.0033381707900745571 -6.8497897021269619e-05
-0.0033240752530036282 -6.9191880984090267e-05
-0.0033098370025315786 -6.9882913510708517e-05
-0.0032954566502894291 -7.0570964932877372e-05
-0.0032809348139862405 -7.125600571040609e-05
-0.0032662721173827027 -7.1938006432423687e-05
-0.0032514691902644634 -7.2616937818636927e-05
-0.003236526668415199 -7.3292770720582721e-05
-0.0032214451935894256 -7.3965476122874865e-05
-0.0032062254134850583 -7.4635025144445126e-05
-0.0031908679817157113 -7.5301389039778545e-05
-0.0031753735577827488 -7.596453920014297e-05
-0.0031597428070470777 -7.6624447154812747e-05
-0.0031439764007006954 -7.7281084572286478e-05
-0.0031280750157379835 -7.7934423261498837e-05
-0.003112039334926753 -7.8584435173026417e-05
-0.0030958700467790439 -7.9231092400287441e-05
-0.0030795678455216757 -7.987436718073543e-05
-0.0030631334310665566 -8.0514231897046699e-05
-0.0030465675089807447 -8.1150659078301626e-05
-0.0030298707904562695 -8.1783621401159654e-05
-0.0030130439922797124 -8.2413091691027978e-05
-0.0029960878368015444 -8.3039042923223937e-05
-0.0029790030519052293 -8.3661448224130891e-05
-0.002961790370976086 -8.4280280872347691e-05
-0.002944450532869917 -8.4895514299831651e-05
-0.0029269842818814024 -8.5507122093034907e-05
-0.002909392367712258 -8.6115077994034243e-05
-0.0028916755454391663 -8.6719355901654184e-05
-0.0028738345754814728 -8.7319929872583415e-05
-0.0028558702235686544 -8.7916774122484475e-05
-0.0028377832607075614 -8.850986302709658e-05
-0.002819574463149432 -8.9099171123331686e-05
-0.0028012446123566815 -8.9684673110363567e-05
-0.0027827944949694698 -9.0266343850710037e-05
-0.0027642249027720446 -9.0844158371308106e-05
-0.0027455366326588669 -9.1418091864582155e-05
-0.0027267304866005135 -9.1988119689505012e-05
-0.0027078072716093652 -9.2554217372651869e-05
-0.0026887677997050785 -9.3116360609247128e-05
-0.00266961288787984 -9.3674525264203888e-05
-0.0026503433580634104 -9.4228687373156312e-05
-0.0026309600370879559 -9.4778823143484573e-05
-0.0026114637566526685 -9.5324908955332548e-05
-0.0025918553532881779 -9.5866921362618057e-05
-0.0025721356683207574 -9.6404837094035657e-05
-0.002552305547836324 -9.6938633054052023e-05
-0.0025323658426442321 -9.7468286323893749e-05
-0.0025123174082408665 -9.7993774162527617e-05
-0.0024921611047730363 -9.8515074007633234e-05
-0.002471897797001165 -9.903216347656804e-05
-0.0024515283542622859 -9.9545020367324645e-05
-0.0024310536504328411 -0.00010005362265948039
-0.0024104745638912849 -0.00010055794851513915
-0.0023897919774804924 -0.00010105797627986537
-0.0023690067784699819 -0.00010155368448361021
-0.0023481198585179421 -0.00010204505184162979
-0.0023271321136330747 -0.00010253205725539552
-0.002306044444136247 -0.00010301467981349648
-0.0022848577546219647 -0.0001034928987925338
-0.0022635729539196544 -0.00010396669365800689
-0.0022421909550547725 -0.00010443604406519172
-0.0022207126752097268 -0.00010490092986001095
-0.0021991390356846255 -0.00010536133107989577
-0.0021774709618578459 -0.00010581722795463978
-0.0021557093831464287 -0.00010626860090724439
-0.002133855232966303 -0.00010671543055475614
-0.0021119094486923345 -0.00010715769770909558
-0.002089872971618206 -0.00010759538337787792
-0.0020677467469161323 -0.00010802846876522525
-0.0020455317235964035 -0.00010845693527257031
-0.0020232288544667688 -0.00010888076449945189
-0.0020008390960916545 -0.00010929993824430172
-0.0019783634087512238 -0.00010971443850522286
-0.0019558027564002723 -0.00011012424748075947
-0.0019331581066269693 -0.00011052934757065814
-0.0019104304306114457 -0.00011092972137662047
-0.0018876207030842211 -0.00011132535170304711
-0.0018647299022844851 -0.00011171622155777301
-0.0018417590099182261 -0.00011210231415279413
-0.0018187090111162082 -0.00011248361290498521
-0.0017955808943918049 -0.00011286010143680897
-0.0017723756515986885 -0.00011323176357701631
-0.0017490942778883717 -0.00011359858336133788
-0.0017257377716676124 -0.00011396054503316663
-0.0017023071345556773 -0.00011431763304423156
-0.0016788033713414658 -0.00011466983205526251
-0.0016552274899405001 -0.00011501712693664605
-0.0016315805013517816 -0.00011535950276907232
-0.0016078634196145124 -0.00011569694484417298
-0.0015840772617646908 -0.00011602943866514998
-0.0015602230477915731 -0.00011635696994739543
-0.0015363018005940111 -0.00011667952461910225
-0.0015123145459366668 -0.00011699708882186587
-0.0014882623124061025 -0.00011730964891127657
-0.0014641461313667462 -0.00011761719145750291
-0.001439967036916746 -0.00011791970324586578
-0.0014157260658436989 -0.00011821717127740332
-0.0013914242575802684 -0.00011850958276942666
-0.0013670626541596902 -0.00011879692515606624
-0.0013426423001711616 -0.00011907918608880904
-0.0013181642427151257 -0.00011935635343702636
-0.0012936295313584467 -0.00011962841528849236
-0.0012690392180894768 -0.00011989535994989318
-0.00124439435727302 -0.00012015717594732677
-0.0012196960056052005 -0.00012041385202679325
-0.0011949452220682193 -0.0001206653771546759
-0.0011701430678850242 -0.00012091174051821269
-0.0011452906064738761 -0.0001211529315259584
-0.0011203889034028221 -0.00012138893980823722
-0.0010954390263440818 -0.00012161975521758586
-0.0010704420450283378 -0.00012184536782918715
-0.0010453990311989373 -0.00012206576794129415
-0.0010203110585660132 -0.00012228094607564467
-0.00099517920276051357 -0.00012249089297786619
-0.00097000454128815341 -0.00012269559961787126
-0.00094478815348328598 -0.00012289505719024327
-0.00091953112046269485 -0.00012308925711461264
-0.0008942345250793056 -0.00012327819103602326
-0.00086889945187583039 -0.00012346185082528943
-0.00084352698703833359 -0.00012364022857934298
-0.00081811821834972898 -0.00012381331662157091
-0.00079267423514321105 -0.0001239811075021431
-0.00076719612825561733 -0.00012414359399833048
-0.00074168498998072462 -0.00012430076911481343
-0.00071614191402248313 -0.00012445262608398044
-0.00069056799544819642 -0.00012459915836621698
-0.0006649643306416319 -0.00012474035965018466
-0.00063933201725608463 -0.00012487622385309066
-0.0006136721541673821 -0.00012500674512094727
-0.00058798584142683518 -0.00012513191782882166
-0.0005622741802141397 -0.00012525173658107592
-0.00053653827279023466 -0.0001253661962115972
-0.00051077922245010429 -0.00012547529178401806
-0.00048499813347554593 -0.00012557901859192697
-0.00045919611108788584 -0.00012567737215906901
-0.0004333742614006638 -0.00012577034823953656
-0.00040753369137227049 -0.00012585794281795039
-0.00038167550875855768 -0.00012594015210963069
-0.00035580082206540411 -0.0001260169725607582
-0.00032991074050126034 -0.00012608840084852557
-0.00030400637392965254 -0.00012615443388127879
-0.00027808883282166424 -0.00012621506879864871
-0.0002521592282083923 -0.00012627030297167267
-0.00022621867163337772 -0.00012632013400290618
-0.00020026827510500966 -0.00012636455972652477
-0.00017430915104891886 -0.0001264035782084158
-0.00014834241226034401 -0.00012643718774626051
-0.00012236917185648563 -0.00012646538686960601
-9.6390543228849643e-05 -0.00012648817433992741
-7.0407639995575258e-05 -0.00012650554915067996
-4.4421575953750798e-05 -0.00012651751052734136
-1.8433465031725033e-05 -0.00012652405792744402
7.5555787585841295e-06 -0.00012652519104059748
3.3544441369393564e-05 -0.00012652090978850083
5.9532008764750473e-05 -0.00012651121432494518
8.5517166968233579e-05 -0.00012649610503580634
0.00011149880211065228 -0.0001264755825390273
0.00013747580047773924 -0.00012644964768459101
0.00016344704855783697 -0.00012641830155448315
0.0001894114330895736 -0.00012638154546264487
0.00021536784110953014 -0.0001263393809549158
0.00024131515999989929 -0.0001262918098089669
0.00026725227753611989 -0.00012623883403422355
0.00029317808193450422 -0.00012618045587177871
0.00031909146189984246 -0.00012611667779429596
0.00034499130667298307 -0.00012604750250590294
0.00037087650607839416 -0.00012597293294207469
0.00039674595057170219 -0.00012589297226950696
0.00042259853128720016 -0.00012580762388597998
0.00044843314008532434 -0.00012571689142021201
0.00047424866960010814 -0.0001256207787317031
0.00050004401328659377 -0.00012551928991056906
0.00052581806546821402 -0.00012541242927736543
0.00055156972138413799 -0.00012530020138290163
0.00057729787723657651 -0.00012518261100804532
0.00060300143023804043 -0.00012505966316351671
0.00062867927865856729 -0.00012493136308967332
0.00065433032187289092 -0.00012479771625628462
0.00067995346040757455 -0.00012465872836229708
0.00070554759598808424 -0.0001245144053355892
0.00073111163158582173 -0.00012436475333271692
0.00075664447146509299 -0.0001242097787386491
0.00078214502123003296 -0.00012404948816649336
0.0008076121878714612 -0.00012388388845721194
0.00083304487981368872 -0.00012371298667932808
0.0008584420069612591 -0.00012353679012862235
0.00088380248074562239 -0.00012335530632781954
0.00090912521417174804 -0.00012316854302626566
0.00093440912186467501 -0.00012297650819959521
0.0009596531201159804 -0.00012277921004938888
0.00098485612693018933 -0.00012257665700282156
0.0010100170620711056 -0.0001223688577123006
0.0010351348471080652 -0.00012215582105509445
0.0010602084054621135 -0.00012193755613295172
0.0010852366624521095 -0.00012171407227171066
0.0011102185453407435 -0.00012148537902089891
0.0011351529833804668 -0.00012125148615332378
0.0011600389078593486 -0.00012101240366465297
0.001184875252146834 -0.00012076814177298566
0.0012096609517394173 -0.00012051871091841419
0.0012343949443062287 -0.0001202641217625761
0.0012590761697345238 -0.00012000438518819685
0.0012837035701750729 -0.00011973951229862293
0.0013082760900874661 -0.00011946951441734558
0.0013327926762853057 -0.00011919440308751509
0.0013572522779813113 -0.00011891419007144565
0.0013816538468323088 -0.0001186288873501109
0.0014059963369841277 -0.00011833850712263003
0.0014302787051163799 -0.00011804306180574456
0.001454499910487142 -0.00011774256403328586
0.001478658914977514 -0.00011743702665563329
0.0015027546831360785 -0.00011712646273916313
0.00152678618222324 -0.00011681088556568819
0.0015507523822554433 -0.00011649030863188833
0.0015746522560492805 -0.0001161647456487316
0.0015984847792654808 -0.00011583421054088631
0.0016222489304527671 -0.00011549871744612399
0.0016459436910916017 -0.00011515828071471312
0.0016695680456378001 -0.00011481291490880381
0.0016931209815660131 -0.00011446263480180341
0.001716601489413092 -0.00011410745537774309
0.0017400085628213081 -0.00011374739183063534
0.0017633411985814537 -0.00011338245956382255
0.0017865983966757937 -0.00011301267418931659
0.001809779160320896 -0.00011263805152712943
0.0018328824960103071 -0.00011225860760459493
0.0018559074135571043 -0.00011187435865568166
0.0018788529261362888 -0.00011148532112029693
0.0019017180503270498 -0.000111091511643582
0.0019245018061548754 -0.00011069294707519847
0.0019472032171335134 -0.00011028964446860594
0.0019698213103067873 -0.00010988162108033091
0.0019923551162902642 -0.00010946889436922705
0.0020148036693127596 -0.00010905148199572673
0.0020371660072576983 -0.00010862940182108398
0.0020594411717043148 -0.00010820267190660877
0.0020816282079686894 -0.00010777131051289283
0.0021037261651446326 -0.00010733533609902687
0.0021257340961444056 -0.00010689476732180927
0.0021476510577392786 -0.00010644962303494638
0.0021694761105999147 -0.00010599992228824439
0.0021912083193366028 -0.00010554568432679267
0.0022128467525393061 -0.00010508692859013892
0.0022343904828175474 -0.00010462367471145591
0.0022558385868401273 -0.00010415594251669991
0.0022771901453746603 -0.00010368375202376087
0.0022984442433269347 -0.00010320712344160445
0.0023195999697801064 -0.0001027260771694058
0.0023406564180336992 -0.0001022406337956752
0.0023616126856424334 -0.00010175081409737561
0.0023824678744548736 -0.00010125663903903213
0.0024032210906518897 -0.00010075812977183351
0.0024238714447849257 -0.00010025530763272551
0.0024444180518140963 -9.974819414349644e-05
0.0024648600311460789 -9.9236811009854756e-05
0.002485196506671828 -9.8721180120498722e-05
0.0025054266068040912 -9.8201323546178311e-05
0.0025255494645147294 -9.7677263538749261e-05
0.0025455642173718455 -9.7149022530219404e-05
0.0025654700075767208 -9.6616623131787256e-05
0.0025852659820005406 -9.6080088132872963e-05
0.0026049512922209322 -9.5539440500141566e-05
0.0026245250945582965 -9.4994703376518724e-05
0.0026439865501119322 -9.4445900080198912e-05
0.0026633348247959601 -9.3893054103646006e-05
0.0026825690893750457 -9.3336189112586528e-05
0.0027016885194999013 -9.2775328944995393e-05
0.0027206922957425921 -9.2210497610074307e-05
0.0027395796036316271 -9.1641719287222827e-05
0.0027583496336868298 -9.1069018325002152e-05
0.0027770015814540046 -9.0492419240091645e-05
0.0027955346475393886 -8.9911946716238173e-05
0.0028139480376438829 -8.9327625603198254e-05
0.0028322409625970604 -8.8739480915673162e-05
0.0028504126383909673 -8.8147537832236912e-05
0.0028684622862136908 -8.7551821694257262e-05
0.0028863891324827089 -8.695235800480972e-05
0.0029041924088780212 -8.6349172427584644e-05
0.0029218713523750492 -8.5742290785787451e-05
0.0029394252052773054 -8.5131739061032e-05
0.0029568532152488463 -8.4517543392227188e-05
0.0029741546353464826 -8.389973007445684e-05
0.0029913287240517705 -8.327832555785285e-05
0.003008374745302759 -8.2653356446461753e-05
0.0030252919685255148 -8.2024849497104645e-05
0.0030420796686654056 -8.1392831618230587e-05
0.0030587371262181459 -8.0757329868763557e-05
0.0030752636272606067 -8.0118371456942849e-05
0.0030916584634813919 -7.9475983739157226e-05
0.0031079209322111669 -7.8830194218772591e-05
0.0031240503364527447 -7.8181030544953437e-05
0.0031400459849109394 -7.7528520511478056e-05
0.0031559071920221624 -7.6872692055547531e-05
0.0031716332779837797 -7.6213573256588585e-05
0.0031872235687832266 -7.5551192335050361e-05
0.0032026773962268674 -7.4885577651195146e-05
0.0032179940979686059 -7.4216757703883112e-05
0.0032331730175382527 -7.3544761129351155e-05
0.0032482135043696309 -7.2869616699985752e-05
0.0032631149138284393 -7.2191353323090119e-05
0.0032778766072398512 -7.1510000039645504e-05
0.0032924979519158692 -7.0825586023066784e-05
0.0033069783211824104 -7.013814057795238e-05
0.003321317094406149 -6.9447693138828575e-05
0.0033355136570210843 -6.8754273268888244e-05
0.0033495674005548631 -6.8057910658724077e-05
0.0033634777226548345 -6.7358635125056403e-05
0.0033772440271138396 -6.6656476609455495e-05
0.0033908657238957414 -6.5951465177058663e-05
0.0034043422291606959 -6.524363101528195e-05
0.0034176729652901456 -6.4533004432526652e-05
0.0034308573609115583 -6.3819615856880636e-05
0.0034438948509228928 -6.3103495834814554e-05
0.0034567848765167924 -6.2384675029872918e-05
0.0034695268852045192 -6.1663184221360289e-05
0.0034821203308396053 -6.0939054303022359e-05
0.003494564673641246 -6.0212316281722274e-05
0.0035068593802174072 -5.9483001276112001e-05
0.0035190039235876644 -5.8751140515298975e-05
0.0035309977832057734 -5.801676533750799e-05
0.0035428404449819578 -5.7279907188738435e-05
0.0035545314013049169 -5.6540597621416889e-05
0.0035660701510635681 -5.5798868293045174e-05
0.0035774561996685032 -5.5054750964843917e-05
0.0035886890590731578 -5.4308277500391659e-05
0.0035997682477947185 -5.3559479864259589e-05
0.003610693290934738 -5.2808390120641941e-05
0.0036214637201994627 -5.2055040431982132e-05
0.0036320790739198922 -5.1299463057594701e-05
0.0036425388970715462 -5.0541690352283093e-05
0.0036528427412939385 -4.978175476495336e-05
0.0036629901649097856 -4.9019688837223806e-05
0.0036729807329439158 -4.8255525202030715e-05
0.003682814017141889 -4.7489296582230114e-05
0.0036924895959883383 -4.6721035789195719e-05
0.003702007054725019 -4.5950775721413081e-05
0.0037113659853685583 -4.5178549363070002e-05
0.0037205659867279336 -4.4404389782643286e-05
0.0037296066644216474 -4.3628330131481874e-05
0.0037384876308946095 -4.2850403642386433e-05
0.0037472085054347346 -4.2070643628185459e-05
0.0037557689141892426 -4.1289083480307964e-05
0.0037641684901806608 -4.0505756667352764e-05
0.0037724068733225426 -3.9720696733654514e-05
0.0037804837104348783 -3.8933937297846449e-05
0.0037883986552592194 -3.8145512051419984e-05
0.0037961513684735028 -3.7355454757281159e-05
0.0038037415177065814 -3.6563799248304071e-05
0.0038111687775524475 -3.5770579425881256e-05
0.0038184328295841701 -3.4975829258471193e-05
0.0038255333623675282 -3.4179582780142896e-05
0.0038324700714743357 -3.33818740891177e-05
0.0038392426594954835 -3.2582737346308347e-05
0.0038458508360536699 -3.178220677385531e-05
0.0038522943178158284 -3.0980316653660573e-05
0.0038585728285052603 -3.0177101325918795e-05
0.0038646860989134651 -2.9372595187646011e-05
0.0038706338669116549 -2.8566832691205895e-05
0.0038764158774619861 -2.775984834283364e-05
0.003882031882628474 -2.6951676701157552e-05
0.0038874816415876033 -2.6142352375718378e-05
0.0038927649206386404 -2.5331910025486481e-05
0.0038978814932136394 -2.4520384357376871e-05
0.0039028311398871304 -2.3707810124762208e-05
0.0039076136483855222 -2.2894222125983807e-05
0.0039122288135961863 -2.2079655202860713e-05
0.0039166764375762305 -2.1264144239196919e-05
0.0039209563295609781 -2.0447724159286795e-05
0.0039250683059721299 -1.9630429926418766e-05
0.0039290121904256197 -1.8812296541377336e-05
0.0039327878137391638 -1.7993359040943507e-05
0.0039363950139395046 -1.7173652496393647e-05
0.0039398336362693361 -1.6353212011996894e-05
0.0039431035331939325 -1.5532072723511139e-05
0.0039462045644074592 -1.4710269796677662e-05
0.0039491365968389739 -1.3887838425714494e-05
0.0039518995046581226 -1.3064813831808548e-05
0.0039544931692805253 -1.2241231261606607e-05
0.0039569174793728451 -1.1417125985705215e-05
0.0039591723308575501 -1.059253329713955e-05
0.0039612576269173697 -9.7674885098713316e-06
0.0039631732779994346 -8.9420269572758316e-06
0.0039649192018191021 -8.1161839906280682e-06
0.0039664953233634797 -7.2899949775882173e-06
0.0039679015748946304 -6.4634953006863325e-06
0.0039691378959524643 -5.6367203558064279e-06
0.003970204233357328 -4.8097055506699928e-06
0.0039711005412122738 -3.9824863033189938e-06
0.0039718267809050163 -3.1550980405984442e-06
0.003972382921109587 -2.3275761966385909e-06
0.0039727689377876668 -1.4999562113367948e-06
0.0039729848141896052 -6.722735288391636e-07
0.0039730305408551382 1.5543640397799572e-07
0.003972906115613785 9.831381390268407e-07
0.003972611543584934 1.8107962285267058e-06
0.0039721468371776182 2.6383752265228037e-06
0.00397151201608998 3.4658396904048437e-06
0.003970707107308416 4.2931541824255085e-06
0.0039697321451064192 5.1202832712187191e-06
0.003968587171043105 5.9471915333176264e-06
0.003967272233961424 6.7738435546722634e-06
0.0039657873899860627 7.6002039321667918e-06
0.0039641327025210374 8.4262372751362797e-06
0.0039623082422469676 9.2519082068829461e-06
0.0039603140871180449 1.00771813661918e-05
0.0039581503223586889 1.0902021408845625e-05
0.0039558170404598884 1.1726393009139226e-05
0.0039533143411752359 1.2550260861392883e-05
0.0039506423315166499 1.3373589681464954e-05
0.0039478011257497803 1.4196344208263538e-05
0.003944790845389113 1.5018489205257171e-05
0.0039416116191927581 1.5839989461984449e-05
0.0039382635831569255 1.6660809795562539e-05
0.0039347468805100991 1.7480915052194521e-05
0.003931061661706892 1.8300270108675455e-05
0.0039272080844215971 1.911883987389717e-05
0.0039231863135414284 1.9936589290351651e-05
0.0039189965211594534 2.0753483335632991e-05
0.0039146388865672101 2.1569487023937851e-05
0.003910113596247029 2.2384565407564333e-05
0.0039054208438640352 2.3198683578409234e-05
0.0039005608302578477 2.4011806669463595e-05
0.0038955337634339715 2.4823899856306493e-05
0.0038903398585548839 2.5634928358596996e-05
0.0038849793379308077 2.6444857441564256e-05
0.003879452431010187 2.7253652417495609e-05
0.0038737593743698538 2.8061278647222695e-05
0.0038679004117048847 2.8867701541605478e-05
0.0038618757938181608 2.9672886563014127e-05
0.0038556857786096184 3.0476799226808684e-05
0.0038493306310651938 3.1279405102816475e-05
0.0038428106232454699 3.2080669816807167e-05
0.0038361260342740168 3.2880559051965444e-05
0.0038292771503254286 3.3679038550361221e-05
0.0038222642646130608 3.4476074114417315e-05
0.0038150876773764665 3.5271631608374558e-05
0.0038077476958685271 3.6065676959754246e-05
0.0038002446343422896 3.6858176160817872e-05
0.0037925788140374967 3.76490952700241e-05
0.0037847505631668239 3.8438400413482882e-05
0.0037767602169018121 3.9226057786406696e-05
0.0037686081173585106 4.0012033654558811e-05
0.0037602946135828108 4.0796294355698528e-05
0.0037518200615354945 4.1578806301023352e-05
0.0037431848240769804 4.2359535976607984e-05
0.0037343892709517717 4.3138449944840148e-05
0.0037254337787726182 4.3915514845853106e-05
0.0037163187310043765 4.4690697398954877e-05
0.0037070445179475781 4.546396440405404e-05
0.0036976115367217078 4.6235282743082088e-05
0.0036880201912481876 4.7004619381412281e-05
0.0036782708922330669 4.7771941369274911e-05
0.0036683640571494288 4.853721584316892e-05
0.0036583001102194999 4.9300410027269847e-05
0.0036480794823964746 5.0061491234834007e-05
0.0036377026113460493 5.082042686959885e-05
0.0036271699414276715 5.1577184427179445e-05
0.0036164819236754984 5.2331731496461024e-05
0.0036056390157790741 5.3084035760987543e-05
0.0035946416820637171 5.3834065000346163e-05
0.0035834903934706284 5.4581787091547657e-05
0.0035721856275367117 5.5327170010402587e-05
0.0035607278683741144 5.6070181832893296e-05
0.0035491176066494842 5.6810790736541586e-05
0.0035373553395629483 5.7548965001772045e-05
0.0035254415708268097 5.8284673013270981e-05
0.0035133768106439651 5.9017883261340852e-05
0.0035011615756860466 5.974856434325023e-05
0.0034887963890712858 6.0476684964579117e-05
0.0034762817803420986 6.1202213940559673e-05
0.0034636182854423997 6.1925120197412218e-05
0.0034508064466946394 6.2645372773676491e-05
0.0034378468127765683 6.3362940821538074e-05
0.0034247399386977302 6.4077793608149984e-05
0.0034114863857756836 6.4789900516949291e-05
0.0033980867216119519 6.5499231048968834e-05
0.0033845415200677064 6.6205754824143803e-05
0.0033708513612391794 6.6909441582613268e-05
0.003357016831432811 6.7610261186016606e-05
0.0033430385231401306 6.8308183618784617e-05
0.0033289170350123713 6.9003178989425498e-05
0.0033146529718348231 6.9695217531805411e-05
0.0033002469445009217 7.0384269606423716e-05
0.0032856995699860761 7.1070305701682781e-05
0.0032710114713212363 7.1753296435152293e-05
0.0032561832775661989 7.243321255482807e-05
0.0032412156237826596 7.3110024940385243e-05
0.0032261091510070034 7.3783704604425839e-05
0.0032108645062228418 7.4454222693720617e-05
0.0031954823423332949 7.5121550490445208e-05
0.0031799633181330191 7.5785659413410452e-05
0.003164308098279982 7.6446521019286803e-05
0.0031485173532669894 7.7104107003822943e-05
0.0031325917593929579 7.7758389203058355e-05
0.0031165319987339424 7.8409339594529907e-05
0.0031003387591139134 7.9056930298472395e-05
0.0030840127340752907 7.9701133579012937e-05
0.0030675546228492298 8.0341921845359239e-05
0.003050965130325667 8.0979267652981618e-05
0.0030342449670231189 8.1613143704788784e-05
0.0030173948490582448 8.2243522852297257e-05
0.0030004154981151656 8.2870378096794485e-05
0.0029833076414145471 8.3493682590495501e-05
0.0029660720116824429 8.4113409637693109e-05
0.0029487093471189064 8.4729532695901585e-05
0.0029312203913663634 8.5342025376993798e-05
0.0029136058934777541 8.5950861448331724e-05
0.0028958666078844428 8.655601483389029e-05
0.002878003294363897 8.7157459615374493e-05
0.0028600167180071389 8.7755170033329812e-05
0.0028419076491859679 8.8349120488245755e-05
0.0028236768635199546 8.8939285541652616e-05
0.0028053251418432173 8.9525639917211283e-05
0.0027868532701709665 9.0108158501796091e-05
0.0027682620396658328 9.0686816346570751e-05
0.0027495522466039739 9.126158866805719e-05
0.0027307246923409605 9.1832450849197288e-05
0.0027117801832774449 9.2399378440407532e-05
0.002692719530824617 9.2962347160626494e-05
0.002673543551369441 9.3521332898355042e-05
0.0026542530662396809 9.4076311712689323e-05
0.0026348489016687158 9.4627259834346449e-05
0.0026153318887601434 9.5174153666682793e-05
0.0025957028634521736 9.571696978670491e-05
0.0025759626664818196 9.6255684946073037e-05
0.002556112143348878 9.6790276072097068e-05
0.0025361521442797087 9.7320720268725044e-05
0.0025160835241908107 9.7846994817524051e-05
0.0024959071426521968 9.836907717865353e-05
0.0024756238638505706 9.8886944991830896e-05
0.0024552345565523048 9.9400576077289526e-05
0.0024347400940662217 9.9909948436728956e-05
0.0024141413542061812 0.00010041504025425733
0.0023934392192534767 0.00010091582989732605
0.0023726345759190379 0.00010141229591765652
0.0023517283153054415 0.00010190441705215906
0.0023307213328687404 0.00010239217222384387
0.0023096145283800994 0.00010287554054272396
0.0022884088058872506 0.00010335450130671015
0.0022671050736757653 0.00010382903400249796
0.0022457042442301412 0.00010429911830644649
0.0022242072341947124 0.00010476473408544909
0.0022026149643343822 0.00010522586139779586
0.0021809283594951758 0.00010568248049402811
0.0021591483485646195 0.00010613457181778434
0.0021372758644319532 0.00010658211600663815
0.0021153118439481587 0.00010702509389292775
0.002093257227885829 0.00010746348650457713
0.0020711129608988669 0.00010789727506590887
0.0020488799914820141 0.00010832644099844854
0.0020265592719302195 0.00010875096592172065
0.0020041517582978434 0.00010917083165403607
0.0019816584103577012 0.00010958602021327102
0.0019590801915599461 0.00010999651381763744
0.0019364180689907975 0.0001104022948864448
0.0019136730133311093 0.00011080334604085334
0.0018908459988147869 0.00011119965010461854
0.0018679380031870548 0.00011159119010482706
0.0018449500076625669 0.00011197794927262389
0.0018218829968833724 0.00011235991104393075
0.0017987379588767392 0.00011273705906015576
0.0017755158850128222 0.00011310937716889425
0.0017522177699621951 0.00011347684942462082
0.0017288446116532417 0.00011383946008937242
0.0017053974112294036 0.0001141971936334227
0.0016818771730062907 0.00011455003473594725
0.0016582849044286629 0.00011489796828568007
0.0016346216160272663 0.00011524097938156089
0.0016108883213755442 0.00011557905333337369
0.00158708603704622 0.00011591217566237596
0.0015632157825677439 0.00011624033210191908
0.0015392785803806182 0.00011656350859805954
0.0015152754557936016 0.00011688169131016102
0.0014912074369397806 0.00011719486661148741
0.0014670755547325264 0.0001175030210897866
0.0014428808428213341 0.00011780614154786513
0.0014186243375475401 0.00011810421500415355
0.0013943070778999265 0.00011839722869326266
0.0013699301054702134 0.00011868517006653039
0.0013454944644084386 0.00011896802679255941
0.0013210012013782242 0.00011924578675774553
0.0012964513655119433 0.00011951843806679659
0.001271846008365773 0.00011978596904324218
0.001247186183874647 0.00012004836822993389
0.0012224729483071102 0.00012030562438953616
0.0011977073602200642 0.00012055772650500774
0.0011728904804134237 0.00012080466378007373
0.0011480233718846738 0.00012104642563968812
0.0011231070997833293 0.00012128300173048687
0.0010981427313653063 0.00012151438192123153
0.0010731313359472045 0.00012174055630324324
0.0010480739848604968 0.00012196151519082737
0.0010229717514056336 0.00012217724912168843
0.00099782571080607018 0.00012238774885733547
0.00097263694016219932 0.000122593005383478
0.00094740651840521115 0.00012279300991041212
0.00092213552625087646 0.00012298775387339713
0.00089682504615324699 0.00012317722893302255
0.00087147616225828357 0.00012336142697556542
0.00084608996035741995 0.00012354034011333788
0.00082066752784104168 0.00012371396068502522
0.00079520995365190512 0.00012388228125601407
0.00076971832823849321 0.000124045294618711
0.00074419374350829755 0.0001242029937928513
0.0007186372927810423 0.00012435537202579812
0.00069305007074185558 0.00012450242279283175
0.00066743317339436618 0.00012464413979742926
0.00064178769801375552 0.00012478051697153427
0.00061611474309975379 0.00012491154847581694
0.00059041540832957973 0.00012503722869992417
0.00056469079451083187 0.00012515755226272005
0.00053894200353433552 0.00012527251401251642
0.00051317013832693451 0.00012538210902729362
0.00048737630280424682 0.00012548633261491145
0.00046156160182337535 0.00012558518031331015
0.00043572714113557459 0.0001256786478907017
0.00040987402733888264 0.00012576673134575113
0.00038400336783071939 0.00012584942690774796
0.00035811627076044473 0.00012592673103676788
0.00033221384498188512 0.00012599864042382437
0.00030629720000584096 0.00012606515199101059
0.00028036744595254736 0.00012612626289163127
0.00025442569350412166 0.00012618197051032467
0.00022847305385698699 0.00012623227246317479
0.00020251063867426645 0.00012627716659781345
0.00017653956003816279 0.00012631665099351267
0.00015056093040231617 0.00012635072396126689
0.00012457586254415693 0.00012637938404386548
9.8585469517227539e-05 0.00012640263001595522
7.2590864603503018e-05 0.0001264204608840928
4.6593161265704105e-05 0.0001264328758867875
2.0593473099594108e-05 0.00012643987449453389
-5.4070862137266799e-06 0.00012644145640983449
-3.1407402955520642e-05 0.00012643762156721271
-5.7406363417131172e-05 0.00012642837013321554
-8.3402853947690201e-05 0.0001264137025064067
-0.00010939576100182113 0.00012639361931734945
-0.00013538397118734519 0.00012636812142857975
-0.00016136637131297822 0.00012633720993456929
-0.00018734184843600889 0.00012630088616167877
-0.00021330928990998498 0.00012625915166810105
-0.0002392675834323742 0.00012621200824379457
-0.00026521561709220954 0.0001261594579104066
-0.00029115227941772575 0.00012610150292118681
-0.0003170764594239724 0.0001260381457608908
-0.00034298704666040211 0.00012596938914567367
-0.00036888293125844591 0.00012589523602297379
-0.00039476300397905365 0.00012581568957138655
-0.00042062615626021148 0.00012573075320052829
-0.00044647128026443377 0.00012564043055089032
-0.00047229726892622075 0.00012554472549368295
-0.00049810301599947774 0.00012544364213066986
-0.00052388741610490998 0.00012533718479399231
-0.0005496493647773762 0.00012522535804598373
-0.00057538775851319205 0.0001251081666789743
-0.00060110149481741235 0.0001249856157150857
-0.00062678947225105705 0.00012485771040601608
-0.00065245059047829099 0.00012472445623281511
-0.00067808375031356443 0.0001245858589056493
-0.00070368785376870107 0.00012444192436355739
-0.00072926180409992438 0.00012429265877419608
-0.00075480450585485039 0.0001241380685335758
-0.00078031486491941197 0.00012397816026578682
-0.00080579178856472397 0.00012381294082271555
-0.0008312341854938987 0.0001236424172837511
-0.0008566409658887958 0.00012346659695548206
-0.00088201104145669868 0.00012328548737138356
-0.00090734332547694435 0.00012309909629149463
-0.0009326367328474749 0.00012290743170208584
-0.00095789018013131555 0.00012271050181531721
-0.00098310258560299255 0.00012250831506888655
-0.0010082728692948715 0.00012230088012566803
-0.0010333999530434178 0.00012208820587334112
-0.0010584827605353828 0.00012187030142401
-0.0010835202173539165 0.0001216471761138132
-0.0011085112510245854 0.00012141883950252377
-0.0011334547910613216 0.00012118530137313982
-0.0011583497690122791 0.00012094657173146549
-0.0011831951185055996 0.00012070266080568237
-0.0012079897752950981 0.00012045357904591147
-0.0012327326773058551 0.00012019933712376554
-0.0012574227646797032 0.00011993994593189205
-0.0012820589798206404 0.0001196754165835066
-0.0013066402674401319 0.00011940576041191695
-0.0013311655746023124 0.00011913098897003753
-0.0013556338507690969 0.00011885111402989468
-0.0013800440478451844 0.00011856614758212236
-0.0014043951202229465 0.00011827610183544859
-0.0014286860248272294 0.00011798098921617254
-0.0014529157211600348 0.0001176808223676322
-0.0014770831713450873 0.00011737561414966292
-0.0015011873401723009 0.00011706537763804653
-0.0015252271951421256 0.00011675012612395128
-0.0015492017065097685 0.00011642987311336254
-0.0015731098473293151 0.00011610463232650431
-0.0015969505934977208 0.0001157744176972515
-0.0016207229237986747 0.00011543924337253312
-0.0016444258199463529 0.00011509912371172635
-0.0016680582666290388 0.00011475407328604141
-0.001691619251552613 0.00011440410687789749
-0.0017151077654839195 0.00011404923948028953
-0.0017385228022940027 0.000113689486296146
-0.0017618633590012007 0.00011332486273767775
-0.0017851284358141178 0.00011295538442571783
-0.0018083170361744517 0.00011258106718905235
-0.0018314281667996791 0.00011220192706374254
-0.0018544608377256129 0.00011181798029243782
-0.0018774140623488049 0.00011142924332368007
-0.0019002868574688101 0.00011103573281119908
-0.0019230782433303074 0.00011063746561319916
-0.0019457872436650712 0.00011023445879163714
-0.0019684128857337863 0.00010982672961149142
-0.0019909542003677238 0.00010941429554002251
-0.0020134102220102602 0.00010899717424602481
-0.0020357799887582287 0.00010857538359906975
-0.0020580625424031353 0.00010814894166874044
-0.0020802569284722053 0.0001077178667238576
-0.0021023621962692656 0.00010728217723169703
-0.0021243773989154746 0.00010684189185719862
-0.0021463015933898873 0.00010639702946216681
-0.0021681338405698412 0.00010594760910446268
-0.0021898732052711969 0.00010549365003718757
-0.0022115187562883973 0.00010503517170785845
-0.0022330695664343537 0.00010457219375757483
-0.0022545247125801693 0.00010410473602017748
-0.0022758832756946835 0.00010363281852139885
-0.002297144340883839 0.00010315646147800526
-0.0023183069974298726 0.00010267568529693093
-0.0023393703388303339 0.00010219051057440382
-0.0023603334628369116 0.00010170095809506348
-0.0023811954714940881 0.00010120704883107067
