0.0
-6.1729532334408655e-05
-0.00023521061720049261
-0.00049918486336142864
-0.0008363097173176336
-0.0012324368464520176
-0.0016760235048797396
-0.0021576523754001519
-0.0026696398971264215
-0.0032057167722861516
-0.0037607673507166518
-0.0043306170418294923
-0.0049118589033431328
-0.0055017121871262179
-0.0060979069529625406
-0.0066985899463321858
-0.0073022478215876785
-0.0079076445140428032
-0.0085137701535533215
-0.0091197993926748107
-0.0097250574144393722
-0.010328992204518503
-0.010931151933344164
-0.011531166506502552
-0.012128732515253539
-0.012723600960585365
-0.013315567239684575
-0.013904462977893682
-0.014490149366060943
-0.015072511725861501
-0.015651455076793112
-0.016226900520252354
-0.016798782290116464
-0.017367045347001894
-0.017931643416007854
-0.018492537386217561
-0.019049694005289004
-0.019603084814753084
-0.020152685281661472
-0.020698474090397757
-0.021240432565133947
-0.021778544198858708
-0.022312794269334257
-0.02284316952595996
-0.023369657934479156
-0.023892248468863939
-0.024410930941684759
-0.024925695865871136
-0.025436534342078505
-0.025943437966938283
-0.026446398758346073
-0.026945409094642801
-0.027440461665129093
-0.027931549429825776
-0.028418665586768907
-0.028901803545457325
-0.029380956905312304
-0.029856119438226809
-0.030327285074448596
-0.030794447891184597
-0.031257602103416979
-0.031716742056530627
-0.032171862220411497
-0.032622957184746081
-0.033070021655296759
-0.033513050450974587
-0.033952038501562892
-0.034386980845964844
-0.034817872630882554
-0.035244709109845819
-0.035667485642522437
-0.036086197694259643
-0.036500840835813245
-0.036911410743225112
-0.037317903197824145
-0.03772031408632813
-0.038118639401016348
-0.038512875239975951
-0.038903017807391214
-0.039289063413873809
-0.039671008476830388
-0.040048849520841118
-0.040422583178075108
-0.040792206188703231
-0.041157715401329224
-0.041519107773429174
-0.041876380371790874
-0.042229530372956729
-0.042578555063672301
-0.042923451841326045
-0.043264218214394183
-0.043600851802881896
-0.043933350338755998
-0.044261711666381799
-0.044585933742947448
-0.044906014638889005
-0.045221952538310697
-0.045533745739388766
-0.045841392654790376
-0.046144891812067199
-0.046444241854047955
-0.046739441539231513
-0.047030489742169834
-0.04731738545384067
-0.047600127782015077
-0.047878715951626842
-0.048153149305124668
-0.048423427302822231
-0.048689549523239235
-0.048951515663441234
-0.049209325539370491
-0.049462979086160916
-0.049712476358467671
-0.049957817530759355
-0.050199002897638414
-0.050436032874126423
-0.050668907995955456
-0.050897628919844652
-0.051122196423797929
-0.0513426114073392
-0.05155887489180172
-0.051770988020573921
-0.051978952059344906
-0.052182768396342297
-0.052382438542592724
-0.052577964132105325
-0.052769346922136452
-0.052956588793373588
-0.053139691750168042
-0.053318657920705649
-0.05349348955722303
-0.053664189036196443
-0.053830758858504683
-0.053993201649614672
-0.054151520159743595
-0.05430571726401498
-0.054455795962627132
-0.054601759380978804
-0.054743610769818318
-0.054881353505381557
-0.055014991089506741
-0.055144527149754409
-0.055269965439529646
-0.055391309838167049
-0.05550856435105099
-0.055621733109704134
-0.055730820371849496
-0.055835830521520372
-0.055936768069088851
-0.05603363765139048
-0.056126444031729734
-0.056215192099948935
-0.056299886872463706
-0.056380533492332824
-0.056457137229222472
-0.056529703479534135
-0.056598237766282276
-0.056662745739235187
-0.056723233174861061
-0.056779705976294267
-0.056832170173373914
-0.056880631922622348
-0.056925097507196536
-0.056965573336886628
-0.057002065948052336
-0.057034582003561513
-0.057063128292839944
-0.057087711731716541
-0.057108339362301468
-0.057125018353108785
-0.057137755998873059
-0.057146559720374628
-0.057151437064563076
-0.057152395703869222
-0.057149443437762154
-0.057142588190076449
-0.057131838010850519
-0.057117201075750926
-0.057098685685575197
-0.057076300266438042
-0.05705005336959617
-0.057019953671149759
-0.056986009971981361
-0.056948231197669903
-0.056906626398178679
-0.056861204747773474
-0.056811975544785558
-0.056758948211483466
-0.05670213229381834
-0.056641537461274795
-0.056577173506616243
-0.056509050345704435
-0.056437178017247618
-0.056361566682635596
-0.056282226625647996
-0.056199168252203224
-0.056112402090187058
-0.056021938789118569
-0.055927789119964835
-0.055829963974806461
-0.055728474366633828
-0.055623331429020186
-0.055514546415853419
-0.055402130701060662
-0.05528609577830837
-0.055166453260673008
-0.055043214880379963
-0.054916392488446007
-0.054785998054387337
-0.054652043665893615
-0.054514541528462621
-0.054373503965113985
-0.054228943416001263
-0.054080872438083662
-0.053929303704765674
-0.053774250005535901
-0.053615724245591245
-0.053453739445473013
-0.053288308740687948
-0.053119445381308923
-0.052947162731605164
-0.052771474269616793
-0.052592393586785316
-0.052409934387511008
-0.052224110488764824
-0.052034935819650574
-0.051842424420992093
-0.051646590444887466
-0.051447448154285244
-0.051245011922531995
-0.051039296232930867
-0.050830315678273112
-0.050618084960401766
-0.050402618889717803
-0.050183932384735515
-0.0499620404715879
-0.049736958283555191
-0.049508701060570121
-0.049277284148727112
-0.049042722999790046
-0.048805033170679947
-0.048564230322971753
-0.048320330222372455
-0.048073348738217531
-0.04782330184292332
-0.047570205611478913
-0.047314076220896187
-0.047054929949677436
-0.046792783177260475
-0.046527652383480368
-0.04625955414800411
-0.04598850514977218
-0.045714522166430557
-0.045437622073768821
-0.045157821845129419
-0.044875138550838641
-0.044589589357615728
-0.044301191527982502
-0.04400996241966719
-0.04371591948500398
-0.043419080270331631
-0.043119462415375481
-0.042817083652640357
-0.042511961806784709
-0.042204114794000228
-0.041893560621382608
-0.041580317386296479
-0.041264403275735204
-0.040945836565681785
-0.040624635620464929
-0.040300818892094491
-0.039974404919618095
-0.039645412328456038
-0.039313859829730756
-0.038979766219606603
-0.038643150378610568
-0.038304031270952742
-0.037962427943846841
-0.037618359526824068
-0.037271845231038971
-0.036922904348576036
-0.036571556251750147
-0.036217820392403843
-0.035861716301199699
-0.035503263586907099
-0.035142481935689134
-0.034779391110381093
-0.034414010949767961
-0.034046361367858068
-0.033676462353148626
-0.033304333967893576
-0.032929996347365174
-0.032553469699107142
-0.032174774302193371
-0.031793930506474333
-0.031410958731825034
-0.031025879467386899
-0.030638713270805779
-0.030249480767471082
-0.029858202649742
-0.029464899676182248
-0.029069592670779111
-0.0286723025221702
-0.028273050182857952
-0.027871856668426398
-0.027468743056751226
-0.027063730487211439
-0.026656840159889075
-0.02624809333477638
-0.025837511330971088
-0.025425115525873669
-0.025010927354379264
-0.024594968308067396
-0.024177259934388382
-0.023757823835847198
-0.02333668166918303
-0.022913855144548967
-0.022489366024684307
-0.022063236124089246
-0.02163548730819179
-0.021206141492516487
-0.020775220641846334
-0.020342746769385245
-0.019908741935916213
-0.019473228248957641
-0.019036227861915916
-0.018597762973237366
-0.0181578558255562
-0.017716528704841018
-0.017273803939537629
-0.01682970389971156
-0.016384250996186286
-0.015937467679680378
-0.015489376439941653
-0.015039999804880163
-0.014589360339697835
-0.014137480646016843
-0.013684383361005838
-0.013230091156503445
-0.012774626738141042
-0.012318012844462104
-0.011860272246041003
-0.011401427744598918
-0.01094150217211861
-0.010480518389956906
-0.010018499287956081
-0.0095554677835526444
-0.0090914468208852049
-0.0086264593699006183
-0.0081605284254580752
-0.0076936770064322388
-0.00722592815481454
-0.0067573049348130408
-0.0062878304319511419
-0.0058175277521644855
-0.0053464200208968686
-0.0048745303821948437
-0.0044018819978008028
-0.0039284980462451838
-0.0034544017219372393
-0.0029796162342548929
-0.0025041648066333527
-0.0020280706756527454
-0.0015513570901247596
-0.0010740473101783032
-0.00059616460634424081
-0.00011773225863927154
0.00036122644435104524
0.00084068820639005123
0.0013206297245085122
0.0018010276899238511
0.0022818587889600313
0.0027630997039681062
0.0032447271142473097
0.0037267176969667517
0.0042090481280875483
0.0046916950832854593
0.0051746352388739461
0.0056578452727275652
0.0061413018652057769
0.006624981700076916
0.0071088614654426568
0.0075929178546623047
0.0080771275672777143
0.0085614673099379812
0.0090459137973243654
0.0095304437530752094
0.010015033910710987
0.010499661014559184
0.010984301820678968
0.011468933097786139
0.011953531628177598
0.012438074208655642
0.012922537651451927
0.013406898785151675
0.013891134455616775
0.014375221526908868
0.014859136882212465
0.01534285742475674
0.015826360078737396
0.016309621790238055
0.016792619528150522
0.017275330285095144
0.017757731078340014
0.01823979895071947
0.018721510971552172
0.019202844237558438
0.019683775873775646
0.020164283034474983
0.02064434290407445
0.021123932698053752
0.021603029663866371
0.022081611081850614
0.02255965426614041
0.023037136565575728
0.023514035364608631
0.023990328084211955
0.024465992182784703
0.024941005157056419
0.025415344542989767
0.025888987916683273
0.026361912895272007
0.026834097137825107
0.027305518346244277
0.027776154266160293
0.028245982687825834
0.028714981447009878
0.029183128425888806
0.029650401553933618
0.030116778808801724
0.030582238217219362
0.031046757855867527
0.031510315852264457
0.031972890385645943
0.032434459687842462
0.032895002044159745
0.033354495794248873
0.033812919332981854
0.034270251111320905
0.034726469637187923
0.035181553476329779
0.035635481253183471
0.036088231651735976
0.036539783416387722
0.03699011535280574
0.037439206328780138
0.037887035275079278
0.03833358118629468
0.038778823121695456
0.039222740206066996
0.039665311630557865
0.040106516653517374
0.040546334601336803
0.040984744869281255
0.041421726922320767
0.041857260295962692
0.042291324597078989
0.042723899504726368
0.04315496477097136
0.043584500221704348
0.044012485757460258
0.044438901354226658
0.044863727064255267
0.045286943016867982
0.045708529419258882
0.046128466557298291
0.04654673479632377
0.046963314581942611
0.047378186440813992
0.047791330981442753
0.048202728894961896
0.048612360955911545
0.049020208023019839
0.049426251039977054
0.049830471036202452
0.050232849127619633
0.050633366517412348
0.051032004496791065
0.051428744445745363
0.051823567833801897
0.052216456220772992
0.052607391257498325
0.05299635468659656
0.053383328343197145
0.053768294155673892
0.054151234146385868
0.054532130432395624
0.054910965226195388
0.055287720836432366
0.055662379668614238
0.056034924225837439
0.056405337109471203
0.056773601019889826
0.05713969875714945
0.057503613221696011
0.057865327415058045
0.058224824440528046
0.058582087503847705
0.058937099913893121
0.059289845083345817
0.059640306529358214
0.059988467874234314
0.060334312846082677
0.060677825279473352
0.061018989116097454
0.061357788405410174
0.061694207305286242
0.06202823008265046
0.062359841114114765
0.062689024886618594
0.063015765998046799
0.063340049157852171
0.063661859187682704
0.063981181021986425
0.064297999708625903
0.064612300409471884
0.064924068401016943
0.06523328907496305
0.06553994793880874
0.065844030616437718
0.066145522848700844
0.066444410493990871
0.06674067952880583
0.0670343160483306
0.067325306266983909
0.067613636518973522
0.067899293258863153
0.068182263062098111
0.068462532625565564
0.06874008876811423
0.069014918431094349
0.069287008678888984
0.069556346699417154
0.069822919804669883
0.070086715431199612
0.070347721140658001
0.070605924620242802
0.070861313683269839
0.071113876269574119
0.071363600446070583
0.071610474407191871
0.071854486475362078
0.072095625101495656
0.072333878865429593
0.072569236476386301
0.072801686773454388
0.073031218725989305
0.073257821434098744
0.0734814841290541
0.073702196173722673
0.07391994706300721
0.074134726424257835
0.074346524017675567
0.074555329736738535
0.074761133608599512
0.074963925794477596
0.075163696590061668
0.075360436425888216
0.075554135867718267
0.075744785616927268
0.075932376510870009
0.076116899523235873
0.076298345764407055
0.076476706481825904
0.07665197306032942
0.076824137022502209
0.076993190028988565
0.077159123878847283
0.077321930509869102
0.077481601998876395
0.077638130562068391
0.077791508555295069
0.077941728474382257
0.078088782955405417
0.078232664775010424
0.078373366850644458
0.078510882240891505
0.078645204145707942
0.078776325906694381
0.078904241007357018
0.079028943073342642
0.079150425872757973
0.079268683316306987
0.07938370945757714
0.079495498493318828
0.079604044763571191
0.07970934275192483
0.079811387085788874
0.079910172536470647
0.080005694019491133
0.080097946594768432
0.080186925466694717
0.080272625984479692
0.080355043642122467
0.080434174078861831
0.080510013078995454
0.080582556572393438
0.080651800634343268
0.08071774148588659
0.08078037549389544
0.080839699171177962
0.080895709176679237
0.080948402315498921
0.080997775539101979
0.081043825945348841
0.081086550778694255
0.081125947430125189
0.08116201343751589
0.081194746485332023
0.081224144405161097
0.08125020517521446
0.081272926921131514
0.081292307915214621
0.081308346577186025
0.081321041473967029
0.081330391319160159
0.081336394974652851
0.081339051448158756
0.081338359896250836
0.081334319621897092
0.081326930075511297
0.08131619085471059
0.081302101704661012
0.081284662517893194
0.081263873334075559
0.081239734340164807
0.081212245870492347
0.081181408406464831
0.081147222576606615
0.081109689156771095
0.081068809069745493
0.081024583385299345
0.080977013320259736
0.080926100238271778
0.080871845649758953
0.080814251211861365
0.080753318728397527
0.080689050149666472
0.080621447572373203
0.080550513239590046
0.080476249540567868
0.0803986590106502
0.080317744331080618
0.080233508329007192
0.080145953977204157
0.080055084393978612
0.079960902843066034
0.079863412733389996
0.079762617618907683
0.079658521198568047
0.079551127315934514
0.079440439959152551
0.079326463260703625
0.07920920149722889
0.079088659089312188
0.078964840601274899
0.078837750740986673
0.078707394359610508
0.07857377645141668
0.078436902153520421
0.078296776745652358
0.078153405649947327
0.078006794430625262
0.077856948793824238
0.077703874587261898
0.077547577800026246
0.077388064562265976
0.07722534114492316
0.077059413959453107
0.076890289557538738
0.076717974630766336
0.076542476010364305
0.076363800666853707
0.07618195570976545
0.075996948387307584
0.075808786086033544
0.075617476330524
0.075423026783033517
0.075225445243162964
0.075024739647500935
0.07482091806926694
0.074613988717952939
0.074403959938975195
0.074190840213255144
0.073974638156896352
0.073755362520764089
0.073533022190111041
0.073307626184174718
0.073079183655782504
0.072847703890941307
0.07261319630843531
0.072375670459379732
0.072135136026850524
0.071891602825387993
0.071645080800622318
0.071395580028795091
0.071143110716339122
0.070887683199404528
0.070629307943419053
0.070367995542622713
0.07010375671959107
0.069836602324775662
0.069566543336025133
0.069293590858081386
0.069017756122119994
0.06873905048523235
0.068457485429942302
0.068173072563692552
0.067885823618330288
0.067595750449607986
0.067302865036637696
0.067007179481400128
0.06670870600817487
0.066407456963031158
0.066103444813275375
0.06579668214691034
0.065487181672074679
0.065174956216496729
0.064860018726928162
0.06454238226856604
0.064222060024506866
0.063899065295146398
0.063573411497602733
0.063245112165143197
0.062914180946571363
0.062580631605647877
0.062244478020481012
0.061905734182923729
0.061564414197959258
0.061220532283085535
0.060874102767701728
0.060525140092472479
0.060173658808703068
0.059819673577709079
0.059463199170168804
0.059104250465481921
0.058742842451126015
0.058378990221997419
0.058012708979756272
0.057644014032161052
0.057272920792409227
0.05689944477845682
0.05652360161235194
0.056145407019547254
0.055764876828217701
0.055382026968579551
0.054996873472183405
0.05460943247122655
0.054219720197853018
0.053827752983436464
0.053433547257886127
0.053037119548921825
0.05263848648135154
0.052237664776366488
0.051834671250795876
0.051429522816388309
0.0510222364790743
0.050612829338225418
0.050201318585912098
0.049787721506161599
0.049372055474203862
0.04895433795572008
0.048534586506079842
0.048112818769585682
0.047689052478704308
0.047263305453298814
0.046835595599851343
0.046405940910695762
0.045974359463226602
0.045540869419125031
0.045105489023565558
0.044668236604424767
0.044229130571494288
0.043788189415670822
0.043345431708169846
0.042900876099706449
0.042454541319697676
0.04200644617544682
0.0415566095513294
0.041105050407976677
0.040651787781452432
0.040196840782429355
0.03974022859536467
0.039281970477663401
0.0388220857588535
0.038360593839740414
0.037897514191572446
0.037432866355197526
0.036966669940217287
0.036498944624139489
0.036029710151522995
0.035558986333129948
0.035086793045063597
0.034613150227910096
0.034138077885878533
0.033661596085931993
0.033183724956922914
0.032704484688720385
0.032223895531340384
0.031741977794066463
0.03125875184457487
0.030774238108052937
0.030288457066316839
0.029801429256925058
0.029313175272293095
0.02882371575880157
0.028333071415905634
0.027841262995238952
0.027348311299719291
0.026854237182647806
0.026359061546809785
0.025862805343571067
0.025365489571972311
0.024867135277824578
0.024367763552797125
0.023867395533509288
0.023366052400616441
0.02286375537789587
0.022360525731329836
0.021856384768188866
0.021351353836109761
0.020845454322176181
0.020338707651993877
0.019831135288767125
0.019322758732370781
0.018813599518424141
0.01830367921736015
0.01779301943349516
0.017281641804096651
0.016769567998449211
0.01625681971692022
0.015743418690022326
0.015229386677477481
0.014714745467276987
0.014199516874741898
0.013683722741582279
0.013167384934954467
0.012650525346518353
0.01213316589149278
0.011615328507710555
0.011097035154672226
0.010578307812598931
0.010059168481484802
0.0095396391801479217
0.0090197419452809745
0.0084994988305011013
0.0079789319053989432
0.0074580632545869947
0.0069369149767476105
0.0064155091836800866
0.0058938679993475636
0.0053720135589231319
0.0048499680078356996
0.0043277535008153832
0.0038053922009384828
0.0032829062786722449
0.0027603179109192293
0.0022376492800614549
0.0017149225730044352
0.0011921599802209319
0.00066938369479461806
0.00014661591146372554
-0.00037612117433542401
-0.00089880536742488536
-0.0014214144738414437
-0.0019439263017929506
-0.0024663186626145512
-0.0029885693717246623
-0.0035106562495808326
-0.0040325571226353229
-0.0045542498242904144
-0.0050757121958533479
-0.0055969220874909284
-0.0061178573591837322
-0.006638495881679897
-0.0071588155374482775
-0.007678794221631256
-0.0081984098429968236
-0.0087176403248901864
-0.0092364636061846341
-0.009754857642231711
-0.0102728004058108
-0.010790269888077514
-0.011307244099511889
-0.011823701070865396
-0.012339618854106688
-0.012854975523367269
-0.01336974917588548
-0.013883917932949508
-0.014397459940840062
-0.014910353371770704
-0.015422576424828392
-0.015934107326911796
-0.01644492433366913
-0.016955005730434059
-0.017464329833160926
-0.017972874989358314
-0.01848061957902105
-0.018987542015561465
-0.019493620746738299
-0.019998834255585525
-0.020503161061336692
-0.02100657972035197
-0.021509068827039932
-0.022010607014779689
-0.022511172956839885
-0.023010745367297736
-0.02350930300195489
-0.02400682465925123
-0.024503289181179368
-0.024998675454192848
-0.025492962410117399
-0.025986129027056225
-0.026478154330294688
-0.026969017393205272
-0.027458697338145502
-0.027947173337358154
-0.02843442461386704
-0.028920430442372344
-0.029405170150141331
-0.029888623117897434
-0.030370768780711866
-0.030851586628882034
-0.031331056208819708
-0.03180915712392994
-0.032285869035486255
-0.032761171663509621
-0.033235044787639272
-0.033707468248002366
-0.034178421946083157
-0.034647885845586396
-0.035115839973300825
-0.035582264419958112
-0.036047139341089232
-0.036510444957877829
-0.036972161558014499
-0.037432269496541257
-0.037890749196698346
-0.038347581150767036
-0.038802745920908675
-0.039256224140001829
-0.039707996512473122
-0.040158043815130606
-0.040606346897990329
-0.041052886685097628
-0.041497644175351532
-0.041940600443318939
-0.042381736640054554
-0.042821033993903426
-0.043258473811315291
-0.043694037477647538
-0.044127706457964939
-0.044559462297837589
-0.044989286624135164
-0.045417161145816717
-0.045843067654719544
-0.046266988026339606
-0.046688904220615154
-0.047108798282699961
-0.047526652343735702
-0.047942448621622488
-0.048356169421784362
-0.048767797137927914
-0.049177314252802001
-0.049584703338952006
-0.049989947059464433
-0.050393028168721869
-0.050793929513136833
-0.051192634031894682
-0.051589124757685206
-0.051983384817430131
-0.05237539743301968
-0.052765145922020314
-0.053152613698400797
-0.053537784273247131
-0.053920641255467437
-0.054301168352496119
-0.054679349371002675
-0.055055168217579602
-0.055428608899439229
-0.055799655525102632
-0.056168292305083113
-0.056534503552558915
-0.056898273684057546
-0.057259587220125842
-0.057618428785985269
-0.057974783112206385
-0.058328635035357179
-0.058679969498659529
-0.059028771552636396
-0.059375026355756109
-0.059718719175066513
-0.060059835386836354
-0.060398360477172265
-0.060734280042662639
-0.061067579790979085
-0.061398245541497247
-0.061726263225912868
-0.0620516188888404
-0.062374298688416291
-0.062694288896890368
-0.063011575901226455
-0.063326146203678949
-0.063637986422373366
-0.063947083291892942
-0.064253423663838738
-0.064556994507393606
-0.064857782909899325
-0.065155776077390148
-0.065450961335167757
-0.065743326128316473
-0.066032858022282093
-0.066319544703364736
-0.06660337397928269
-0.066884333779684654
-0.06716241215666241
-0.067437597285280315
-0.067709877464067245
-0.067979241115535022
-0.068245676786671761
-0.068509173149424965
-0.068769719001212662
-0.06902730326537615
-0.06928191499168522
-0.069533543356784189
-0.069782177664682948
-0.07002780734719645
-0.070270421964402974
-0.070510011205117532
-0.070746564887297539
-0.070980072958509319
-0.071210525496355662
-0.071437912708888621
-0.071662224935058028
-0.071883452645106011
-0.072101586440970519
-0.07231661705672876
-0.072528535358955204
-0.072737332347123387
-0.072942999154019986
-0.073145527046098127
-0.073344907423865527
-0.073541131822246947
-0.073734191910961241
-0.073924079494880862
-0.074110786514356625
-0.074294305045618445
-0.074474627301052532
-0.074651745629594188
-0.074825652517021474
-0.07499634058629151
-0.075163802597861235
-0.075328031450003538
-0.075489020179088984
-0.07564676195991539
-0.075801250105989662
-0.075952478069816892
-0.076100439443178292
-0.07624512795741667
-0.076386537483704497
-0.076524662033295485
-0.076659495757814722
-0.076791032949462323
-0.076919268041324526
-0.077044195607536795
-0.077165810363588855
-0.077284107166519969
-0.077399081015131085
-0.077510727050217457
-0.077619040554777058
-0.077724016954231076
-0.077825651816583075
-0.077923940852627729
-0.078018879916147518
-0.0781104650040991
-0.078198692256734759
-0.078283557957860767
-0.078365058534886928
-0.078443190559075157
-0.078517950745659065
-0.07858933595393737
-0.078657343187479467
-0.078721969594245364
-0.078783212466668251
-0.078841069241798928
-0.078895537501414884
-0.078946614972138507
-0.078994299525463552
-0.079038589178052246
-0.079079482091471046
-0.07911697657269505
-0.079151071073793267
-0.079181764192252257
-0.079209054670931534
-0.07923294139815458
-0.079253423407714421
-0.079270499879046413
-0.079284170136778631
-0.079294433651836166
-0.07930129004033093
-0.079304739063902022
-0.079304780630259017
-0.079301414792312702
-0.079294641749105166
-0.079284461845092274
-0.07927087557049585
-0.079253883560746322
-0.079233486597728053
-0.079209685607954841
-0.079182481664143614
-0.079151875984216483
-0.079117869931533399
-0.079080465014920817
-0.0790396628885493
-0.078995465351662741
-0.078947874348863356
-0.078896891969768887
-0.078842520448987527
-0.078784762166064268
-0.078723619645364312
-0.078659095555904751
-0.078591192711316191
-0.078519914069743929
-0.078445262733594229
-0.078367241949559421
-0.07828585510837241
-0.078201105744699156
-0.078112997536997339
-0.078021534307341114
-0.077926720021271489
-0.077828558787624902
-0.077727054858360248
-0.077622212628367132
-0.077514036635291314
-0.077402531559351048
-0.077287702223095861
-0.077169553591255699
-0.077048090770479791
-0.076923319009186392
-0.07679524369724354
-0.076663870365817718
-0.076529204687125804
-0.076391252474152141
-0.076250019680444175
-0.07610551239983715
-0.075957736866213377
-0.075806699453209961
-0.075652406673960504
-0.075494865180824988
-0.075334081765096844
-0.075170063356710212
-0.075002817023948051
-0.074832349973154313
-0.074658669548398976
-0.074481783231181653
-0.074301698640117708
-0.074118423530594543
-0.073931965794462512
-0.073742333459682438
-0.073549534689980087
-0.073353577784514221
-0.073154471177509395
-0.072952223437900143
-0.072746843268961178
-0.072538339507940516
-0.072326721125676896
-0.072111997226236041
-0.071894177046476951
-0.071673269955713534
-0.071449285455266326
-0.071222233178090358
-0.070992122888352119
-0.07075896448099267
-0.070522767981339593
-0.07028354354466311
-0.070041301455726915
-0.069796052128370589
-0.069547806105059756
-0.069296574056426766
-0.069042366780822553
-0.068785195203851346
-0.068525070377908198
-0.068262003481704039
-0.067996005819779784
-0.067727088822036
-0.067455264043242591
-0.067180543162534009
-0.066902937982920588
-0.066622460430781488
-0.066339122555352681
-0.066052936528210121
-0.065763914642756341
-0.06547206931368886
-0.065177413076471583
-0.064879958586796571
-0.064579718620046175
-0.06427670607074408
-0.063970933952009229
-0.063662415394984906
-0.06335116364829782
-0.063037192077478293
-0.062720514164387231
-0.062401143506647272
-0.062079093817057875
-0.06175437892300769
-0.061427012765882152
-0.061097009400472413
-0.060764382994370557
-0.060429147827359947
-0.060091318290813739
-0.059750908887068632
-0.059407934228812825
-0.059062409038460585
-0.058714348147512176
-0.058363766495935762
-0.058010679131514767
-0.057655101209205646
-0.057297047990500991
-0.056936534842761802
-0.056573577238570164
-0.056208190755060755
-0.05584039107326192
-0.055470193977415788
-0.055097615354308953
-0.054722671192593844
-0.054345377582099043
-0.05396575071314396
-0.053583806875848732
-0.053199562459433178
-0.052813033951514536
-0.052424237937406012
-0.05203319109940828
-0.051639910216089692
-0.051244412161570697
-0.050846713904804684
-0.050446832508852374
-0.050044785130139401
-0.049640589017741613
-0.049234261512634443
-0.048825820046951587
-0.048415282143241131
-0.048002665413717463
-0.047587987559504823
-0.047171266369878791
-0.046752519721510462
-0.046331765577692863
-0.045909021987582108
-0.045484307085416606
-0.045057639089744042
-0.044629036302645052
-0.04419851710894334
-0.043766099975424473
-0.043331803450042512
-0.04289564616112735
-0.042457646816586168
-0.042017824203105486
-0.04157619718534316
-0.041132784705125491
-0.040687605780631665
-0.040240679505584291
-0.039792025048429165
-0.039341661651514662
-0.038889608630272118
-0.038435885372384113
-0.037980511336956596
-0.037523506053687129
-0.037064889122026906
-0.036604680210344492
-0.036142899055080439
-0.035679565459904826
-0.035214699294870568
-0.034748320495559933
-0.034280449062232758
-0.033811105058971593
-0.033340308612819697
-0.032868079912922905
-0.032394439209662965
-0.031919406813792066
-0.031443003095562534
-0.030965248483855855
-0.030486163465306568
-0.030005768583427472
-0.029524084437728637
-0.02904113168283471
-0.028556931027604527
-0.028071503234239473
-0.027584869117399605
-0.027097049543308511
-0.0266080654288629
-0.026117937740735623
-0.025626687494479196
-0.025134335753625125
-0.024640903628782237
-0.024146412276734155
-0.023650882899532356
-0.023154336743589011
-0.022656795098767096
-0.022158279297469066
-0.021658810713724077
-0.021158410762272754
-0.020657100897649421
-0.020154902613265212
-0.019651837440486784
-0.019147926947714441
-0.018643192739459819
-0.018137656455419982
-0.017631339769551391
-0.017124264389141625
-0.016616452053880668
-0.016107924534929367
-0.015598703633988322
-0.015088811182363359
-0.014578269040032139
-0.014067099094706772
-0.013555323260898288
-0.013042963478977166
-0.012530041714234674
-0.012016579955942165
-0.011502600216409753
-0.010988124530043721
-0.010473174952403368
-0.009957773559256507
-0.0094419424456343003
-0.0089257037248855094
-0.0084090795277293497
-0.0078920920013082728
-0.0073747633082396199
-0.0068571156256666543
-0.0063391711443091213
-0.0058209520675131642
-0.0053024806103005671
-0.0047837789984177034
-0.0042648694673838739
-0.0037457742615392875
-0.0032265156330926288
-0.0027071158411682969
-0.0021875971508533527
-0.0016679818322442486
-0.0011482921594932604
-0.00062855040985475839
-0.00010877886273140903
0.00041100020127977704
0.00093076450134144031
0.0014504917573298407
0.0019701596907888588
0.0024897460258839154
0.003009228490355763
0.0035285848164741049
0.0040477927419910369
0.0045668300110942974
0.0050856743753601918
0.0056043035947062406
0.0061226954383434657
0.0066408276857282539
0.0071586781275137712
0.0076762245665009622
0.0081934448185890206
0.0087103167137252621
0.0092268180968543192
0.0097429268288670053
0.010258620787548096
0.010773877868523487
0.011288675986207175
0.011802993074746165
0.012316807088966037
0.012830096005314602
0.013342837822804685
0.013855010563956603
0.014366592275739026
0.014877561030509138
0.015387894926951248
0.015897572091014923
0.016406570676851497
0.016914868867749445
0.017422444877068826
0.017929276949173702
0.018435343360364235
0.01894062241980651
0.019445092470461767
0.019948731890012887
0.020451519091791773
0.020953432525701768
0.021454450679142166
0.021954552077928624
0.022453715287212173
0.022951918912398186
0.023449141600061889
0.023945362038862585
0.024440558960456368
0.024934711140407528
0.02542779739909589
0.025919796602625281
0.026410687663727835
0.026900449542666009
0.027389061248136386
0.027876501838164272
0.028362750421005056
0.028847786156035109
0.029331588254646535
0.029814135981135914
0.030295408653593217
0.030775385644787212
0.031254046383047025
0.031731370353147735
0.032207337097182459
0.032681926215443621
0.033155117367294262
0.033626890272038086
0.034097224709790902
0.034566100522344059
0.035033497614027499
0.035499395952572552
0.035963775569966751
0.036426616563312066
0.036887899095674019
0.037347603396933965
0.037805709764633363
0.038262198564819584
0.038717050232884007
0.039170245274403055
0.039621764265970374
0.040071587856029933
0.040519696765704459
0.040966071789620313
0.04141069379672984
0.041853543731133133
0.042294602612890482
0.042733851538836756
0.043171271683391507
0.043606844299364941
0.044040550718759404
0.044472372353568199
0.044902290696577515
0.045330287322147854
0.045756343887015924
0.046180442131070372
0.046602563878138686
0.04702269103676171
0.047440805600973135
0.047856889651068241
0.048270925354367784
0.048682894965990028
0.04909278082960121
0.049500565378179699
0.04990623113475947
0.050309760713188413
0.050711136818866069
0.051110342249485567
0.051507359895772875
0.051902172742215119
0.052294763867792485
0.052685116446701701
0.053073213749078828
0.053459039141710039
0.053842576088749226
0.054223808152424342
0.054602718993742964
0.05497929237318519
0.055353512151408692
0.055725362289933508
0.056094826851833285
0.056461890002409219
0.056826536009880239
0.057188749246046437
0.057548514186963447
0.057905815413606655
0.05826063761253035
0.058612965576523408
0.058962784205260535
0.059310078505953517
0.059654833593982194
0.059997034693545684
0.060336667138282479
0.06067371637190886
0.061008167948834555
0.061340007534788243
0.061669220907419581
0.061995793956926552
0.062319712686639467
0.062640963213636935
0.062959531769331001
0.063275404700058824
0.06358856846766979
0.06389900965010159
0.064206714941954762
0.064511671155067965
0.064813865219079059
0.065113284181981049
0.065409915210681846
0.065703745591556187
0.065994762730984174
0.066282954155884949
0.066568307514273825
0.066850810575758465
0.067130451232098223
0.06740721749768544
0.067681097510095906
0.067952079530563203
0.068220151944506979
0.068485303262017058
0.06874752211834545
0.069006797274397805
0.069263117617213321
0.069516472160441142
0.069766850044807247
0.070014240538588915
0.070258633038049981
0.070500017067934698
0.070738382281880313
0.070973718462865723
0.071206015523686716
0.071435263507320629
0.07166145258741749
0.071884573068679097
0.07210461538729486
0.072321570111341299
0.072535427941195899
0.072746179709915315
0.072953816383656597
0.073158329062035551
0.073359708978538232
0.073557947500857826
0.073753036131300867
0.073944966507133031
0.074133730400935335
0.07431931972096216
0.074501726511495017
0.074680942953165519
0.074856961363290009
0.075029774196243099
0.07519937404369946
0.075365753635032312
0.07552890583757231
0.075688823656946444
0.075845500237323907
0.075998928861800791
0.076149102952592293
0.07629601607136402
0.076439661919519605
0.076580034338418215
0.076717127309695626
0.076850934955495748
0.076981451538693846
0.077108671463211348
0.077232589274188801
0.077353199658251215
0.077470497443740835
0.077584477600903645
0.077695135242165064
0.077802465622259676
0.077906464138522438
0.078007126331007967
0.078104447882723679
0.078198424619818574
0.078289052511726978
0.078376327671374091
0.078460246355332344
0.078540804963979027
0.078618000041648067
0.078691828276787348
0.078762286502086901
0.07882937169462971
0.078893080976023752
0.078953411612463539
0.079010361014959771
0.079063926739376761
0.079114106486541713
0.079160898102318022
0.079204299577749757
0.079244309049153555
0.079280924798179372
0.079314145251843479
0.07934396898257022
0.079370394708450726
0.079393421293113303
0.079413047745737556
0.07942927322113677
0.079442097020091501
0.079451518588991188
0.079457537519797533
0.079460153550193133
0.079459366564710726
0.079455176591928023
0.079447583807513572
0.079436588532675281
0.079422191233979825
0.07940439252412694
0.079383193161530918
0.079358594050028541
0.079330596239459067
0.079299200925091518
0.079264409447665732
0.079226223293652615
0.079184644094757492
0.079139673628176824
0.079091313816357214
0.079039566726920002
0.078984434572657011
0.078925919711385115
0.078864024645808758
0.078798752023508528
0.078730104636658818
0.078658085422171176
0.078582697461295412
0.078503943979633034
0.078421828347010086
0.078336354077268217
0.078247524828142984
0.078155344401106053
0.078059816741212928
0.077960945936919934
0.07785873621988805
0.07775319196486094
0.07764431768940859
0.077532118053797047
0.07741659786074824
0.0772977620552317
0.077175615724279126
0.077050164096749169
0.076921412543105805
0.076789366575196125
0.076654031845992468
0.076515414149383662
0.076373519419892469
0.076228353732453208
0.076079923302105182
0.075928234483802357
0.075773293772042088
0.075615107800684714
0.075453683342603189
0.075289027309413545
0.075121146751184628
0.074950048856123302
0.074775740950287717
0.074598230497244164
0.074417525097769166
0.074233632489517615
0.074046560546693119
0.073856317279696562
0.07366291083481312
0.073466349493823774
0.0732666416736929
0.073063795926159691
0.072857820937424267
0.072648725527736088
0.072436518651032109
0.072221209394546321
0.072002806978427897
0.07178132075534488
0.07155676021007136
0.071329134959107046
0.07109845475023914
0.070864729462123535
0.070627969103897098
0.070388183814705352
0.070145383863303171
0.069899579647572346
0.06965078169413369
0.069399000657843948
0.069144247321369839
0.068886532594711877
0.068625867514742436
0.068362263244733559
0.068095731073876994
0.067826282416796488
0.067553928813068626
0.067278681926719111
0.067000553545729674
0.0667195555815248
0.066435700068471909
0.066148999163358063
0.065859465144870497
0.065567110413072491
0.065271947488874035
0.064973989013489442
0.064673247747897997
0.064369736572298025
0.064063468485562686
0.063754456604662182
0.063442714164130665
0.063128254515467927
0.062811091126600882
0.062491237581267768
0.062168707578477853
0.061843514931891698
0.061515673569245768
0.061185197531747705
0.060852100973489275
0.060516398160813022
0.060178103471734523
0.059837231395296994
0.059493796530969888
0.059147813588014048
0.058799297384852491
0.058448262848440957
0.058094725013621
0.057738699022482638
0.057380200123712144
0.057019243671929516
0.056655845127059547
0.056290020053631415
0.055921784120142246
0.055551153098368576
0.055178142862697996
0.054802769389449446
0.054425048756183668
0.05404499714102063
0.05366263082193954
0.053277966176091533
0.052891019679084161
0.052501807904288211
0.052110347522123346
0.051716655299340372
0.051320748098307528
0.050922642876285701
0.050522356684705297
0.05011990666842981
0.049715310065028141
0.049308584204028838
0.048899746506185358
0.048488814482723443
0.048075805734596508
0.047660737951724812
0.047243628912245025
0.046824496481741425
0.046403358612487691
0.045980233342673461
0.045555138795629606
0.045128093179059255
0.04469911478424831
0.044268221985290901
0.043835433238295148
0.043400767080598646
0.042964242129965087
0.042525877083801268
0.042085690718340084
0.04164370188784676
0.041199929523808639
0.040754392634121853
0.040307110302279972
0.039858101686556076
0.039407386019176725
0.038954982605507678
0.038500910823218985
0.038045190121459134
0.037587840020018103
0.037128880108496048
0.036668330045459517
0.036206209557601357
0.03574253843889557
0.035277336549750016
0.034810623816154226
0.034342420228826581
0.033872745842356722
0.033401620774349487
0.032929065204559196
0.03245509937402799
0.031979743584217457
0.031503018196139695
0.031024943629483683
0.030545540361742004
0.030064828927333913
0.029582829916722883
0.029099563975538749
0.028615051803688771
0.028129314154474762
0.027642371833701437
0.027154245698786519
0.026664956657866692
0.026174525668901726
0.025682973738777315
0.025190321922404266
0.0246965913218175
0.024201803085271787
0.02370597840633494
0.023209138522981031
0.022711304716680071
0.022212498311486344
0.021712740673125074
0.021212053208077151
0.020710457362661285
0.020207974622117032
0.019704626509682664
0.019200434585674105
0.018695420446560914
0.018189605724041172
0.017683012084115247
0.01717566122615706
0.01666757488198457
0.016158774814929482
0.01564928281890398
0.015139120717467879
0.014628310362893433
0.014116873635228953
0.013604832441362227
0.013092208714081205
0.012579024411135101
0.012065301514293334
0.01155106202840412
0.011036327980451663
0.010521121418612675
0.010005464411311808
0.0094893790462762251
0.008972887429589493
0.0084560116847445591
0.0079387739516960324
0.0074211963859116348
0.0069033011574233059
0.0063851104498772616
0.0058666464595838793
0.0053479313945666912
0.0048289874736110868
0.004309836925312535
0.0037905019871242881
0.0032710049044047907
0.0027513679294647307
0.0022316133206138444
0.0017117633412073062
0.0011918402586920712
0.00067186634365298218
0.00015186386885867429
-0.00036814489169247332
-0.00088813766372651819
-0.0014080921736482135
-0.0019279861494951136
-0.0024477973218916633
-0.0029675034250032342
-0.0034870821974898685
-0.0040065113834599382
-0.0045257687334235939
-0.0050448320052458332
-0.0055636789650993501
-0.0060822873884169796
-0.0066006350608437507
-0.0071186997791884725
-0.007636459352374992
-0.0081538916023926496
-0.0086709743652464491
-0.0091876854919065391
-0.0097040028492569892
-0.010219904321043872
-0.01073536780882289
-0.011250371232905705
-0.011764892533306048
-0.012278909670684696
-0.012792400627293483
-0.013305343407918543
-0.0138177160408227
-0.014329496578686254
-0.01484066309954777
-0.015351193707742633
-0.015861066534841355
-0.016370259740586261
-0.016878751513826947
-0.017386520073454915
-0.017893543669336421
-0.018399800583244232
-0.018905269129787915
-0.019409927657342993
-0.019913754548978604
-0.02041672822338296
-0.020918827135788014
-0.021420029778893034
-0.021920314683785084
-0.022419660420859001
-0.022918045600735917
-0.023415448875178876
-0.02391184893800697
-0.024407224526009498
-0.024901554419855639
-0.025394817445003451
-0.025886992472607784
-0.02637805842042441
-0.02686799425371417
-0.027356778986142624
-0.027844391680681306
-0.028330811450501713
-0.028816017459872743
-0.029299988925051194
-0.029782705115173985
-0.03026414535314411
-0.030744289016518857
-0.031223115538390803
-0.031700604408270418
-0.03217673517296403
-0.03265148743745043
-0.033124840865754034
-0.033596775181816502
-0.034067270170365406
-0.034536305677779218
-0.035003861612952269
-0.035469917948153268
-0.035934454719885711
-0.036397452029741602
-0.036858890045252848
-0.037318749000743945
-0.037777009198176364
-0.038233651007991198
-0.038688654869953751
-0.039142001293989169
-0.039593670861014708
-0.040043644223779692
-0.040491902107685329
-0.040938425311613763
-0.041383194708753457
-0.041826191247415101
-0.042267395951847309
-0.042706789923053344
-0.043144354339597193
-0.043580070458410322
-0.044013919615596336
-0.04444588322722768
-0.044875942790145069
-0.045304079882748621
-0.045730276165785205
-0.046154513383136676
-0.046576773362602047
-0.046997038016672051
-0.047415289343310817
-0.047831509426716663
