0.0
-0.061729532334408657
-0.23521061720049269
-0.49918486336142887
-0.83630971731763382
-1.2324368464520186
-1.6760235048797396
-2.1576523754001524
-2.669639897126423
-3.2057167722861517
-3.7607673507166552
-4.3306170418294965
-4.911858903343127
-5.5017121871262216
-6.0979069529625356
-6.6985899463321878
-7.3022478215876818
-7.9076445140428033
-8.5137701535533292
-9.1197993926748158
-9.7250574144393784
-10.328992204518523
-10.931151933344157
-11.531166506502524
-12.128732515253546
-12.723600960585372
-13.315567239684572
-13.904462977893683
-14.490149366060978
-15.07251172586156
-15.651455076793098
-16.226900520252361
-16.798782290116524
-17.367045347001884
-17.931643416007827
-18.492537386217624
-19.049694005289027
-19.603084814753093
-20.152685281661565
-20.698474090397685
-21.240432565133837
-21.778544198858768
-22.312794269334166
-22.843169525959862
-23.369657934479108
-23.892248468863919
-24.410930941684715
-24.925695865871237
-25.436534342078513
-25.94343796693834
-26.446398758346117
-26.94540909464266
-27.440461665129188
-27.931549429825804
-28.418665586768974
-28.90180354545743
-29.380956905312377
-29.856119438226742
-30.327285074448824
-30.794447891184635
-31.257602103416811
-31.716742056530432
-32.171862220411612
-32.622957184746255
-33.070021655296664
-33.513050450974603
-33.952038501562882
-34.386980845964743
-34.817872630882583
-35.244709109845857
-35.667485642522315
-36.08619769425961
-36.500840835813094
-36.911410743224835
-37.317903197824421
-37.720314086327988
-38.118639401016324
-38.512875239976033
-38.90301780739108
-39.289063413874324
-39.671008476830096
-40.048849520841351
-40.422583178075286
-40.79220618870297
-41.157715401329163
-41.519107773429262
-41.876380371790709
-42.229530372956972
-42.57855506367229
-42.923451841325878
-43.264218214394425
-43.600851802881941
-43.933350338756327
-44.261711666381906
-44.585933742947454
-44.906014638889424
-45.22195253830985
-45.533745739388827
-45.841392654791164
-46.144891812067215
-46.444241854047618
-46.739441539231791
-47.030489742170147
-47.317385453839954
-47.600127782014752
-47.878715951627129
-48.153149305125112
-48.423427302821835
-48.689549523238554
-48.951515663441107
-49.209325539369516
-49.462979086161042
-49.71247635846639
-49.957817530759215
-50.199002897638898
-50.43603287412644
-50.668907995953731
-50.897628919845907
-51.122196423796979
-51.342611407338623
-51.558874891802212
-51.770988020573959
-51.978952059343314
-52.182768396344557
-52.382438542591437
-52.577964132105244
-52.769346922135675
-52.956588793375303
-53.139691750166826
-53.318657920703828
-53.493489557224422
-53.664189036198202
-53.830758858506421
-53.993201649615166
-54.151520159741857
-54.305717264014852
-54.45579596262619
-54.601759380977569
-54.743610769819483
-54.881353505383494
-55.014991089507731
-55.144527149755554
-55.269965439527368
-55.391309838165647
-55.508564351053174
-55.621733109704422
-55.730820371850179
-55.835830521515305
-55.936768069089759
-56.033637651392809
-56.126444031730458
-56.215192099946037
-56.299886872464107
-56.380533492327558
-56.457137229227854
-56.529703479528678
-56.598237766282672
-56.662745739241501
-56.723233174859189
-56.779705976288675
-56.832170173371679
-56.880631922621767
-56.925097507200825
-56.965573336888774
-57.002065948046521
-57.034582003572339
-57.063128292851466
-57.087711731699088
-57.108339362296668
-57.125018353121561
-57.137755998870034
-57.146559720373673
-57.151437064509132
-57.152395704101217
-57.149443437819485
-57.142588190068167
-57.131838010869565
-57.117201075740795
-57.098685685564064
-57.076300266450367
-57.05005336959664
-57.019953671136392
-56.986009971983862
-56.948231197671618
-56.906626398181729
-56.861204747770486
-56.811975544786556
-56.758948211482846
-56.702132293821805
-56.64153746127441
-56.577173506612674
-56.509050345695869
-56.437178017250226
-56.361566682642504
-56.282226625646956
-56.199168252206213
-56.112402090185697
-56.021938789121833
-55.927789119963933
-55.829963974809907
-55.728474366635609
-55.62333142901803
-55.514546415852323
-55.402130701062575
-55.286095778306468
-55.16645326067367
-55.043214880378237
-54.916392488444863
-54.785998054388948
-54.652043665890695
-54.514541528463084
-54.373503965113841
-54.228943416001357
-54.080872438084668
-53.929303704767385
-53.774250005535706
-53.615724245590485
-53.453739445473396
-53.288308740687171
-53.119445381309987
-52.947162731604031
-52.771474269618153
-52.592393586784787
-52.409934387511058
-52.22411048876409
-52.034935819650677
-51.842424420991122
-51.646590444887423
-51.447448154285809
-51.245011922533614
-51.039296232930504
-50.830315678274168
-50.618084960400317
-50.402618889717267
-50.183932384734916
-49.962040471588224
-49.736958283555261
-49.508701060569678
-49.277284148727951
-49.042722999791081
-48.805033170680929
-48.564230322971234
-48.320330222373357
-48.073348738216616
-47.823301842923414
-47.57020561147916
-47.314076220896929
-47.054929949676932
-46.792783177260809
-46.527652383480877
-46.259554148004185
-45.98850514977152
-45.714522166431358
-45.437622073768821
-45.157821845129632
-44.875138550839083
-44.589589357616106
-44.301191527982368
-44.009962419666692
-43.715919485004285
-43.419080270331534
-43.119462415375729
-42.817083652640193
-42.511961806784598
-42.204114794000645
-41.893560621383074
-41.580317386296009
-41.264403275734693
-40.945836565682733
-40.624635620464744
-40.300818892094455
-39.974404919618443
-39.645412328455286
-39.313859829730447
-38.979766219606717
-38.643150378610244
-38.304031270952358
-37.962427943847075
-37.618359526824335
-37.271845231039038
-36.922904348575891
-36.571556251750131
-36.217820392404114
-35.86171630119982
-35.503263586907302
-35.142481935689197
-34.77939111038112
-34.414010949768254
-34.046361367857919
-33.676462353148388
-33.304333967893712
-32.929996347364849
-32.553469699107033
-32.174774302193292
-31.793930506474403
-31.410958731825097
-31.025879467386662
-30.638713270805944
-30.249480767470825
-29.858202649742115
-29.46489967618205
-29.069592670779244
-28.672302522170302
-28.273050182858015
-27.871856668426251
-27.468743056751531
-27.063730487211327
-26.656840159889118
-26.248093334776325
-25.837511330971026
-25.425115525873586
-25.010927354379195
-24.594968308067358
-24.177259934388434
-23.757823835847137
-23.336681669183172
-22.913855144548943
-22.489366024684426
-22.063236124089233
-21.635487308191919
-21.20614149251649
-20.775220641846314
-20.342746769385258
-19.908741935916336
-19.47322824895766
-19.036227861915936
-18.597762973237373
-18.157855825556254
-17.716528704840933
-17.273803939537597
-16.829703899711554
-16.384250996186317
-15.937467679680365
-15.48937643994169
-15.039999804880177
-14.589360339697828
-14.137480646016872
-13.684383361005818
-13.230091156503487
-12.77462673814105
-12.318012844462135
-11.860272246041012
-11.401427744598918
-10.941502172118584
-10.480518389956934
-10.018499287956086
-9.5554677835526256
-9.0914468208852171
-8.6264593699006156
-8.1605284254580788
-7.6936770064322424
-7.2259281548145307
-6.7573049348130585
-6.28783043195115
-5.8175277521644819
-5.3464200208968808
-4.8745303821948438
-4.4018819978008077
-3.9284980462451822
-3.4544017219372423
-2.9796162342548977
-2.5041648066333555
-2.0280706756527471
-1.5513570901247624
-1.0740473101783039
-0.59616460634424273
-0.11773225863927206
0.36122644435104478
0.84068820639005004
1.3206297245085117
1.8010276899238526
2.2818587889600348
2.7630997039681033
3.2447271142473122
3.7267176969667535
4.2090481280875514
4.6916950832854631
5.1746352388739476
5.6578452727275703
6.1413018652057696
6.6249817000769262
7.1088614654426507
7.5929178546623088
8.0771275672777278
8.5614673099379885
9.0459137973243546
9.5304437530752093
10.015033910711004
10.499661014559166
10.984301820678963
11.468933097786165
11.953531628177629
12.438074208655625
12.922537651451949
13.406898785151691
13.891134455616738
14.375221526908881
14.859136882212489
15.342857424756751
15.826360078737434
16.309621790238054
16.792619528150531
17.275330285095166
17.757731078340012
18.239798950719475
18.721510971552256
19.202844237558413
19.683775873775684
20.164283034474888
20.644342904074417
21.123932698053814
21.603029663866341
22.081611081850514
22.559654266140559
23.037136565575754
23.514035364608652
23.990328084212063
24.465992182784845
24.941005157056363
25.415344542989686
25.888987916683401
26.361912895272038
26.834097137825051
27.305518346244337
27.776154266160201
28.24598268782583
28.714981447010068
29.183128425888675
29.650401553933815
30.11677880880184
30.582238217219402
31.046757855867629
31.510315852264561
31.972890385645726
32.434459687842725
32.895002044159874
33.354495794248983
33.812919332981863
34.270251111321031
34.72646963718806
35.181553476330002
35.6354812531834
36.088231651736294
36.539783416387792
36.990115352805432
37.43920632878018
37.887035275078972
38.333581186295056
38.778823121695574
39.222740206066931
39.665311630557461
40.106516653517552
40.546334601337271
40.984744869281158
41.421726922320566
41.857260295963087
42.291324597079281
42.723899504726731
43.154964770971077
43.58450022170436
44.012485757460304
44.43890135422685
44.863727064255514
45.286943016867895
45.708529419259058
46.128466557297827
46.546734796324031
46.963314581942555
47.378186440814176
47.791330981443174
48.202728894961822
48.612360955911385
49.020208023019904
49.426251039976577
49.830471036202837
50.232849127619843
50.633366517412639
51.032004496790726
51.428744445745167
51.82356783380208
52.216456220772578
52.607391257498968
52.996354686597449
53.383328343196993
53.768294155674482
54.151234146386152
54.532130432395221
54.910965226195621
55.28772083643198
55.662379668615571
56.034924225836498
56.405337109471759
56.773601019889455
57.139698757148878
57.503613221696597
57.865327415058459
58.224824440527492
58.582087503847589
58.937099913893078
59.289845083344176
59.640306529357893
59.988467874235177
60.334312846083165
60.677825279473659
61.01898911609689
61.357788405411071
61.694207305287378
62.028230082650765
62.359841114115994
62.689024886619386
63.015765998045921
63.340049157851965
63.661859187683078
63.981181021987673
64.297999708625554
64.612300409472212
64.924068401018118
65.233289074963565
65.539947938808453
65.844030616437607
66.145522848701177
66.444410493990134
66.740679528807078
67.034316048331988
67.325306266983333
67.613636518973962
67.899293258862272
68.182263062098286
68.462532625564791
68.740088768113409
69.014918431095694
69.287008678889094
69.556346699417745
69.822919804668544
70.086715431201313
70.347721140654784
70.605924620246498
70.861313683268136
71.113876269575258
71.363600446071928
71.610474407190111
71.854486475363643
72.095625101497021
72.333878865428744
72.569236476389406
72.801686773454307
73.03121872599074
73.257821434099881
73.481484129053115
73.702196173723081
73.919947063009062
74.134726424257053
74.346524017674227
74.555329736737718
74.761133608598286
74.96392579447793
75.163696590062145
75.36043642588659
75.554135867718173
75.744785616930272
75.932376510872487
76.116899523234821
76.298345764405809
76.476706481825332
76.6519730603315
76.824137022501802
76.993190028988636
77.159123878848845
77.321930509867769
77.481601998877181
77.638130562067715
77.791508555295181
77.941728474381321
78.08878295540849
78.23266477500853
78.373366850645922
78.510882240894787
78.645204145710125
78.776325906693202
78.904241007350862
79.028943073348955
79.150425872759882
79.268683316304049
79.383709457585496
79.495498493321307
79.604044763565398
79.70934275192586
79.811387085776602
79.910172536462881
80.005694019500666
80.097946594770264
80.186925466703528
80.27262598446525
80.355043642128379
80.434174078843171
80.510013079000373
80.582556572387986
80.651800634342422
80.717741485893086
80.780375493900991
80.83969917119154
80.895709176680626
80.948402315495088
80.997775539086817
81.043825945340586
81.086550778676084
81.125947430143455
81.16201343751284
81.194746485357697
81.224144405132023
81.250205175241263
81.272926921107185
81.292307915226559
81.308346577223446
81.32104147389569
81.330391319254758
81.336394974559809
81.339051448345288
81.33835989644237
81.334319621994354
81.326930075465711
81.316190854644944
81.302101704641373
81.284662517875489
81.263873334063376
81.239734340194715
81.212245870504674
81.181408406439616
81.147222576616642
81.109689156776724
81.068809069732026
81.024583385306499
80.977013320270942
80.926100238271147
80.871845649750483
80.814251211866022
80.753318728398298
80.689050149655316
80.621447572369945
80.550513239591538
80.476249540571089
80.398659010640316
80.317744331084683
80.23350832901005
80.145953977203462
80.05508439398757
79.960902843068979
79.863412733380457
79.762617618917119
79.658521198566319
79.551127315931538
79.440439959150211
79.326463260705296
79.209201497230922
79.088659089311847
78.964840601276919
78.837750740986337
78.707394359613147
78.573776451418198
78.436902153519625
78.296776745655862
78.153405649942869
78.006794430625305
77.856948793821573
77.703874587263144
77.547577800027554
77.388064562265797
77.225341144923405
77.059413959455938
76.890289557538239
76.717974630767884
76.542476010362904
76.36380066685318
76.181955709766427
75.996948387307967
75.808786086034814
75.617476330523886
75.423026783034317
75.225445243164074
75.024739647500638
74.820918069266014
74.613988717955905
74.403959938973145
74.190840213255314
73.974638156896845
73.755362520765161
73.53302219011124
73.307626184174524
73.079183655782131
72.847703890942384
72.613196308432833
72.375670459382462
72.135136026848514
71.891602825387608
71.645080800621386
71.395580028796545
71.143110716339365
70.887683199404677
70.629307943419619
70.367995542621514
70.103756719590635
69.836602324777346
69.566543336023997
69.293590858081217
69.017756122119152
68.739050485233051
68.457485429943659
68.173072563692401
67.885823618331074
67.595750449606498
67.302865036639702
67.007179481400158
66.708706008174573
66.407456963030654
66.103444813275686
65.796682146909944
65.487181672075081
65.174956216497435
64.8600187269261
64.5423822685662
64.22206002450713
63.899065295145526
63.573411497603693
63.245112165142778
62.914180946571186
62.580631605648016
62.244478020481772
61.905734182924121
61.564414197958797
61.220532283085923
60.874102767701373
60.525140092471503
60.173658808703145
59.819673577708926
59.463199170167975
59.104250465481925
58.742842451126407
58.378990221997839
58.012708979755899
57.644014032161266
57.272920792408947
56.899444778457166
56.523601612351889
56.145407019546717
55.764876828218704
55.382026968579652
54.996873472183069
54.609432471226945
54.219720197852261
53.827752983437186
53.433547257887192
53.037119548920856
52.63848648135172
52.237664776365875
51.834671250795566
51.429522816388719
51.022236479074472
50.612829338224707
50.201318585911629
49.787721506161489
49.372055474204316
48.9543379557199
48.534586506079862
48.112818769585985
47.689052478704809
47.263305453298415
46.835595599851615
46.405940910695392
45.97435946322684
45.540869419125301
45.105489023565234
44.668236604425203
44.229130571493712
43.788189415671347
43.345431708169627
42.900876099706345
42.454541319697675
42.006446175446897
41.55660955132975
41.105050407976762
40.651787781452065
40.196840782429248
39.740228595364023
39.281970477663656
38.822085758853447
38.360593839740147
37.897514191572277
37.43286635519766
36.966669940217756
36.498944624139327
36.029710151523162
35.558986333129944
35.086793045063267
34.613150227910118
34.138077885878424
33.661596085931969
33.183724956922745
32.704484688720584
32.223895531340347
31.741977794066415
31.258751844574849
30.774238108053002
30.288457066316713
29.801429256925125
29.313175272293176
28.823715758801765
28.333071415905636
27.841262995239049
27.348311299719271
26.854237182647843
26.35906154680983
25.862805343570905
25.365489571972414
24.867135277824477
24.36776355279709
23.867395533509288
23.36605240061645
22.863755377895792
22.360525731329925
21.856384768188793
21.351353836109787
20.845454322176195
20.33870765199401
19.831135288767104
19.322758732370836
18.813599518424152
18.303679217360134
17.793019433495179
17.281641804096658
16.769567998449293
16.256819716920155
15.743418690022336
15.229386677477489
14.714745467276961
14.199516874741921
13.683722741582276
13.167384934954489
12.650525346518352
12.133165891492778
11.615328507710558
11.097035154672207
10.578307812598952
10.059168481484821
9.5396391801479172
9.0197419452809733
8.4994988305011105
7.9789319053989418
7.4580632545870049
6.9369149767476053
6.4155091836800962
5.8938679993475702
5.3720135589231317
4.8499680078357041
4.327753500815386
3.8053922009384853
3.2829062786722498
2.76031791091923
2.2376492800614578
1.714922573004438
1.1921599802209331
0.66938369479461934
0.1466159114637258
-0.37612117433542469
-0.89880536742488648
-1.4214144738414436
-1.9439263017929511
-2.4663186626145519
-2.9885693717246622
-3.5106562495808316
-4.0325571226353283
-4.5542498242904177
-5.0757121958533453
-5.5969220874909249
-6.1178573591837431
-6.6384958816799031
-7.1588155374482909
-7.6787942216312555
-8.1984098429968171
-8.7176403248901941
-9.2364636061846426
-9.754857642231741
-10.27280040581079
-10.790269888077505
-11.307244099511919
-11.823701070865395
-12.339618854106716
-12.85497552336731
-13.36974917588549
-13.883917932949574
-14.39745994084006
-14.910353371770711
-15.422576424828392
-15.93410732691183
-16.444924333669153
-16.955005730434095
-17.464329833160949
-17.972874989358285
-18.480619579021049
-18.987542015561484
-19.49362074673849
-19.998834255585464
-20.503161061336666
-21.006579720351979
-21.509068827040018
-22.010607014779684
-22.511172956839935
-23.010745367297826
-23.509303001954844
-24.006824659251386
-24.503289181179337
-24.998675454192927
-25.492962410117425
-25.986129027056048
-26.478154330294828
-26.969017393205331
-27.458697338145463
-27.947173337357999
-28.434424613867069
-28.920430442372336
-29.405170150141057
-29.888623117897769
-30.370768780711714
-30.851586628881947
-31.331056208819909
-31.809157123929772
-32.285869035486243
-32.7611716635097
-33.235044787639161
-33.707468248002286
-34.178421946082985
-34.647885845586366
-35.115839973300957
-35.582264419958115
-36.047139341088922
-36.510444957877993
-36.972161558014683
-37.432269496541274
-37.890749196698337
-38.347581150767127
-38.802745920908954
-39.256224140001713
-39.707996512473095
-40.158043815130895
-40.606346897990278
-41.052886685097612
-41.497644175351361
-41.940600443319639
-42.381736640054555
-42.821033993903178
-43.258473811315291
-43.694037477647676
-44.127706457965047
-44.559462297837577
-44.989286624134877
-45.417161145816543
-45.843067654719192
-46.266988026339753
-46.688904220615456
-47.108798282699908
-47.526652343735606
-47.942448621622823
-48.356169421784628
-48.767797137928206
-49.177314252802397
-49.584703338951371
-49.989947059464427
-50.393028168721884
-50.793929513137179
-51.192634031894784
-51.589124757684338
-51.983384817430583
-52.375397433019423
-52.765145922019741
-53.152613698401147
-53.537784273247667
-53.92064125546716
-54.301168352496489
-54.679349371002594
-55.055168217579251
-55.428608899439396
-55.799655525103304
-56.168292305082353
-56.534503552558355
-56.898273684058495
-57.25958722012593
-57.618428785985728
-57.974783112206417
-58.328635035357088
-58.679969498659759
-59.028771552637217
-59.375026355756397
-59.71871917506693
-60.059835386835047
-60.398360477172957
-60.734280042663258
-61.067579790978812
-61.398245541497772
-61.726263225913698
-62.051618888841062
-62.374298688415749
-62.694288896890662
-63.011575901226593
-63.326146203677951
-63.6379864223737
-63.947083291893222
-64.253423663837282
-64.556994507393767
-64.85778290989866
-65.155776077391707
-65.450961335167008
-65.743326128318671
-66.032858022281104
-66.319544703364215
-66.603373979283475
-66.884333779684667
-67.162412156663564
-67.43759728528002
-67.709877464067318
-67.979241115535572
-68.245676786670316
-68.509173149425536
-68.769719001211286
-69.027303265376133
-69.281914991683848
-69.533543356785032
-69.782177664683118
-70.027807347194866
-70.270421964405443
-70.510011205118005
-70.746564887297694
-70.980072958510121
-71.210525496354322
-71.437912708890096
-71.662224935059641
-71.88345264510383
-72.101586440972582
-72.31661705672974
-72.528535358952169
-72.737332347123271
-72.942999154020782
-73.145527046098707
-73.344907423863702
-73.54113182224566
-73.734191910962366
-73.924079494878598
-74.110786514359276
-74.294305045616866
-74.474627301052848
-74.651745629593549
-74.825652517019876
-74.996340586291296
-75.163802597863992
-75.328031450002982
-75.489020179088371
-75.646761959915736
-75.801250105990476
-75.952478069816323
-76.100439443177763
-76.245127957416557
-76.386537483702256
-76.524662033296721
-76.659495757812635
-76.791032949465986
-76.919268041322439
-77.044195607537844
-77.165810363592556
-77.284107166519689
-77.399081015127294
-77.510727050214612
-77.619040554781961
-77.724016954234813
-77.825651816581455
-77.923940852624838
-78.018879916148137
-78.110465004094053
-78.198692256738326
-78.283557957856672
-78.365058534885975
-78.443190559078985
-78.517950745653025
-78.58933595393249
-78.657343187485097
-78.721969594252073
-78.783212466671998
-78.841069241798593
-78.895537501412207
-78.946614972125104
-78.994299525480542
-79.038589178045783
-79.079482091498562
-79.116976572707657
-79.151071073807032
-79.181764192263785
-79.209054670940006
-79.232941398148029
-79.253423407700012
-79.270499878950716
-79.284170136834348
-79.294433651895091
-79.301290040311443
-79.30473906391417
-79.304780630198138
-79.301414792327861
-79.294641749136773
-79.284461845120305
-79.270875570422604
-79.253883560817172
-79.233486597681093
-79.209685607963195
-79.182481664145726
-79.151875984200032
-79.11786993153585
-79.080465014944423
-79.039662888535261
-78.995465351666866
-78.947874348871153
-78.896891969771517
-78.842520448994833
-78.784762166077144
-78.723619645363243
-78.659095555899896
-78.591192711322961
-78.519914069738292
-78.445262733596465
-78.367241949561162
-78.285855108371663
-78.201105744698836
-78.112997536995181
-78.021534307338612
-77.926720021270143
-77.828558787625269
-77.727054858359367
-77.622212628366995
-77.514036635294829
-77.402531559348603
-77.287702223094158
-77.169553591251884
-77.048090770485601
-76.923319009184951
-76.795243697241943
-76.663870365821353
-76.529204687125073
-76.39125247415032
-76.250019680442037
-76.105512399839071
-75.957736866214248
-75.806699453208864
-75.652406673960598
-75.494865180825997
-75.334081765096556
-75.170063356709107
-75.002817023950172
-74.832349973154436
-74.658669548397157
-74.481783231180785
-74.301698640115717
-74.118423530595109
-73.931965794463864
-73.742333459681618
-73.549534689980163
-73.353577784514826
-73.15447117751016
-72.952223437899676
-72.746843268960021
-72.538339507939341
-72.326721125679697
-72.111997226234038
-71.894177046477211
-71.673269955711561
-71.449285455266477
-71.222233178092694
-70.992122888350551
-70.758964480992915
-70.52276798134244
-70.283543544663075
-70.041301455726128
-69.796052128370917
-69.547806105059522
-69.296574056426337
-69.042366780822078
-68.785195203852155
-68.525070377909699
-68.262003481703189
-67.996005819778659
-67.727088822036336
-67.455264043242138
-67.180543162533681
-66.902937982920989
-66.622460430781899
-66.339122555352091
-66.052936528210125
-65.763914642756731
-65.472069313689474
-65.177413076471709
-64.879958586796661
-64.579718620046293
-64.276706070744879
-63.970933952007741
-63.662415394984642
-63.351163648298304
-63.037192077477769
-62.720514164386827
-62.401143506647394
-62.079093817058002
-61.754378923007238
-61.42701276588236
-61.097009400473041
-60.764382994370173
-60.429147827359849
-60.091318290812602
-59.750908887067773
-59.40793422881319
-59.062409038460068
-58.714348147513228
-58.363766495936638
-58.010679131514273
-57.655101209206414
-57.297047990501312
-56.936534842762192
-56.573577238569968
-56.208190755061175
-55.84039107326155
-55.470193977415185
-55.097615354309156
-54.722671192593843
-54.34537758209882
-53.965750713144466
-53.583806875849227
-53.199562459432542
-52.813033951513695
-52.424237937406275
-52.033191099408498
-51.639910216089376
-51.244412161570843
-50.84671390480559
-50.446832508851017
-50.044785130139061
-49.640589017742037
-49.234261512634532
-48.8258200469513
-48.415282143241292
-48.002665413717793
-47.587987559504768
-47.17126636987927
-46.75251972151019
-46.331765577693254
-45.909021987582143
-45.484307085416219
-45.057639089744292
-44.629036302645027
-44.198517108943541
-43.766099975424737
-43.331803450042784
-42.895646161127345
-42.457646816586397
-42.017824203105434
-41.576197185343403
-41.132784705125388
-40.687605780631742
-40.240679505584254
-39.792025048428805
-39.341661651514983
-38.889608630272441
-38.43588537238417
-37.980511336956695
-37.523506053687079
-37.064889122027125
-36.604680210344362
-36.142899055080157
-35.679565459904957
-35.214699294870627
-34.748320495559859
-34.280449062232918
-33.811105058971457
-33.340308612819683
-32.868079912922838
-32.394439209662963
-31.919406813792058
-31.443003095562659
-30.965248483855859
-30.486163465306795
-30.005768583427706
-29.524084437728501
-29.041131682834941
-28.556931027604467
-28.071503234239692
-27.584869117399602
-27.097049543308536
-26.60806542886289
-26.117937740735737
-25.626687494479253
-25.134335753624988
-24.640903628782223
-24.14641227673421
-23.650882899532451
-23.154336743589013
-22.656795098766999
-22.158279297469051
-21.658810713724204
-21.158410762272766
-20.657100897649514
-20.154902613265282
-19.651837440486684
-19.147926947714407
-18.643192739459824
-18.137656455420018
-17.631339769551371
-17.124264389141651
-16.616452053880636
-16.10792453492941
-15.598703633988295
-15.088811182363429
-14.578269040032087
-14.067099094706805
-13.555323260898293
-13.042963478977173
-12.530041714234676
-12.016579955942179
-11.502600216409757
-10.98812453004375
-10.473174952403397
-9.9577735592565091
-9.4419424456343251
-8.9257037248855031
-8.4090795277293502
-7.8920920013082867
-7.3747633082396229
-6.8571156256666486
-6.3391711443091339
-5.8209520675131703
-5.3024806103005693
-4.7837789984177039
-4.2648694673838765
-3.7457742615392893
-3.2265156330926299
-2.7071158411682981
-2.187597150853354
-1.6679818322442508
-1.1482921594932618
-0.62855040985475896
-0.10877886273140923
0.4110002012797766
0.93076450134144029
1.4504917573298404
1.9701596907888601
2.4897460258839157
3.0092284903557638
3.5285848164741083
4.0477927419910387
4.5668300110942965
5.0856743753601945
5.604303594706245
6.1226954383434702
6.6408276857282589
7.1586781275137756
7.6762245665009674
8.193444818589029
8.7103167137252484
9.226818096854327
9.7429268288670219
10.258620787548082
10.773877868523526
11.288675986207151
11.802993074746176
12.316807088966083
12.830096005314591
13.342837822804665
13.855010563956593
14.366592275739066
14.877561030509153
15.387894926951269
15.897572091014951
16.406570676851508
16.91486886774949
17.422444877068823
17.929276949173712
18.435343360364243
18.940622419806562
19.445092470461709
19.948731890012965
20.451519091791717
20.9534325257018
21.454450679142241
21.95455207792854
22.453715287212116
22.951918912398167
23.449141600061839
23.94536203886253
24.440558960456471
24.93471114040754
25.427797399095979
25.919796602625407
26.410687663727732
26.900449542666188
27.389061248136215
27.876501838164383
28.362750421005096
28.847786156035234
29.331588254646576
29.814135981135941
30.295408653593199
30.775385644786848
31.254046383047253
31.731370353147632
32.207337097182503
32.681926215443703
33.155117367294032
33.626890272038153
34.097224709791071
34.566100522344016
35.033497614027638
35.499395952572492
35.96377556996692
36.426616563312059
36.887899095674136
37.347603396933948
37.805709764633413
38.262198564819272
38.717050232883913
39.17024527440303
39.621764265970533
40.071587856030256
40.519696765704602
40.966071789620152
41.410693796730072
41.853543731133243
42.294602612890408
42.733851538836866
43.171271683391964
43.606844299365207
44.040550718759114
44.472372353568566
44.90229069657677
45.330287322147903
45.75634388701598
46.180442131070436
46.602563878138085
47.022691036761351
47.4408056009731
47.856889651067661
48.270925354368188
48.682894965990251
49.092780829601779
49.500565378179097
49.906231134759217
50.309760713188233
50.711136818865775
51.110342249485697
51.507359895772638
51.902172742214752
52.294763867792319
52.68511644670231
53.073213749078953
53.459039141710086
53.842576088749503
54.223808152424965
54.602718993742222
54.979292373184599
55.353512151408381
55.725362289933969
56.094826851832742
56.461890002409469
56.826536009880314
57.188749246046626
57.548514186964034
57.905815413607336
58.260637612530736
58.612965576523578
58.962784205261556
59.310078505953321
59.654833593982559
59.997034693545331
60.336667138282778
60.673716371909244
61.008167948835556
61.34000753478756
61.669220907420019
61.995793956925631
62.319712686639157
62.64096321363688
62.959531769331043
63.275404700059447
63.588568467670093
63.899009650100979
64.206714941954772
64.511671155068626
64.813865219078878
65.113284181980745
65.409915210682939
65.703745591557237
65.994762730982828
66.282954155885633
66.568307514272362
66.85081057575951
67.130451232097016
67.407217497686787
67.681097510095853
67.952079530564404
68.220151944508444
68.485303262017069
68.747522118344563
69.006797274396888
69.263117617213169
69.516472160441282
69.766850044808564
70.014240538586563
70.25863303805076
70.500017067934422
70.73838228187735
70.973718462868774
71.206015523684883
71.435263507320755
71.661452587416662
71.884573068678804
72.104615387294601
72.321570111342041
72.535427941193589
72.746179709914429
72.953816383654896
73.158329062037282
73.359708978537057
73.557947500858091
73.753036131302309
73.944966507133614
74.133730400935804
74.31931972096497
74.50172651149586
74.680942953162599
74.856961363293479
75.029774196239828
75.199374043699081
75.365753635032078
75.528905837574257
75.688823656941011
75.845500237327272
75.998928861800877
76.14910295259034
76.296016071366211
76.439661919517022
76.580034338418685
76.717127309698242
76.850934955491581
76.981451538695026
77.108671463210925
77.232589274187305
77.353199658251242
77.470497443736463
77.584477600904648
77.695135242160816
77.802465622262474
77.906464138522836
78.00712633100774
78.104447882726561
78.198424619817118
78.289052511724222
78.376327671372124
78.460246355331122
78.540804963977536
78.618000041647889
78.691828276786723
78.762286502088457
78.829371694632741
78.893080976013962
78.953411612464379
79.010361014970997
79.063926739386531
79.114106486533743
79.160898102303989
79.204299577749239
79.244309049168081
79.28092479818541
79.314145251825849
79.34396898258116
79.370394708470997
79.393421293097973
79.413047745696076
79.429273221172949
79.442097020146079
79.45151858897259
79.457537519772771
79.460153550447501
79.45936656468929
79.455176591987239
79.447583807625563
79.436588532676012
79.422191233984009
79.404392524148378
79.383193161495299
79.35859405004534
79.330596239474914
79.299200925071048
79.264409447680109
79.226223293650179
79.184644094767393
79.139673628185818
79.091313816351288
79.039566726918906
78.984434572664355
78.925919711388985
78.864024645818759
78.798752023496888
78.730104636670276
78.658085422169961
78.582697461284937
78.503943979630307
78.421828347008855
78.336354077266691
78.247524828142431
78.155344401110682
78.059816741218881
77.960945936918236
77.858736219888598
77.753191964856953
77.644317689409988
77.53211805380046
77.41659786074743
77.297762055230493
77.175615724277833
77.050164096748176
76.921412543106698
76.789366575194904
76.654031845994496
76.515414149384924
76.373519419895317
76.228353732449989
76.079923302108213
75.928234483797908
75.77329377204326
75.615107800686403
75.45368334260327
75.289027309413271
75.12114675118309
74.950048856124795
74.77574095028757
74.598230497243947
74.417525097769996
74.233632489519579
74.046560546692902
73.856317279698985
73.662910834812592
73.466349493824993
73.26664167368935
73.063795926159798
72.857820937425274
72.648725527737241
72.436518651031747
72.221209394545767
72.002806978427955
71.781320755343486
71.556760210073435
71.329134959108302
71.09845475023603
70.864729462124373
70.627969103897627
70.388183814707787
70.145383863300154
69.899579647573361
69.650781694133883
69.399000657845036
69.144247321370443
68.886532594712108
68.625867514743021
68.36226324473418
68.095731073876394
67.82628241679663
67.553928813068907
67.278681926719955
67.000553545729446
66.719555581525057
66.435700068471974
66.148999163357487
65.859465144870015
65.567110413073152
65.271947488874403
64.97398901348862
64.673247747896667
64.369736572298478
64.063468485561415
63.754456604663183
63.442714164130052
63.128254515469742
62.811091126599507
62.491237581269033
62.168707578478596
61.843514931892081
61.515673569245244
61.185197531749004
60.852100973487893
60.516398160813672
60.17810347173414
59.83723139529716
59.493796530969938
59.147813588013527
58.799297384852736
58.44826284844121
58.094725013621996
57.738699022483438
57.380200123710395
57.0192436719311
56.655845127059258
56.29002005363175
55.921784120141872
55.551153098368026
55.17814286269811
54.802769389449374
54.425048756184083
54.044997141020652
53.662630821940617
53.277966176091248
52.891019679084003
52.501807904288619
52.110347522123199
51.716655299339962
51.320748098307007
50.922642876285899
50.52235668470523
50.119906668430112
49.715310065027701
49.30858420402879
48.899746506185295
48.488814482724059
48.075805734596607
47.660737951725181
47.243628912244816
46.824496481741846
46.403358612488418
45.980233342673522
45.555138795630185
45.128093179059093
44.699114784248565
44.268221985290971
43.8354332382956
43.40076708059798
42.964242129965747
42.525877083801142
42.085690718339904
41.64370188784698
41.199929523808834
40.754392634122368
40.307110302280655
39.858101686555472
39.407386019176506
38.95498260550746
38.500910823219094
38.045190121458987
37.58784002001844
37.128880108496226
36.668330045459413
36.206209557601142
35.742538438895636
35.277336549750189
34.81062381615439
34.342420228826469
33.872745842356963
33.401620774349553
32.929065204559315
32.455099374028123
31.979743584217658
31.50301819613966
31.024943629483637
30.545540361742216
30.064828927333838
29.582829916723092
29.099563975538626
28.615051803688765
28.129314154474685
27.642371833701418
27.154245698786536
26.664956657866647
26.174525668901691
25.682973738777175
25.190321922404216
24.696591321817582
24.201803085271759
23.705978406334896
23.209138522980989
22.711304716680047
22.212498311486367
21.712740673125122
21.212053208077027
20.710457362661316
20.20797462211705
19.704626509682704
19.200434585674117
18.695420446560885
18.18960572404124
17.683012084115315
17.175661226157047
16.667574881984624
16.158774814929476
15.649282818903993
15.139120717467918
14.628310362893409
14.116873635228986
13.604832441362227
13.092208714081224
12.5790244111351
12.06530151429334
11.551062028404123
11.036327980451681
10.521121418612704
10.00546441131182
9.4893790462762269
8.9728874295895054
8.4560116847445759
7.9387739516960272
7.4211963859116459
6.9033011574233045
6.3851104498772653
5.8666464595838859
5.3479313945666949
4.8289874736110905
4.3098369253125375
3.7905019871242946
3.2710049044047915
2.7513679294647329
2.2316133206138469
1.711763341207307
1.1918402586920724
0.67186634365298203
0.15186386885867459
-0.36814489169247239
-0.88813766372651792
-1.4080921736482135
-1.9279861494951138
-2.447797321891664
-2.9675034250032346
-3.4870821974898725
-4.0065113834599408
-4.5257687334235941
-5.0448320052458406
-5.5636789650993563
-6.0822873884169866
-6.6006350608437483
-7.1186997791884838
-7.6364593523750015
-8.1538916023926564
-8.6709743652464599
-9.1876854919065511
-9.704002849256991
-10.219904321043883
-10.735367808822867
-11.250371232905691
-11.764892533306051
-12.278909670684699
-12.792400627293487
-13.30534340791856
-13.817716040822662
-14.329496578686259
-14.840663099547756
-15.351193707742631
-15.861066534841365
-16.370259740586231
-16.878751513826955
-17.386520073454953
-17.893543669336442
-18.399800583244204
-18.905269129787914
-19.40992765734309
-19.913754548978648
-20.416728223382904
-20.918827135788021
-21.420029778893007
-21.920314683785033
-22.419660420859085
-22.918045600736018
-23.4154488751788
-23.91184893800699
-24.407224526009546
-24.901554419855593
-25.394817445003447
-25.886992472607734
-26.378058420424459
-26.867994253714109
-27.356778986142825
-27.844391680681323
-28.330811450501777
-28.816017459872661
-29.299988925051238
-29.782705115173897
-30.264145353144279
-30.744289016518959
-31.223115538390857
-31.700604408270376
-32.176735172963973
-32.651487437450292
-33.124840865753931
-33.59677518181654
-34.06727017036534
-34.536305677779239
-35.003861612952058
-35.469917948153203
-35.934454719885721
-36.397452029741324
-36.858890045252942
-37.318749000744198
-37.777009198176174
-38.233651007991199
-38.688654869953801
-39.142001293988599
-39.593670861015127
-40.043644223779864
-40.491902107684915
-40.938425311613663
-41.383194708753422
-41.826191247414741
-42.267395951847426
-42.706789923053648
-43.144354339597314
-43.580070458410404
-44.013919615595967
-44.445883227227526
-44.87594279014526
-45.304079882748553
-45.730276165785249
-46.154513383137143
-46.57677336260209
-46.997038016672484
-47.415289343310029
-47.831509426716977
