0.0 0.0 0.0
-1.95129081041e-12 1.80213414086e-06 1.87323917799e-08
-1.10006804971e-11 2.96280355806e-06 6.81417492124e-08
-3.23392801733e-11 3.68345907111e-06 1.36708807679e-07
-6.91137963727e-11 4.09660059593e-06 2.16326547835e-07
-1.23016962734e-10 4.28973813742e-06 3.01143849236e-07
-1.94679242231e-10 4.32109158695e-06 3.86814033935e-07
-2.83931592406e-10 4.22987290915e-06 4.7000852774e-07
-3.89984974866e-10 4.04301485427e-06 5.48103943875e-07
-5.11556470421e-10 3.7795683064e-06 6.18982413455e-07
-6.46961477442e-10 3.45356953509e-06 6.80905653943e-07
-7.94184651795e-10 3.07590276852e-06 7.3243681985e-07
-9.50937765369e-10 2.65550269626e-06 7.7239307046e-07
-1.11470971272e-09 2.20012300385e-06 7.99817624132e-07
-1.28281195489e-09 1.71681936895e-06 8.13963900723e-07
-1.45242141053e-09 1.21224444756e-06 8.14286873365e-07
-1.62062196093e-09 6.92819018178e-07 8.0043841051e-07
-1.78444517925e-09 1.64821591945e-07 7.72264485306e-07
-1.94091052734e-09 -3.65575530698e-07 7.29802856352e-07
-2.08706502371e-09 -8.92305165687e-07 6.73280308811e-07
-2.22002222995e-09 -1.40942668017e-06 6.03108871129e-07
-2.33700030453e-09 -1.91116156267e-06 5.19880644786e-07
-2.43535881316e-09 -2.39193739138e-06 4.24361038119e-07
-2.51263395293e-09 -2.84643621252e-06 3.17480303701e-07
-2.56657183428e-09 -3.269644501e-06 2.00323357171e-07
-2.59515946665e-09 -3.6569026491e-06 7.41179136496e-08
-2.59665310581e-09 -4.00395245386e-06 -5.97789776943e-08
-2.5696036409e-09 -4.30698143503e-06 -1.99895885499e-07
-2.51287872665e-09 -4.56266307403e-06 -3.44663291321e-07
-2.42568139814e-09 -4.76819225474e-06 -4.92431062344e-07
-2.30756494187e-09 -4.9213153354e-06 -6.41486917887e-07
-2.15844383673e-09 -5.02035440277e-06 -7.90075691386e-07
-1.97860062115e-09 -5.06422536445e-06 -9.36419178241e-07
-1.76868858678e-09 -5.05244962972e-06 -1.07873635167e-06
-1.52973024564e-09 -4.98515921744e-06 -1.21526372325e-06
-1.26311156382e-09 -4.86309521294e-06 -1.34427562227e-06
-9.70572002347e-10 -4.68759957648e-06 -1.46410416786e-06
-6.54190452482e-10 -4.46060038368e-06 -1.57315871085e-06
-3.16367198525e-10 -4.18459065325e-06 -1.66994452714e-06
4.01979139221e-11 -3.86260099055e-06 -1.75308055235e-06
4.12530883689e-10 -3.49816634349e-06 -1.82131595741e-06
7.97412272698e-10 -3.0952872341e-06 -1.87354537707e-06
1.19140893883e-09 -2.65838588878e-06 -1.90882261782e-06
1.59090844983e-09 -2.19225774804e-06 -1.9263726878e-06
1.99215581416e-09 -1.70201888595e-06 -1.92560200968e-06
2.39129213776e-09 -1.19304991589e-06 -1.90610669696e-06
2.7843947932e-09 -6.70936996528e-07 -1.86767879521e-06
3.16751866893e-09 -1.4141058504e-07 -1.81031041186e-06
3.53673805363e-09 3.8971739191e-07 -1.73419568125e-06
3.88818870117e-09 9.16617260322e-07 -1.63973053512e-06
4.21810961867e-09 1.43350551643e-06 -1.52751027286e-06
4.52288412103e-09 1.93470823861e-06 -1.39832494976e-06
4.7990797018e-09 2.41472329929e-06 -1.25315262561e-06
5.04348628147e-09 2.86828069452e-06 -1.09315053922e-06
5.2531524103e-09 3.29040033048e-06 -9.19644297551e-07
5.42541902356e-09 3.67644663314e-06 -7.34115189778e-07
5.55795037223e-09 4.02217938311e-06 -5.38185757416e-07
5.64876178142e-09 4.32380021795e-06 -3.3360377088e-07
5.6962439222e-09 4.57799429271e-06 -1.22224780573e-07
5.69918331876e-09 4.7819666418e-06 9.40065735538e-08
5.65677885317e-09 4.93347284378e-06 3.13076296164e-07
5.56865407182e-09 5.03084365269e-06 5.32921604824e-07
5.43486514284e-09 5.07300332626e-06 7.51452113384e-07
5.25590435975e-09 5.05948144957e-06 9.66571404286e-07
5.0326991344e-09 4.9904181249e-06 1.176198759e-06
4.76660647059e-09 4.86656247029e-06 1.37829081361e-06
4.45940295802e-09 4.68926444367e-06 1.57086290705e-06
4.11327037476e-09 4.46046008149e-06 1.75200989224e-06
3.73077703328e-09 4.18265031371e-06 1.91992618594e-06
3.31485505131e-09 3.85887358728e-06 2.07292484097e-06
2.86877377261e-09 3.49267259753e-06 2.20945543453e-06
2.39610960454e-09 3.08805549244e-06 2.32812057896e-06
1.900712578e-09 2.64945197416e-06 2.42769087588e-06
1.38666997104e-09 2.18166477932e-06 2.50711815088e-06
8.58267369416e-10 1.68981706904e-06 2.56554682474e-06
3.1994756511e-10 1.1792963056e-06 2.60232329659e-06
-2.23732282014e-10 6.55695230136e-07 2.61700323581e-06
-7.6814477555e-10 1.24750588391e-07 2.60935670214e-06
-1.30863724829e-09 -4.07719724392e-07 2.57937103616e-06
-1.84057709444e-09 -9.35880410511e-07 2.52725148689e-06
-2.35939699588e-09 -1.45394271072e-06 2.45341956692e-06
-2.8606395706e-09 -1.95622783786e-06 2.35850915039e-06
-3.34000097721e-09 -2.43722920884e-06 2.24336035305e-06
-3.79337301999e-09 -2.89167279235e-06 2.10901125764e-06
-4.21688331463e-09 -3.31457491179e-06 1.95668757096e-06
-4.60693309506e-09 -3.70129686919e-06 1.78779032117e-06
-4.96023226654e-09 -4.04759579249e-06 1.60388172504e-06
-5.27383133941e-09 -4.34967114811e-06 1.40666937445e-06
-5.54514991065e-09 -4.60420640959e-06 1.19798890949e-06
-5.77200139725e-09 -4.80840542556e-06 9.79785361887e-07
-5.9526137648e-09 -4.9600230883e-06 7.54093366587e-07
-6.08564603753e-09 -5.05738996686e-06 5.23016451594e-07
-6.1702004206e-09 -5.09943063466e-06 2.88705625892e-07
-6.20582991214e-09 -5.08567549058e-06 5.33374928731e-08
-6.19254133032e-09 -5.01626594391e-06 -1.8090787836e-07
-6.13079372956e-09 -4.89195290605e-06 -4.11869088913e-07
-6.0214922288e-09 -4.71408860552e-06 -6.37425318384e-07
-5.86597732343e-09 -4.48461181558e-06 -8.55517773219e-07
-5.66600980039e-09 -4.20602665612e-06 -1.06417044794e-06
-5.42375142252e-09 -3.88137520213e-06 -1.26150997959e-06
-5.14174159281e-09 -3.51420419825e-06 -1.44578438563e-06
-4.82287025184e-09 -3.10852624438e-06 -1.61538048771e-06
-4.47034730123e-09 -2.66877587685e-06 -1.76883983814e-06
-4.08766888247e-09 -2.1997610268e-06 -1.90487298195e-06
-3.67858087334e-09 -1.70661038673e-06 -2.0223719057e-06
-3.24703999317e-09 -1.19471726233e-06 -2.12042054394e-06
-2.79717293287e-09 -6.69680523999e-07 -2.19830323492e-06
-2.3332339459e-09 -1.37243305332e-07 -2.25551103993e-06
-1.85956135183e-09 3.96769880382e-07 -2.29174586318e-06
-1.38053341468e-09 9.26516916477e-07 -2.3069223335e-06
-9.00524064022e-10 1.44620205391e-06 -2.30116743278e-06
-4.23858927167e-10 1.95013937562e-06 -2.27481788102e-06
4.52278637006e-11 2.43281505982e-06 -2.22841531132e-06
5.02635634962e-10 2.88894775935e-06 -2.16269929279e-06
9.4443746565e-10 3.31354643648e-06 -2.07859828182e-06
1.36691839133e-09 3.70196501896e-06 -1.97721860472e-06
1.76661112058e-09 4.04995327922e-06 -1.85983159607e-06
2.14032889479e-09 4.35370337878e-06 -1.72785903632e-06
2.48519515387e-09 4.60989156849e-06 -1.58285705085e-06
2.79866970593e-09 4.81571458755e-06 -1.42649864892e-06
3.07857113759e-09 4.9689203626e-06 -1.26055509508e-06
3.32309524317e-09 5.06783267069e-06 -1.08687631846e-06
3.53082929455e-09 5.11136949586e-06 -9.0737057478e-07
3.70076201943e-09 5.09905487826e-06 -7.23983584113e-07
3.83228920241e-09 5.03102412611e-06 -5.38677372427e-07
3.92521487117e-09 4.90802233312e-06 -3.53409047689e-07
3.97974807839e-09 4.73139621807e-06 -1.70109741651e-07
3.99649533753e-09 4.50307937544e-06 9.33605395528e-09
3.97644881807e-09 4.22557109893e-06 1.83110532823e-07
3.9209704517e-09 3.90190900997e-06 3.49481784354e-07
3.83177214482e-09 3.53563579054e-06 5.06821961671e-07
3.71089233506e-09 3.13076038545e-06 6.53624212072e-07
3.56066916832e-09 2.69171409826e-06 7.88518188603e-07
3.38371060936e-09 2.22330206261e-06 9.10283977373e-07
3.1828618312e-09 1.73065061975e-06 1.01786429296e-06
2.96117025761e-09 1.21915117941e-06 1.11037481355e-06
2.72184865742e-09 6.94401178365e-07 1.18711254831e-06
2.46823670957e-09 1.62142783949e-07 1.24756215101e-06
2.2037614733e-09 -3.71799986482e-07 1.29140011719e-06
1.93189720848e-09 -9.01585040929e-07 1.31849682511e-06
1.65612499702e-09 -1.42141618486e-06 1.32891640487e-06
1.37989261693e-09 -1.92560658872e-06 1.32291444399e-06
1.10657511635e-09 -2.40864105639e-06 1.30093356157e-06
8.39436525913e-10 -2.86523641169e-06 1.26359690664e-06
5.81593133633e-10 -3.29039934229e-06 1.21169965924e-06
3.35978728038e-10 -3.67948106676e-06 1.14619863448e-06
1.05312192044e-10 -4.02822822668e-06 1.06820011106e-06
-1.07932197098e-10 -4.33282944567e-06 9.789460247e-07
-3.01551437707e-10 -4.58995704603e-06 8.79798685143e-07
-4.73637154022e-10 -4.79680346583e-06 7.72224191484e-07
-6.22595375484e-10 -4.95111197761e-06 6.57774734551e-07
-7.47162534015e-10 -5.05120137237e-06 5.38069987346e-07
-8.46417511268e-10 -5.09598433872e-06 4.14777794278e-07
-9.1978961249e-10 -5.08497933571e-06 2.89594377451e-07
-9.67062389656e-10 -5.01831582971e-06 1.64224283351e-07
-9.88373283325e-10 -4.89673283789e-06 4.03602958665e-08
-9.84209099739e-10 -4.72157079468e-06 -8.03364582938e-08
-9.55397386567e-10 -4.49475683023e-06 -1.96255988154e-07
-9.03093816738e-10 -4.2187836224e-06 -3.05858282205e-07
-8.2876573465e-10 -3.89668205435e-06 -4.07691305844e-07
-7.34172062097e-10 -3.5319879769e-06 -5.0040795066e-07
-6.21339802073e-10 -3.12870344064e-06 -5.82781745577e-07
-4.92537416719e-10 -2.69125282192e-06 -6.53721153821e-07
-3.50245390739e-10 -2.2244343243e-06 -7.12282295579e-07
-1.97124323085e-10 -1.73336738612e-06 -7.57679953905e-07
-3.59809174011e-11 -1.22343657123e-06 -7.89296740659e-07
1.30267734738e-10 -7.00232557059e-07 -8.06690319876e-07
2.98631164695e-10 -1.69490867282e-07 -8.09598607711e-07
4.66083404114e-10 3.62970980291e-07 -7.97942890715e-07
6.29601291428e-10 8.91317221252e-07 -7.71828827497e-07
7.86202765383e-10 1.40975778973e-06 -7.31545322468e-07
9.32984703572e-10 1.91261175983e-06 -6.77561284143e-07
1.06715986902e-09 2.39436958911e-06 -6.1052030414e-07
1.18609253781e-09 2.8497534812e-06 -5.31233316232e-07
1.28733239548e-09 3.27377520708e-06 -4.4066931743e-07
1.36864630925e-09 3.66179075094e-06 -3.39944254722e-07
1.42804760678e-09 4.0095511823e-06 -2.3030820165e-07
1.4638225203e-09 4.31324919691e-06 -1.13130968075e-07
1.47455348614e-09 4.56956081651e-06 1.01136959575e-08
1.45913902557e-09 4.7756817909e-06 1.37865125509e-07
1.41680997035e-09 4.92935830327e-06 2.68493804646e-07
1.34714183793e-09 5.02891164266e-06 4.00320266594e-07
1.25006320408e-09 5.07325657327e-06 5.31634618359e-07
1.12585996563e-09 5.06191319947e-06 6.60716470792e-07
9.75175432168e-10 4.99501219656e-06 7.85855050393e-07
7.99006232456e-10 4.87329335024e-06 9.05369266848e-07
5.98694068145e-10 4.69809742081e-06 1.01762751053e-06
3.75913394446e-10 4.47135142139e-06 1.12106695697e-06
1.32655153054e-10 4.19554747158e-06 1.2142121604e-06
-1.28793272639e-10 3.87371545856e-06 1.29569272625e-06
-4.05871667284e-10 3.50938980495e-06 1.36425986234e-06
-6.9577390509e-10 3.10657070821e-06 1.4188016206e-06
-9.95477892192e-10 2.66968027578e-06 1.45835665559e-06
-1.30177820446e-09 2.2035140374e-06 1.48212634222e-06
-1.61132106438e-09 1.71318836537e-06 1.48948511293e-06
-1.92064127346e-09 1.20408437955e-06 1.47998889425e-06
-2.22620069405e-09 6.81788951408e-07 1.45338154341e-06
-2.52442785563e-09 1.52033453995e-07 1.40959920779e-06
-2.81175824734e-09 -3.7936907116e-07 1.34877255262e-06
-3.08467484929e-09 -9.06587641393e-07 1.27122682609e-06
-3.33974845145e-09 -1.4238372565e-06 1.17747975467e-06
-3.5736773098e-09 -1.92544231752e-06 1.06823728551e-06
-3.78332569544e-09 -2.40589884637e-06 9.44387216558e-07
-3.96576090324e-09 -2.85993482377e-06 8.06990778347e-07
-4.11828830246e-09 -3.28256798497e-06 6.57272254204e-07
-4.23848403179e-09 -3.66916043916e-06 4.96606747344e-07
-4.3242249663e-09 -4.01546951474e-06 3.26506223916e-07
-4.37371561257e-09 -4.31769427262e-06 1.48603980305e-07
-4.385511621e-09 -4.57251717822e-06 -3.53622994088e-08
-4.35853964042e-09 -4.77714047533e-06 -2.23568714134e-07
-4.29211327967e-09 -4.92931686318e-06 -4.14124349054e-07
-4.18594498245e-09 -5.02737414062e-06 -6.05091304268e-07
-4.04015366616e-09 -5.07023354714e-06 -7.94505332109e-07
-3.85526802122e-09 -5.05742160001e-06 -9.80396859353e-07
-3.63222541442e-09 -4.98907529733e-06 -1.16081216592e-06
-3.37236638781e-09 -4.86594063032e-06 -1.33383448951e-06
-3.07742479245e-09 -4.68936442095e-06 -1.49760482596e-06
-2.7495136441e-09 -4.46127957426e-06 -1.65034219815e-06
-2.39110683479e-09 -4.18418390686e-06 -1.7903631713e-06
-2.00501687934e-09 -3.86111278389e-06 -1.91610040097e-06
-1.59436891993e-09 -3.49560586369e-06 -2.02612000936e-06
-1.16257125241e-09 -3.09166831512e-06 -2.11913759884e-06
-7.13282676977e-10 -2.65372693182e-06 -2.19403272534e-06
-2.50377010668e-10 -2.18658162498e-06 -2.24986167122e-06
2.22094869174e-10 -1.69535282538e-06 -2.28586837526e-06
6.99945053795e-10 -1.18542537161e-06 -2.3014933971e-06
1.17889028421e-09 -6.62389498897e-07 -2.29638081493e-06
1.65459484588e-09 -1.3197957545e-07 -2.27038297706e-06
2.12271422387e-09 3.99988742743e-07 -2.22356305165e-06
2.57893905656e-09 9.27682249563e-07 -2.15619534214e-06
3.01903892144e-09 1.445314121e-06 -2.0687633607e-06
3.43890548771e-09 1.9472073408e-06 -1.96195567555e-06
3.83459457609e-09 2.42785692518e-06 -1.83665957289e-06
4.20236667715e-09 2.88199026409e-06 -1.69395259727e-06
4.53872549535e-09 3.30462491838e-06 -1.53509205748e-06
4.84045410626e-09 3.69112323891e-06 -1.36150260721e-06
5.10464833936e-09 4.03724320969e-06 -1.17476203057e-06
5.32874702816e-09 4.33918495728e-06 -9.76585381862e-07
5.51055880204e-09 4.59363241709e-06 -7.68807647409e-07
5.64828513122e-09 4.79778969982e-06 -5.53365112761e-07
5.74053937559e-09 4.94941175944e-06 -3.32275633171e-07
5.78636163081e-09 5.04682902654e-06 -1.07618016948e-07
5.78522920978e-09 5.08896573703e-06 1.18489258885e-07
5.73706264386e-09 5.07535175528e-06 3.43909773912e-07
5.64222713626e-09 5.00612776178e-06 5.66511099015e-07
5.50152944819e-09 4.88204374863e-06 7.84186706456e-07
5.31621024736e-09 4.70445083893e-06 9.94877621563e-07
5.08793199668e-09 4.47528651973e-06 1.19659358492e-06
4.81876250876e-09 4.19705344995e-06 1.38743349915e-06
4.51115433779e-09 3.87279207561e-06 1.56560494215e-06
4.16792022523e-09 3.50604735193e-06 1.72944253843e-06
3.79220485739e-09 3.10082993706e-06 1.87742499279e-06
3.38745323265e-09 2.66157228209e-06 2.00819060476e-06
2.95737597187e-09 2.19308009884e-06 2.12055109867e-06
2.50591193843e-09 1.70047973637e-06 2.21350362235e-06
2.03718856242e-09 1.1891620433e-06 2.28624078735e-06
1.55548028828e-09 6.64723330269e-07 2.33815864444e-06
1.06516558461e-09 1.32904079783e-07 2.36886251077e-06
5.70682970171e-10 -4.0047392555e-07 2.37817058784e-06
7.64865200068e-11 -9.29571367298e-07 2.36611533373e-06
-4.12998679005e-10 -1.4485953499e-06 2.33294257678e-06
-8.93420653951e-10 -1.9518628525e-06 2.2791083827e-06
-1.36054378871e-09 -2.43386297959e-06 2.20527371099e-06
-1.81029072949e-09 -2.88931732759e-06 2.11229692049e-06
-2.23878251361e-09 -3.31323780685e-06 2.00122420705e-06
-2.64237650169e-09 -3.70098128489e-06 1.87327807855e-06
-3.01770171753e-09 -4.0483004529e-06 1.72984399351e-06
-3.36169122824e-09 -4.35139035753e-06 1.57245530927e-06
-3.67161122962e-09 -4.60693008873e-06 1.40277670401e-06
-3.94508653762e-09 -4.81211916657e-06 1.22258625278e-06
-4.18012222568e-09 -4.96470822843e-06 1.03375635258e-06
-4.37512118984e-09 -5.06302368039e-06 8.38233703312e-07
-4.52889746743e-09 -5.1059860426e-06 6.38018561575e-07
-4.64068518134e-09 -5.09312178775e-06 4.35143491945e-07
-4.71014302897e-09 -5.02456854258e-06 2.31651845337e-07
-4.73735428336e-09 -4.90107359573e-06 2.9576196849e-08
-4.72282232215e-09 -4.72398572798e-06 -1.69083024468e-07
-4.66746174837e-09 -4.49524045437e-06 -3.62378483865e-07
-4.57258521442e-09 -4.2173388397e-06 -5.48436242034e-07
-4.43988610677e-09 -3.8933201198e-06 -7.25475191382e-07
-4.27141729315e-09 -3.52672842773e-06 -8.91825419365e-07
-4.06956617626e-09 -3.12157399021e-06 -1.04594530286e-06
-3.83702633725e-09 -2.68228921839e-06 -1.18643715157e-06
-3.57676608868e-09 -2.21368017485e-06 -1.3120612347e-06
-3.29199428895e-09 -1.72087394757e-06 -1.42174804275e-06
-2.9861237995e-09 -1.20926250801e-06 -1.51460865602e-06
-2.66273299031e-09 -6.84443667767e-07 -1.58994311215e-06
-2.32552571957e-09 -1.52159780886e-07 -1.64724668693e-06
-1.97829022868e-09 3.81765136957e-07 -1.68621402569e-06
-1.62485740453e-09 9.1148918335e-07 -1.70674108612e-06
-1.26905886667e-09 1.43121653995e-06 -1.70892487729e-06
-9.14685337401e-10 1.93526093789e-06 -1.69306100372e-06
-5.65445748713e-10 2.41810792328e-06 -1.65963904768e-06
-2.24927530635e-10 2.87447524011e-06 -1.60933584587e-06
1.03441488768e-10 3.29937066961e-06 -1.54300674039e-06
4.16429160187e-10 3.68814669222e-06 -1.46167490523e-06
7.11032678548e-10 4.03655137366e-06 -1.36651887104e-06
9.84509476581e-10 4.34077491751e-06 -1.25885839008e-06
1.23440501737e-09 4.59749137449e-06 -1.14013880148e-06
1.45857719181e-09 4.80389505171e-06 -1.01191407312e-06
1.6552170651e-09 4.95773122291e-06 -8.75828710517e-07
1.8228657574e-09 5.05732080345e-06 -7.33598735585e-07
1.96042728691e-09 5.10157871986e-06 -5.8699194771e-07
2.0671772489e-09 5.09002577277e-06 -4.37807687377e-07
2.14276725046e-09 5.02279386327e-06 -2.87856327618e-07
2.18722506805e-09 4.9006245257e-06 -1.38938721239e-07
2.20095054234e-09 4.72486078288e-06 7.17416807649e-09
2.18470727222e-09 4.49743241324e-06 1.4876122507e-07
2.13961021631e-09 4.22083479116e-06 2.84170511729e-07
2.0671093555e-09 3.89810153269e-06 4.11837752034e-07
1.96896961376e-09 3.53277124605e-06 5.30303768658e-07
1.84724727541e-09 3.12884875167e-06 6.38230679513e-07
1.70426317587e-09 2.69076119615e-06 7.34416676008e-07
1.54257297829e-09 2.2233095417e-06 8.17809220824e-07
1.36493488021e-09 1.73161596178e-06 8.87516520697e-07
1.17427512295e-09 1.22106772004e-06 9.4281714901e-07
9.7365169976e-10 6.97258146789e-07 9.83167713627e-07
7.66216678837e-10 1.65925360237e-07 1.00820848723e-06
5.55177571829e-10 -3.67110596669e-07 1.01776694005e-06
3.43758188656e-10 -8.9601151457e-07 1.0118591384e-06
1.35159424675e-10 -1.41498497321e-06 9.90688995821e-07
-6.7479573637e-11 -1.91834779288e-06 9.54645387972e-07
-2.61119422984e-10 -2.40058828734e-06 9.04297165762e-07
-4.42857265742e-10 -2.85642663551e-06 8.40386124714e-07
-6.09961863242e-10 -3.28087271121e-06 7.63818011283e-07
-7.5990662156e-10 -3.66928073686e-06 6.75651668566e-07
-8.90400175007e-10 -4.01740016298e-06 5.77086444527e-07
-9.99414180183e-10 -4.32142221563e-06 4.69448005165e-07
-1.08520800496e-09 -4.57802160225e-06 3.54172712719e-07
-1.14635003181e-09 -4.78439291897e-06 2.32790744971e-07
-1.18173533291e-09 -4.93828136054e-06 1.06908145666e-07
-1.19059951558e-09 -5.03800739667e-06 -2.18119920531e-08
-1.17252857915e-09 -5.08248514442e-06 -1.51668997645e-07
-1.12746466984e-09 -5.07123423556e-06 -2.80944531771e-07
-1.05570766572e-09 -5.00438504901e-06 -4.07922707772e-07
-9.5791257117e-10 -4.88267725102e-06 -5.3091019992e-07
-8.35082746971e-10 -4.70745165953e-06 -6.48256112393e-07
-6.88559049263e-10 -4.48063552163e-06 -7.58371385598e-07
-5.20004996445e-10 -4.20472136575e-06 -8.59747521456e-07
-3.31388127873e-10 -3.88273966055e-06 -9.50974416839e-07
-1.24957761108e-10 -3.51822557982e-06 -1.0307571041e-06
9.67806049185e-11 -3.11518023817e-06 -1.09793120976e-06
3.31093955565e-10 -2.67802682174e-06 -1.15147695645e-06
5.75053174939e-10 -2.21156209549e-06 -1.19053154954e-06
8.25566857942e-10 -1.72090381765e-06 -1.21439980729e-06
1.07941714135e-09 -1.21143463832e-06 -1.22256291338e-06
1.3332971522e-09 -6.88743096517e-07 -1.21468519079e-06
1.58384965316e-09 -1.5856236261e-07 -1.19061881842e-06
1.82770645032e-09 3.73292602983e-07 -1.15040643437e-06
2.06152811985e-09 9.00988785728e-07 -1.0942815931e-06
2.28204360536e-09 1.41873904969e-06 -1.02266706782e-06
2.48608923878e-09 1.92086556582e-06 -9.3617101295e-07
2.67064674278e-09 2.40186204153e-06 -8.35581025526e-07
2.83287978374e-09 2.85645406887e-06 -7.21856167648e-07
2.97016865898e-09 3.27965693077e-06 -5.96117034705e-07
3.08014272259e-09 3.66683023127e-06 -4.59633975906e-07
3.16071017781e-09 4.01372875181e-06 -3.13813594234e-07
3.21008489306e-09 4.31654897563e-06 -1.60183672099e-07
3.22680993042e-09 4.57197077104e-06 -3.76686619843e-10
3.20977751176e-09 4.77719377664e-06 1.63887905755e-07
3.15824518599e-09 4.92996808963e-06 3.30822421705e-07
3.07184800296e-09 5.02861892128e-06 4.9859053529e-07
2.95060654312e-09 5.07206494923e-06 6.65327479198e-07
2.79493069726e-09 5.05983016548e-06 8.29160641105e-07
2.60561913792e-09 4.99204909046e-06 9.88230328544e-07
2.38385447104e-09 4.86946529588e-06 1.14071047349e-06
2.1311941042e-09 4.69342325267e-06 1.2848290482e-06
1.84955691516e-09 4.46585359336e-06 1.41888796657e-06
1.54120585085e-09 4.18925195019e-06 1.54128225082e-06
1.20872663194e-09 3.86665160138e-06 1.65051825065e-06
8.55002781609e-10 3.50159022449e-06 1.74523071256e-06
4.83187237711e-10 3.09807112214e-06 1.82419850885e-06
9.66708460951e-11 2.66051934403e-06 1.88635885066e-06
-3.00951932664e-10 2.19373318695e-06 1.93081982542e-06
-7.05919739202e-10 1.70283160349e-06 1.95687111734e-06
-1.11434306281e-09 1.19319809634e-06 1.96399278929e-06
-1.522244606e-09 6.70421712507e-07 1.95186202532e-06
-1.92560083315e-09 1.40235784416e-07 1.92035775532e-06
-2.32038425624e-09 -3.91544911149e-07 1.86956310633e-06
-2.70260600155e-09 -9.19087887317e-07 1.79976564871e-06
-3.06835819717e-09 -1.43660687666e-06 1.71145542923e-06
-3.41385572184e-09 -1.93842525485e-06 1.60532080762e-06
-3.73547686189e-09 -2.41903826411e-06 1.48224213682e-06
-4.02980243351e-09 -2.8731733539e-06 1.34328335075e-06
-4.29365294365e-09 -3.29584797827e-06 1.1896815466e-06
-4.52412338289e-09 -3.68242421587e-06 1.02283467011e-06
-4.71861526871e-09 -4.02865961471e-06 8.44287433732e-07
-4.87486558642e-09 -4.33075370383e-06 6.55715616246e-07
-4.99097230799e-09 -4.58538966266e-06 4.58908910896e-07
-5.06541620544e-09 -4.78977069112e-06 2.55752504555e-07
-5.09707871474e-09 -4.94165068195e-06 4.82075847405e-08
-5.08525564888e-09 -5.03935885903e-06 -1.61709016941e-07
-5.02966660267e-09 -5.08181811176e-06 -3.71945826711e-07
-4.93045993838e-09 -5.06855682431e-06 -5.80438150455e-07
-4.78821328883e-09 -4.9997140701e-06 -7.85129685226e-07
-4.60392956246e-09 -4.87603811456e-06 -9.83994087921e-07
-4.37902848363e-09 -4.69887824235e-06 -1.17505626883e-06
-4.11533374932e-09 -4.47016999851e-06 -1.35641318059e-06
-3.81505593069e-09 -4.19241400512e-06 -1.52625387827e-06
-3.48077129398e-09 -3.86864858559e-06 -1.68287863415e-06
-3.1153967591e-09 -3.50241649617e-06 -1.82471690062e-06
-2.7221612562e-09 -3.09772612942e-06 -1.95034392727e-06
-2.30457377916e-09 -2.65900761423e-06 -2.05849585228e-06
-1.86638847111e-09 -2.1910642938e-06 -2.14808310502e-06
-1.41156710865e-09 -1.69902011256e-06 -2.21820197458e-06
-9.44239380148e-10 -1.18826348898e-06 -2.26814421907e-06
-4.68661376987e-10 -6.64388288649e-07 -2.29740461128e-06
1.08272636562e-11 -1.33132544778e-07 -2.3056863389e-06
4.89847111509e-10 3.9968440297e-07 -2.29290420049e-06
9.64023128449e-10 9.28225662164e-07 -2.25918556214e-06
1.42902881869e-09 1.44670073582e-06 -2.20486906414e-06
1.88062987653e-09 1.94942896395e-06 -2.13050109112e-06
2.3147268697e-09 2.430901764e-06 -2.03683004333e-06
2.72739650657e-09 2.88584298756e-06 -1.92479847063e-06
3.11493105075e-09 3.30926673276e-06 -1.79553315355e-06
3.47387546657e-09 3.69653197819e-06 -1.65033323826e-06
3.80106190318e-09 4.0433934404e-06 -1.49065655318e-06
4.09364115397e-09 4.34604809721e-06 -1.31810425448e-06
4.34911076027e-09 4.60117686734e-06 -1.13440396593e-06
4.5653394645e-09 4.80598098964e-06 -9.41391594701e-07
4.74058775758e-09 4.95821270307e-06 -7.40992018907e-07
4.87352430694e-09 5.05619989143e-06 -5.35198854883e-07
4.9632380962e-09 5.09886442273e-06 -3.26053522018e-07
5.00924615375e-09 5.08573398205e-06 -1.15623830456e-07
5.01149679462e-09 5.01694726823e-06 9.40176780221e-08
4.97036834868e-09 4.89325249735e-06 3.0081540303e-07
4.88666339632e-09 4.71599922941e-06 5.02752139671e-07
4.76159858142e-09 4.48712360739e-06 6.9787008334e-07
4.59679011858e-09 4.20912717048e-06 8.84291159939e-07
4.39423515778e-09 3.88504947363e-06 1.06023646367e-06
4.15628921423e-09 3.5184348128e-06 1.22404459443e-06
3.88563991284e-09 3.11329342107e-06 1.37418869892e-06
3.58527733651e-09 2.67405755982e-06 1.50929203389e-06
3.2584613032e-09 2.20553298676e-06 1.62814188591e-06
2.90868592962e-09 1.71284633163e-06 1.72970170042e-06
2.53964186791e-09 1.20138895665e-06 1.81312129195e-06
2.15517662617e-09 6.76757916216e-07 1.87774502877e-06
1.75925340369e-09 1.44694662901e-07 1.92311790705e-06
1.35590888704e-09 -3.88977829116e-07 1.94898945277e-06
9.49210463505e-10 -9.1841883405e-07 1.95531541319e-06
5.43213313795e-10 -1.43783383987e-06 1.94225722402e-06
1.41917846481e-10 -1.94153800768e-06 1.91017926219e-06
-2.50772068191e-10 -2.42401843078e-06 1.85964391867e-06
-6.31089616923e-10 -2.87999451042e-06 1.79140454916e-06
-9.95443880756e-10 -3.30447578787e-06 1.70639638364e-06
-1.34045657675e-09 -3.6928165983e-06 1.60572549789e-06
-1.66299631309e-09 -4.04076694873e-06 1.49065597098e-06
-1.9602099947e-09 -4.34451906188e-06 1.36259537251e-06
-2.22955104823e-09 -4.6007490765e-06 1.22307874134e-06
-2.46880417062e-09 -4.80665344742e-06 1.07375123363e-06
-2.67610634419e-09 -4.95997964632e-06 9.16349632638e-07
-2.84996390223e-09 -5.05905082703e-06 7.5268292456e-07
-2.989265473e-09 -5.10278418529e-06 5.84612154815e-07
-3.09329067524e-09 -5.09070281178e-06 4.14029786695e-07
-3.16171448526e-09 -5.0229409085e-06 2.4283878942e-07
-3.19460724304e-09 -4.90024231147e-06 7.29316852982e-08
-3.19243031295e-09 -4.72395233613e-06 -9.38302141883e-08
-3.15602746189e-09 -4.49600303444e-06 -2.55637155942e-07
-3.08661206503e-09 -4.21889202542e-06 -4.10750653919e-07
-2.98575029445e-09 -3.89565513128e-06 -5.57522343674e-07
-2.85534049019e-09 -3.52983311841e-06 -6.94411777239e-07
-2.69758895457e-09 -3.12543290815e-06 -8.20002964709e-07
-2.5149824496e-09 -2.6868836819e-06 -9.33019482932e-07
-2.31025771308e-09 -2.21898836178e-06 -1.03233798772e-06
-2.08636834105e-09 -1.72687099808e-06 -1.11699998373e-06
-1.846449413e-09 -1.2159206402e-06 -1.18622172562e-06
-1.59378025984e-09 -6.91732305658e-07 -1.23940214469e-06
-1.33174579505e-09 -1.60045694233e-07 -1.27612871728e-06
-1.0637968439e-09 3.73317681739e-07 -1.29618121373e-06
-7.93409916383e-10 9.02518261796e-07 -1.29953329046e-06
-5.24046874523e-10 1.42176239841e-06 -1.2863519114e-06
-2.59114945329e-10 1.92536581342e-06 -1.25699460886e-06
-1.92752586236e-12 2.40781585543e-06 -1.21200461802e-06
2.44333782533e-10 2.86383187525e-06 -1.15210394257e-06
4.76655488187e-10 3.28842305897e-06 -1.07818443171e-06
6.92226467624e-10 3.6769430842e-06 -9.91296970887e-07
8.88469788458e-10 4.02514100161e-06 -8.92638909117e-07
1.06307174414e-09 4.32920778372e-06 -7.83539865415e-07
1.21400777954e-09 4.58581803144e-06 -6.65446074448e-07
1.33956502143e-09 4.79216638147e-06 -5.39903447718e-07
