0.0 0.0 0.0
-9.75645405205e-07 1.80213414086e-05 9.36619588997e-08
-7.45163105897e-06 6.56707183979e-05 5.28032663862e-07
-2.91216113942e-05 0.00013213334469 1.55228544832e-06
-7.98481496672e-05 0.00020993394136 3.31746222589e-06
-0.000175913529221 0.000293797328693 5.90481421124e-06
-0.000334761631703 0.000379905625937 9.3446036271e-06
-0.000574067049022 0.000465415270898 1.36287164355e-05
-0.000911025332658 0.000548144148532 1.87192787936e-05
-0.0013617960553 0.000626369980139 2.45547105802e-05
-0.00194105502923 0.000698701358554 3.10541509172e-05
-0.00266162809385 0.00076399608159 3.81208632862e-05
-0.00353418930243 0.000821310136238 4.56450127377e-05
-0.00456701304148 0.000869866393239 5.35060662107e-05
-0.00576577387529 0.000909035816967 6.15749738349e-05
-0.007133390558 0.000938326455132 6.97162277054e-05
-0.00866991224373 0.000957377089789 7.77898541248e-05
-0.0103724458138 0.00096595349589 8.56533686038e-05
-0.0122351236671 0.000963945956503 9.31637053121e-05
-0.0142491114426 0.000951367149539 0.000100179121138
-0.0164026550695 0.00092834983108 0.000106561067038
-0.0186811663367 0.000895143948652 0.000112176014617
-0.0210673458955 0.000852112959112 0.000116897223032
-0.0235413422786 0.000799729223073 0.000120606429741
-0.0260809451722 0.000738568415938 0.000123195448045
-0.0286618108227 0.000669302944437 0.000124567654399
-0.0312577171089 0.000592694393407 0.000124639349079
-0.0338408454823 0.000509585054518 0.000123340974763
-0.036382086666 0.000420888609428 0.000120618178879
-0.0388513667284 0.00032758005614 0.000116432707111
-0.0412179898984 0.000230684980239 0.00011076311721
-0.0434509942877 0.000131268282857 0.000103605304163
-0.0455195165167 3.04224851847e-05 9.4972829815e-05
-0.0473931611206 -7.07442647569e-05 8.48970521655e-05
-0.0490423705368 -0.000171120353228 7.34270517909e-05
-0.0504387914416 -0.000269602897532 6.06293550633e-05
-0.0515556332246 -0.000365109845426 4.65874561127e-05
-0.0523680144521 -0.000456591845028 3.14011417191e-05
-0.0528532932776 -0.000543043755397 1.51856255292e-05
-0.0529913779199 -0.000623515671835 -1.92949986826e-06
-0.0527650135211 -0.000697123345176 -1.98014824171e-05
-0.0521600419429 -0.000763057880952 -3.82757890895e-05
-0.0511656313371 -0.00082059461218 -5.7187629064e-05
-0.0497744726428 -0.000869101048549 -7.63636055921e-05
-0.0479829405108 -0.000908043814888 -9.56234790794e-05
-0.0457912165348 -0.000936994502907 -0.000114782022613
-0.0432033730693 -0.000955634372031 -0.000133650950073
-0.0402274163383 -0.000963757847847 -0.000152040896109
-0.036875287977 -0.000961274779778 -0.000169763426574
-0.0331628245996 -0.000948211433256 -0.000186633057656
-0.0291096754397 -0.000924710205488 -0.000202469261696
-0.0247391785698 -0.000891028067938 -0.000217098437809
-0.0200781966584 -0.000847533752559 -0.000230355825686
-0.0151569136668 -0.000794703712621 -0.00024208734151
-0.0100085943209 -0.00073311690237 -0.000252151315694
-0.00466930860396 -0.000663448432734 -0.000260420113131
0.000822376093932 -0.000586462172572 -0.000266781617867
0.00642573217076 -0.000503002376561 -0.000271140565508
0.0120982350226 -0.000413984431455 -0.000273419708266
0.0177959486431 -0.00032038482211 -0.000273560799301
0.023473929729 -0.000223230427254 -0.000271525384952
0.0290866461915 -0.000123587262289 -0.000267295395447
0.0345884057988 -2.25487924995e-05 -0.000260873526856
0.0399337905501 7.87760552588e-05 -0.000252283409268
0.0450780922972 0.000179275051004 -0.000241569558451
0.0499777450997 0.000277844856955 -0.000228797110588
0.054590749814 0.000373403126095 -0.000214051341985
0.0588770864804 0.000464900371347 -0.000197436977988
0.0627991101844 0.000551331475299 -0.000179077297598
0.0663219262267 0.000631746714309 -0.000159113042463
0.0694137406387 0.000705262176157 -0.000137701141085
0.0720461823273 0.000771069457057 -0.000115013261018
0.0741945934185 0.000828444531723 -9.12342037438e-05
0.075838284693 0.000876755699257 -6.656015861e-05
0.0769607533633 0.000915470517741 -4.11968337319e-05
0.0775498608305 0.000944161651487 -1.53574831253e-05
0.0775979684721 0.000962511566845 1.07391495367e-05
0.0771020299433 0.00097031602503 3.68709492264e-05
0.0760636389314 0.00096748633367 6.28145879179e-05
0.07448903176 0.000954050332321 8.83477005332e-05
0.0723890447149 0.000930152101109 0.000113251055802
0.0697790264316 0.000896050395623 0.000137310699389
0.0666787061577 0.000852115825156 0.000160320046906
0.0631120191591 0.000798826805144 0.000182081904959
0.0591068909918 0.000736764328103 0.000202410399102
0.0546949827869 0.000666605610293 0.000221132788563
0.0499114001061 0.000589116683676 0.000238091148794
0.0447943683032 0.00050514401427 0.000253143904292
0.0393848776781 0.000415605238693 0.000266167195711
0.0337263020242 0.000321479120341 0.000277056067068
0.0278639944432 0.000223794835203 0.000285725460711
0.021844864542 0.000123620704651 0.000292111009801
0.0157169413129 2.20524986361e-05 0.000296169620189
0.00952892614655 -7.97985626163e-05 0.000297879835783
0.00332974052532 -0.000180817976961 0.000297241983855
-0.00283192700462 -0.000279900165461 0.000294278099019
-0.0089080699838 -0.000375960580576 0.000289031626982
-0.0148518047599 -0.000467947584787 0.000281566911524
-0.0206177983218 -0.000554853969504 0.000271968470419
-0.0261626789333 -0.000635727988087 0.000260340068281
-0.0314454254409 -0.000709683782091 0.000246803596455
-0.0364277313633 -0.000775911086517 0.000231497772088
-0.0410743401398 -0.000833684107729 0.000214576670459
-0.0453533482316 -0.000882369476766 0.000196208106358
-0.0492364731095 -0.000921433190901 0.00017657188192
-0.0526992835428 -0.000950446467392 0.000155857919672
-0.0557213900058 -0.000969090445255 0.000134264300778
-0.0582865934452 -0.000977159683548 0.000111995229403
-0.0603829910941 -0.000974564417798 8.92589448879e-05
-0.0620030384773 -0.000961331549829 6.62656039045e-05
-0.0631435672167 -0.000937604360125 4.3225155073e-05
-0.0638057587123 -0.00090364094583 2.0345228504e-05
-0.063995074244 -0.000859811401476 -2.17093745763e-06
-0.0637211424947 -0.000806593773284 -2.41265104782e-05
-0.0629976059444 -0.000744568831326 -4.53329983512e-05
-0.0618419280159 -0.000674413716771 -6.56120827839e-05
-0.0602751632599 -0.000596894533789 -8.47973337879e-05
-0.0583216932522 -0.000512857967209 -0.00010273578695
-0.0560089312279 -0.000423222017736 -0.000119289367386
-0.053366998798 -0.000328965956176 -0.000134336145884
-0.0504283783762 -0.000231119606675 -0.000147771414604
-0.0472275451859 -0.000130752076342 -0.000159508571672
-0.043800582917 -2.89600546761e-05 -0.000169479806138
-0.04018478726 7.3144189065e-05 -0.000177636576933
-0.0364182616491 0.000174444979109 -0.000183949881716
-0.0325395096123 0.000273835443701 -0.000188410313816
-0.0285870281375 0.000370229629213 -0.000191027907763
-0.0245989064296 0.000462574385148 -0.000191831776201
-0.0206124343518 0.000549860889892 -0.000190869543267
-0.0166637247169 0.000631135690981 -0.000188206581682
-0.0127873534186 0.000705511138986 -0.000183925062951
-0.00901602117867 0.000772175100746 -0.000178122832083
-0.00538024042698 0.000830399845583 -0.000170912120079
-0.00190805053814 0.000879550007191 -0.000162418109249
0.00137523568214 0.000919089534015 -0.000152777367898
0.00444725172655 0.000948587552006 -0.000142136172365
0.00728876118406 0.000967723075584 -0.000130648735556
0.00988380386756 0.000976288515207 -0.000118475362059
0.012219802959 0.000974191943182 -0.000105780550718
0.0142876322999 0.000961458092908 -9.27310660068e-05
0.0160816434026 0.00093822808065 -7.94939998569e-05
0.0175996522096 0.000904757852914 -6.62348456127e-05
0.0188428860762 0.000861415376463 -5.31156055849e-05
0.0198158918974 0.000808676601782 -4.02929532438e-05
0.0205264067271 0.000747120244243 -2.79164704144e-05
0.020985192658 0.000677421440152 -1.61269789458e-05
0.021205838118 0.000600344347218 -5.05498521809e-06
0.0212045281155 0.000516733770494 5.18074546073e-06
0.0209997862981 0.000427505905577 1.44744690099e-05
0.0206121920022 0.000333638300458 2.27345833931e-05
0.0200640757375 0.000236159146024 2.98845780232e-05
0.0193791967827 0.000136136012524 3.58638016327e-05
0.0185824067601 3.46641554133e-05 4.06280405408e-05
0.0176993031982 -6.71454813309e-05 4.41499013995e-05
0.0167558771971 -0.000168178432985 4.64189947035e-05
0.0157781593606 -0.000267328919661 4.74419175996e-05
0.0147918681691 -0.000363511955987 4.72420367875e-05
0.013822064926 -0.000455675232236 4.58590745552e-05
0.0128928193243 -0.000542810636762 4.33485032034e-05
0.0120268895486 -0.00062396529353 3.97807552632e-05
0.0112454206502 -0.000698251993842 3.52402589807e-05
0.0105676647182 -0.000764858908017 2.98243104995e-05
0.0100107261088 -0.000823058470643 2.36417960025e-05
0.00958933470503 -0.000872215342105 1.68117787555e-05
0.00931564984812 -0.000911793359209 9.46196750807e-06
0.00919909722787 -0.000941361398783 1.72708403525e-06
0.00924624063654 -0.000960598090066 -6.25285126742e-06
0.00946069008626 -0.000969295324309 -1.43342959054e-05
0.00984304737066 -0.000967360523179 -2.23720033975e-05
0.0103908897184 -0.000954817641164 -3.02208619886e-05
0.0110987917468 -0.000931806891054 -3.77377327384e-05
0.0119583854813 -0.000898583195558 -4.47832657714e-05
0.0129584577676 -0.000855513382069 -5.12236737129e-05
0.014085083971 -0.000803072151366 -5.69324418147e-05
0.0153217964377 -0.000741836864483 -6.1791954983e-05
0.01664978579 -0.000672481204903 -6.56950228438e-05
0.018048132748 -0.00059576778557 -6.85462851256e-05
0.0194940678116 -0.000512539781778 -7.02634809743e-05
0.0209632558148 -0.000423711681644 -7.07785673349e-05
0.0224301020707 -0.00033025925557 -7.00386732275e-05
0.0238680765686 -0.000233208854628 -6.80068785767e-05
0.0252500524728 -0.000133626155169 -6.46628082205e-05
0.0265486549938 -3.26044730094e-05 -6.00030337958e-05
0.0277366165786 6.8747224718e-05 -5.404127835e-05
0.0287871342775 0.000169316478678 -4.68084207441e-05
0.0296742251098 0.000267999534146 -3.83522991579e-05
0.0303730752601 0.000363713441857 -2.8737315271e-05
0.0308603789914 0.000455407930279 -1.80438429334e-05
0.0311146632652 0.000542076919209 -6.36744734657e-06
0.0311165942054 0.00062276954851 6.18207708666e-06
0.0308492617354 0.000696600601145 1.94818400296e-05
0.0302984389492 0.000762760206277 3.33971474443e-05
0.0294528130506 0.000820522716116 4.77829388252e-05
0.0283041850023 0.000869254659248 6.24853538143e-05
0.0268476353678 0.000908421683276 7.734341109e-05
0.0250816541989 0.000937594410725 9.21907811259e-05
0.0230082332152 0.000956453144035 0.000106857633314
0.0206329189403 0.000964791368089 0.00012117253707
0.0179648258889 0.000962518011917 0.000134964395872
0.0150166093405 0.000949658444792 0.000148064392766
0.0118043976902 0.000926354195813 0.00016030792567
0.00834768480954 0.000892861400072 0.000171536510871
0.00466918330692 0.000849547988434 0.000181599633381
0.000794640007582 0.000796889651732 0.000190356523355
-0.00324738459527 0.000735464623645 0.000197677838518
-0.0074257707624 0.000665947339403 0.000203447233526
-0.0117071252614 0.000589101039864 0.000207562798382
-0.0160560955509 0.000505769401991 0.000209938349403
-0.0204357091677 0.000416867287482 0.000210504557808
-0.0248077347984 0.000323370710947 0.00020920990274
-0.0291330612584 0.000226306137562 0.000206021437424
-0.0333720903895 0.000126739227524 0.000200925359158
-0.0374851397138 2.57631506461e-05 0.000193927375976
-0.0414328505575 -7.55134008255e-05 0.000185052865018
-0.0451765972753 -0.000175978369799 0.000174346819892
-0.0486788931764 -0.000274528529075 0.000161873586615
-0.0519037887665 -0.000370081579588 0.000147716390038
-0.0548172579848 -0.00046158801954 0.000131976654917
-0.0573875682242 -0.000548042654351 0.00011477312807
-0.0595856300813 -0.000628495621259 9.62408102084e-05
-0.061385322981 -0.000702062807735 7.65297081568e-05
-0.0627637930671 -0.000767935549523 5.58034201158e-05
-0.0637017200318 -0.000825389501992 3.42375684949e-05
-0.0641835498756 -0.00087379258756 1.2018096512e-05
-0.0641976909464 -0.000912611932064 -1.06605537204e-05
-0.0637366709849 -0.000941419714034 -3.35973625822e-05
-0.0627972533159 -0.000959897862739 -5.65867336423e-05
-0.0613805107509 -0.000967841553482 -7.94205526022e-05
-0.059491856216 -0.000965161461809 -0.000101890282746
-0.0571410295758 -0.000951884751886 -0.000123789074715
-0.0543420405868 -0.000928154788181 -0.000144913868229
-0.0511130683822 -0.000894229573563 -0.00016506746341
-0.0474763183503 -0.000850478930903 -0.000184060539652
-0.0434578377237 -0.00079738045901 -0.000201713600503
-0.0390872916374 -0.000735514307186 -0.000217858823777
-0.0343977018366 -0.000665556825613 -0.0002323417971
-0.0294251506138 -0.000588273161127 -0.000245023120289
-0.0242084529301 -0.000504508879457 -0.000255779857351
-0.018788800015 -0.000415180705713 -0.000264506822498
-0.0132093780483 -0.000321266484544 -0.000271117686299
-0.00751496579492 -0.000223794469952 -0.000275545890028
-0.00175151529172 -0.000123832062092 -0.000277745358279
0.00403428012857 -2.24741144562e-05 -0.000277691002069
0.00979542605539 7.91690604669e-05 -0.000275379006905
0.0154850709455 0.000179983855638 -0.000270826902541
0.0210569492377 0.000278865570742 -0.000264073413513
0.0264658190855 0.000374730516617 -0.000255178091873
0.0316678902075 0.000466527890204 -0.000244220735841
0.0366212374602 0.000553251289901 -0.00023130060042
0.0412861958835 0.000633949745156 -0.000216535408214
0.045625733165 0.000707738139432 -0.000200060170811
0.0496057957063 0.000773806912322 -0.000182025833155
0.0531956247513 0.000831430934513 -0.000162597755167
0.0563680393536 0.000879977458322 -0.00014195404665
0.0590996833087 0.000918913056674 -0.000120283773045
0.0613712335591 0.000947809474471 -9.77850509963e-05
0.0631675679845 0.000966348328207 -7.46630538373e-05
0.0644778909209 0.000974324602307 -5.11279480613e-05
0.0652958151983 0.00097164890385 -2.73927825682e-05
0.0656193999434 0.000958348450921 -3.67135296032e-06
0.0654511438639 0.000934566783749 1.98239365922e-05
0.0647979341974 0.000900562201725 4.28841913897e-05
0.0636709519761 0.000856704943405 6.53061018582e-05
0.062085534717 0.000803473140333 8.68939550156e-05
0.0600609980955 0.000741447588988 0.000107461560653
0.0576204185878 0.000671305398071 0.000126834072081
0.0547903794782 0.000593812580693 0.000144849682442
0.0516006830053 0.000509815672589 0.000161361178955
0.0480840317764 0.000420232468126 0.000176237339022
0.0442756828928 0.000326041975573 0.000189364153806
0.0402130785111 0.000228273701623 0.000200645866833
0.0359354568033 0.000127996382535 0.000210005817112
0.0314834474747 2.6306285305e-05 0.000217387078437
0.0268986561503 -7.56847929984e-05 0.000222752888704
0.0222232420452 -0.000176861696302 0.000226086865391
0.017499493389 -0.000276118117685 0.000227393005601
0.0127694050862 -0.000372368710922 0.000226695471463
0.00807426305099 -0.000464560972745 0.000224038163922
0.00345423956959 -0.000551686765686 0.000219484090292
-0.00105199609101 -0.000632793355281 0.000213114533125
-0.00540764779097 -0.000706993840756 0.000205028030071
-0.00957813952568 -0.000773476864936 0.00019533917646
-0.0135314357824 -0.000831515497022 0.000184177264188
-0.0172383319954 -0.000880475190954 0.000171684772257
-0.0206727121842 -0.000919820732178 0.00015801572587
-0.0238117712284 -0.000949122096734 0.000143333942376
-0.0266361996233 -0.000968059158492 0.000127811183535
-0.0291303289783 -0.000976425192978 0.00011162523454
-0.0312822369524 -0.000974129139418 9.49579309764e-05
-0.033083810769 -0.000961196596215 7.79931554174e-05
-0.0345307689046 -0.000937769538982 6.09148256003e-05
-0.0356226410067 -0.000904104764203 4.39048961953e-05
-0.0363627065497 -0.000860571075592 2.71413959382e-05
-0.0367578931894 -0.000807645243958 1.07965214705e-05
-0.0368186362103 -0.00074590678486 -4.96519146086e-06
-0.0365587008858 -0.000676031611242 -1.9988599689e-05
-0.0359949699665 -0.000598784630583 -3.41295685703e-05
-0.0351471988889 -0.000515011367672 -4.72564548759e-05
-0.0340377416419 -0.000425628704752 -5.92514408337e-05
-0.0326912505373 -0.00033161484049 -7.00117052067e-05
-0.0311343534089 -0.000233998577743 -7.94504191249e-05
-0.0293953119976 -0.00013384805748 -8.74975563554e-05
-0.0275036654755 -3.22590622467e-05 -9.41005097719e-05
-0.0254898632076 6.96569826795e-05 -9.92245079473e-05
-0.0233848909579 0.00017078517904 -0.000102852828022
-0.0212198947986 0.00027001936293 -0.000104986803267
-0.0190258069934 0.000366274216015 -0.000105645626032
-0.0168329780861 0.000458497147977 -0.000104865949067
-0.0146708193419 0.000545679820021 -0.000102701290383
-0.012567459556 0.000626869183259 -9.92212490639e-05
-0.0105494200714 0.000701177911047 -9.45105414604e-05
-0.00864131162677 0.000767794111024 -8.86678692196e-05
-0.00686555640113 0.000825990210502 -8.18046324419e-05
-0.00524213832405 0.00087513091788 -7.40435029578e-05
-0.0037883843948 0.000914680172915 -6.55168742502e-05
-0.00251877939322 0.000944207009733 -5.63652059016e-05
-0.00144481598186 0.000963390268402 -4.67352815885e-05
-0.000574881792562 0.000972022103472 -3.67784005842e-05
8.58153327711e-05 0.000970010251108 -2.66485234478e-05
0.000535283213014 0.000957379029995 -1.65003930555e-05
0.000774742019679 0.000934269065117 -6.48765238439e-06
0.000808581945198 0.000900935737456 3.23901953458e-06
0.000644282446887 0.000857746376654 1.25337323032e-05
0.000292294102524 0.000805176227426 2.12571487556e-05
-0.000234115461968 0.000743803233958 2.92781694356e-05
-0.000919049704369 0.000674301699478 3.64755178349e-05
-0.00174420310265 0.000597434890479 4.27392084003e-05
-0.00268911028025 0.000514046666693 4.79718806488e-05
-0.00373142137282 0.000425052228514 5.20899842382e-05
-0.0048472003912 0.000331428083302 5.50248015267e-05
-0.00601124307356 0.000234201340507 5.67232959798e-05
-0.00719741049781 0.000134438452935 5.71487767479e-05
-0.00837897454518 3.3233527524e-05 5.62813717994e-05
-0.00952897116968 -6.83036662758e-05 5.41183041523e-05
-0.0106205573375 -0.000169059859121 5.06739679546e-05
-0.0116273674559 -0.000267930482122 4.59798034162e-05
-0.012523865115 -0.000363831771227 4.00839718546e-05
-0.0132856860131 -0.000455712643039 3.30508343646e-05
-0.0138899680359 -0.000542566211913 2.49602398294e-05
-0.0143156645981 -0.000623440822176 1.59066301379e-05
-0.0145438375426 -0.000697450474579 5.9979725332e-06
-0.0145579261207 -0.000763784532759 -4.64546903609e-06
-0.0143439888404 -0.000821716603358 -1.58925098671e-05
-0.0138909152752 -0.000870612492531 -2.76025523971e-05
-0.0131906052588 -0.000909937151662 -3.96272091812e-05
-0.0122381132591 -0.000939260536222 -5.18120227846e-05
-0.0110317561123 -0.00095826231357 -6.39982633054e-05
-0.00957318270966 -0.000966735368161 -7.60247833515e-05
-0.00786740465793 -0.000964588065757 -8.77299096154e-05
-0.00592278737284 -0.00095184525187 -9.89533497528e-05
-0.00375100151023 -0.000928647973516 -0.000109538093057
-0.00136693508817 -0.000895251927361 -0.000119332283461
0.00121143290261 -0.000852024651288 -0.000128191043654
0.00396319616587 -0.000799441490184 -0.000135978229619
0.00686472038724 -0.000738080380187 -0.000142568095631
0.00988987607802 -0.000668615508567 -0.000147846850684
0.0130103025282 -0.000591809918736 -0.000151714088535
0.0161957000637 -0.000508507141462 -0.000154084074867
0.0194141474754 -0.000419621943995 -0.00015488687666
0.0226324411965 -0.000326130298518 -0.000154069320565
0.0258164525454 -0.000229058679856 -0.000151595768927
0.0289314991398 -0.000129472809747 -0.000147448704142
0.0319427264129 -2.84659710414e-05 -0.00014162911407
0.0348154950331 7.28529801056e-05 -0.000134156673468
0.0375157699507 0.000173371772665 -0.00012506971862
0.0400105067551 0.000271986916528 -0.00011442501461
0.0422680310428 0.000367615802014 -0.000102297317001
0.0442584065524 0.000459208570474 -8.87787319276e-05
0.0459537879354 0.00054575962591 -7.39778808407e-05
0.0473287541768 0.000626318661425 -5.80188783333e-05
0.0483606188836 0.000700001079684 -4.10401335172e-05
0.0490297138933 0.000765997693151 -2.31929874101e-05
0.0493196429352 0.000823583597812 -4.64020061256e-06
0.0492175023919 0.000872126123122 1.44456927679e-05
0.048714066556 0.000911091771026 3.38841474817e-05
0.0478039351549 0.000940052068025 5.34884670149e-05
0.0464856413205 0.000958688266113 7.30677410879e-05
0.044761718601 0.000966794841082 9.24288399911e-05
0.0426387260563 0.000964281749815 0.000111378444299
0.0401272309274 0.000951175421831 0.000129725088075
0.037241748828 0.000927618474191 0.000147281193464
0.0340006418685 0.000893868152876 0.000163865074649
0.0304259755766 0.000850293517686 0.000179302889371
0.0265433359289 0.000797371401506 0.000193430516809
0.0223816082404 0.000735681188184 0.000206095341295
0.0179727200771 0.000665898466243 0.000217157922379
0.0133513507513 0.000588787627937 0.000226493532898
0.00855461032372 0.000505193494752 0.000233993548148
0.00362169137652 0.000416032061087 0.000239566670784
-0.0014065028802 0.000322280457549 0.000243139977861
-0.00648775034029 0.000224966243818 0.000244659778307
-0.0115789175221 0.000125156148408 0.000244092271146
-0.0166363786479 2.39443787003e-05 0.000241423996928
-0.0216164419184 -7.75593706604e-05 0.000236662077042
-0.026475778532 -0.000178242079604 0.000229834237864
-0.0311718499577 -0.000276999601451 0.000220988618998
-0.0356633289807 -0.00037274876502 0.000210193367214
-0.0399105100972 -0.000464439247429 0.000197536019967
-0.0438757049372 -0.000551065087465 0.000183122684673
-0.0475236185495 -0.000631675713372 0.000167077022111
-0.0508217025761 -0.00070538636419 0.000149539044437
-0.0537404815837 -0.000771387790446 0.000130663740298
-0.0562538491014 -0.000828955127882 0.0001106195414
-0.0583393302265 -0.000877455846962 8.95866466133e-05
-0.0599783080164 -0.000916356691026 6.77552212153e-05
-0.0611562112608 -0.000945229527041 4.53234902471e-05
-0.0618626616394 -0.000963756044818 2.24957460954e-05
-0.062091578696 -0.000971731253152 -5.19708655498e-07
-0.0618412415085 -0.00096906573457 -2.35126613524e-05
-0.0611143063885 -0.000955786633919 -4.62731101656e-05
-0.0599177804149 -0.000932037369939 -6.8593383297e-05
-0.0582629510673 -0.000898076072941 -9.02702340733e-05
-0.0561652726942 -0.000854272765662 -0.000111106889746
-0.0536442110061 -0.000801105318146 -0.000130915032315
-0.0507230472274 -0.000739154220943 -0.000149516690436
-0.0474286439687 -0.000669096233833 -0.000166746022395
-0.0437911752839 -0.000591696979647 -0.000182450971352
-0.0398438237553 -0.000507802564271 -0.000196494775391
-0.0356224477982 -0.000418330314626 -0.000208757316493
-0.0311652226858 -0.000324258736056 -0.000219136294296
-0.0265122590748 -0.000226616799129 -0.000227548212364
-0.0217052030425 -0.000126472673184 -0.000233929166733
-0.0167868218409 -2.49220300424e-05 -0.000238235428617
-0.011800579716 7.69239540055e-05 -0.00024044381538
-0.00679020824177 0.000177950766508 -0.000240551846142
-0.00179927567012 0.000277052764164 -0.000238577680737
0.00312924020238 0.000373145281432 -0.000234559843023
0.00795337119125 0.0004651765098 -0.000228556731908
0.0126325655412 0.000552139017578 -0.000220645925692
0.0171280781794 0.000633080784019 -0.000210923287574
0.0214033403654 0.000707115626884 -0.000199501882283
0.025424304929 0.000773432909222 -0.000186510715816
0.0291597635536 0.000831306419031 -0.000172093312152
0.0325816328735 0.000880102324497 -0.000156406142553
0.0356652064899 0.000919286117681 -0.000139616924622
0.0383893703887 0.000948428470564 -0.00012190280966
0.0407367796357 0.000967209939292 -0.000103448478056
0.0426939946506 0.000975424465084 -8.44441633772e-05
0.044251575796 0.000972981633421 -6.50836265781e-05
0.0454041354713 0.00095990766679 -4.55621022482e-05
0.0461503473599 0.000936345140051 -2.60742390622e-05
0.0464929129401 0.000902551421575 -6.8120566311e-06
0.0464384858292 0.000858895857191 1.20370592732e-05
0.0459975549867 0.000805855727779 3.02923016123e-05
0.0451842882378 0.000744011024796 4.77813062763e-05
0.0440163380091 0.000674038100934 6.4341915684e-05
0.0425146115642 0.000596702265464 7.98238230284e-05
0.0407030084103 0.000512849405358 9.40900797458e-05
0.0386081278888 0.000423396723974 0.000107018450315
0.0362589502794 0.000329322698735 0.00011850260019
0.033686495022 0.000231656367797 0.000128453104521
0.0309234598987 0.000131466063064 0.000136798267307
0.0280038452111 2.98477129407e-05 0.000143484742704
0.024962567137 -7.208715703e-05 0.000148477952412
0.0218350645567 -0.000173223594233 0.000151762295292
0.0186569036926 -0.000272455426433 0.000153341147666
0.0154633849146 -0.000368697372909 0.000153236655021
0.0122891560272 -0.000460896926614 0.000151489318171
0.00916783626373 -0.000548045877213 0.000148157379121
0.00613165508399 -0.00062919134878 0.000143316014133
0.00321110969167 -0.000703446231277 0.000137056343529
0.000434644969295 -0.000769998891543 0.000129484269819
-0.00217164073279 -0.000828122057443 0.000120719157581
-0.00458426081413 -0.00087718077788 0.000110892370228
-0.0067825738412 -0.000916639371478 0.000100145680371
-0.00874898271822 -0.000946067287861 8.86295718238e-05
-0.0104690975546 -0.00096514381732 7.65014524723e-05
-0.0119318605821 -0.000973661597319 6.39237981624e-05
-0.0131296319016 -0.000971528877444 5.10622485073e-05
-0.0140582352817 -0.000958770518009 3.80836759864e-05
-0.0147169636772 -0.000935527711406 2.51542499771e-05
-0.0151085445871 -0.000902056429288 1.24375173758e-05
-0.0152390658227 -0.0008587246126 9.25212413934e-08
-0.0151178626943 -0.000806008135293 -1.17280215616e-05
-0.014757368059 -0.000744485585951 -2.2879463433e-05
-0.0141729270811 -0.000674831924519 -3.3226870446e-05
-0.013382578953 -0.000597811083661 -4.2646549846e-05
-0.0124068081867 -0.000514267595808 -5.10274437187e-05
-0.0112682684249 -0.000425117337656 -5.8272373418e-05
-0.00999148202441 -0.000331337493527 -6.42991210288e-05
