0.0 0.0
-9.36619588997e-08 1.80213414086e-05
-5.28032663862e-07 6.56707183979e-05
-1.55228544832e-06 0.00013213334469
-3.31746222589e-06 0.00020993394136
-5.90481421124e-06 0.000293797328693
-9.3446036271e-06 0.000379905625937
-1.36287164355e-05 0.000465415270898
-1.87192787936e-05 0.000548144148532
-2.45547105802e-05 0.000626369980139
-3.10541509172e-05 0.000698701358554
-3.81208632862e-05 0.00076399608159
-4.56450127377e-05 0.000821310136238
-5.35060662107e-05 0.000869866393239
-6.15749738349e-05 0.000909035816967
-6.97162277054e-05 0.000938326455132
-7.77898541248e-05 0.000957377089789
-8.56533686038e-05 0.00096595349589
-9.31637053121e-05 0.000963945956503
-0.000100179121138 0.000951367149539
-0.000106561067038 0.00092834983108
-0.000112176014617 0.000895143948652
-0.000116897223032 0.000852112959112
-0.000120606429741 0.000799729223073
-0.000123195448045 0.000738568415938
-0.000124567654399 0.000669302944437
-0.000124639349079 0.000592694393407
-0.000123340974763 0.000509585054518
-0.000120618178879 0.000420888609428
-0.000116432707111 0.00032758005614
-0.00011076311721 0.000230684980239
-0.000103605304163 0.000131268282857
-9.4972829815e-05 3.04224851847e-05
-8.48970521655e-05 -7.07442647569e-05
-7.34270517909e-05 -0.000171120353228
-6.06293550633e-05 -0.000269602897532
-4.65874561127e-05 -0.000365109845426
-3.14011417191e-05 -0.000456591845028
-1.51856255292e-05 -0.000543043755397
1.92949986826e-06 -0.000623515671835
1.98014824171e-05 -0.000697123345176
3.82757890895e-05 -0.000763057880952
5.7187629064e-05 -0.00082059461218
7.63636055921e-05 -0.000869101048549
9.56234790794e-05 -0.000908043814888
0.000114782022613 -0.000936994502907
0.000133650950073 -0.000955634372031
0.000152040896109 -0.000963757847847
0.000169763426574 -0.000961274779778
0.000186633057656 -0.000948211433256
0.000202469261696 -0.000924710205488
0.000217098437809 -0.000891028067938
0.000230355825686 -0.000847533752559
0.00024208734151 -0.000794703712621
0.000252151315694 -0.00073311690237
0.000260420113131 -0.000663448432734
0.000266781617867 -0.000586462172572
0.000271140565508 -0.000503002376561
0.000273419708266 -0.000413984431455
0.000273560799301 -0.00032038482211
0.000271525384952 -0.000223230427254
0.000267295395447 -0.000123587262289
0.000260873526856 -2.25487924995e-05
0.000252283409268 7.87760552588e-05
0.000241569558451 0.000179275051004
0.000228797110588 0.000277844856955
0.000214051341985 0.000373403126095
0.000197436977988 0.000464900371347
0.000179077297598 0.000551331475299
0.000159113042463 0.000631746714309
0.000137701141085 0.000705262176157
0.000115013261018 0.000771069457057
9.12342037438e-05 0.000828444531723
6.656015861e-05 0.000876755699257
4.11968337319e-05 0.000915470517741
1.53574831253e-05 0.000944161651487
-1.07391495367e-05 0.000962511566845
-3.68709492264e-05 0.00097031602503
-6.28145879179e-05 0.00096748633367
-8.83477005332e-05 0.000954050332321
-0.000113251055802 0.000930152101109
-0.000137310699389 0.000896050395623
-0.000160320046906 0.000852115825156
-0.000182081904959 0.000798826805144
-0.000202410399102 0.000736764328103
-0.000221132788563 0.000666605610293
-0.000238091148794 0.000589116683676
-0.000253143904292 0.00050514401427
-0.000266167195711 0.000415605238693
-0.000277056067068 0.000321479120341
-0.000285725460711 0.000223794835203
-0.000292111009801 0.000123620704651
-0.000296169620189 2.20524986361e-05
-0.000297879835783 -7.97985626163e-05
-0.000297241983855 -0.000180817976961
-0.000294278099019 -0.000279900165461
-0.000289031626982 -0.000375960580576
-0.000281566911524 -0.000467947584787
-0.000271968470419 -0.000554853969504
-0.000260340068281 -0.000635727988087
-0.000246803596455 -0.000709683782091
-0.000231497772088 -0.000775911086517
-0.000214576670459 -0.000833684107729
-0.000196208106358 -0.000882369476766
-0.00017657188192 -0.000921433190901
-0.000155857919672 -0.000950446467392
-0.000134264300778 -0.000969090445255
-0.000111995229403 -0.000977159683548
-8.92589448879e-05 -0.000974564417798
-6.62656039045e-05 -0.000961331549829
-4.3225155073e-05 -0.000937604360125
-2.0345228504e-05 -0.00090364094583
2.17093745763e-06 -0.000859811401476
2.41265104782e-05 -0.000806593773284
4.53329983512e-05 -0.000744568831326
6.56120827839e-05 -0.000674413716771
8.47973337879e-05 -0.000596894533789
0.00010273578695 -0.000512857967209
0.000119289367386 -0.000423222017736
0.000134336145884 -0.000328965956176
0.000147771414604 -0.000231119606675
0.000159508571672 -0.000130752076342
0.000169479806138 -2.89600546761e-05
0.000177636576933 7.3144189065e-05
0.000183949881716 0.000174444979109
0.000188410313816 0.000273835443701
0.000191027907763 0.000370229629213
0.000191831776201 0.000462574385148
0.000190869543267 0.000549860889892
0.000188206581682 0.000631135690981
0.000183925062951 0.000705511138986
0.000178122832083 0.000772175100746
0.000170912120079 0.000830399845583
0.000162418109249 0.000879550007191
0.000152777367898 0.000919089534015
0.000142136172365 0.000948587552006
0.000130648735556 0.000967723075584
0.000118475362059 0.000976288515207
0.000105780550718 0.000974191943182
9.27310660068e-05 0.000961458092908
7.94939998569e-05 0.00093822808065
6.62348456127e-05 0.000904757852914
5.31156055849e-05 0.000861415376463
4.02929532438e-05 0.000808676601782
2.79164704144e-05 0.000747120244243
1.61269789458e-05 0.000677421440152
5.05498521809e-06 0.000600344347218
-5.18074546073e-06 0.000516733770494
-1.44744690099e-05 0.000427505905577
-2.27345833931e-05 0.000333638300458
-2.98845780232e-05 0.000236159146024
-3.58638016327e-05 0.000136136012524
-4.06280405408e-05 3.46641554133e-05
-4.41499013995e-05 -6.71454813309e-05
-4.64189947035e-05 -0.000168178432985
-4.74419175996e-05 -0.000267328919661
-4.72420367875e-05 -0.000363511955987
-4.58590745552e-05 -0.000455675232236
-4.33485032034e-05 -0.000542810636762
-3.97807552632e-05 -0.00062396529353
-3.52402589807e-05 -0.000698251993842
-2.98243104995e-05 -0.000764858908017
-2.36417960025e-05 -0.000823058470643
-1.68117787555e-05 -0.000872215342105
-9.46196750807e-06 -0.000911793359209
-1.72708403525e-06 -0.000941361398783
6.25285126742e-06 -0.000960598090066
1.43342959054e-05 -0.000969295324309
2.23720033975e-05 -0.000967360523179
3.02208619886e-05 -0.000954817641164
3.77377327384e-05 -0.000931806891054
4.47832657714e-05 -0.000898583195558
5.12236737129e-05 -0.000855513382069
5.69324418147e-05 -0.000803072151366
6.1791954983e-05 -0.000741836864483
6.56950228438e-05 -0.000672481204903
6.85462851256e-05 -0.00059576778557
7.02634809743e-05 -0.000512539781778
7.07785673349e-05 -0.000423711681644
7.00386732275e-05 -0.00033025925557
6.80068785767e-05 -0.000233208854628
6.46628082205e-05 -0.000133626155169
6.00030337958e-05 -3.26044730094e-05
5.404127835e-05 6.8747224718e-05
4.68084207441e-05 0.000169316478678
3.83522991579e-05 0.000267999534146
2.8737315271e-05 0.000363713441857
1.80438429334e-05 0.000455407930279
6.36744734657e-06 0.000542076919209
-6.18207708666e-06 0.00062276954851
-1.94818400296e-05 0.000696600601145
-3.33971474443e-05 0.000762760206277
-4.77829388252e-05 0.000820522716116
-6.24853538143e-05 0.000869254659248
-7.734341109e-05 0.000908421683276
-9.21907811259e-05 0.000937594410725
-0.000106857633314 0.000956453144035
-0.00012117253707 0.000964791368089
-0.000134964395872 0.000962518011917
-0.000148064392766 0.000949658444792
-0.00016030792567 0.000926354195813
-0.000171536510871 0.000892861400072
-0.000181599633381 0.000849547988434
-0.000190356523355 0.000796889651732
-0.000197677838518 0.000735464623645
-0.000203447233526 0.000665947339403
-0.000207562798382 0.000589101039864
-0.000209938349403 0.000505769401991
-0.000210504557808 0.000416867287482
-0.00020920990274 0.000323370710947
-0.000206021437424 0.000226306137562
-0.000200925359158 0.000126739227524
-0.000193927375976 2.57631506461e-05
-0.000185052865018 -7.55134008255e-05
-0.000174346819892 -0.000175978369799
-0.000161873586615 -0.000274528529075
-0.000147716390038 -0.000370081579588
-0.000131976654917 -0.00046158801954
-0.00011477312807 -0.000548042654351
-9.62408102084e-05 -0.000628495621259
-7.65297081568e-05 -0.000702062807735
-5.58034201158e-05 -0.000767935549523
-3.42375684949e-05 -0.000825389501992
-1.2018096512e-05 -0.00087379258756
1.06605537204e-05 -0.000912611932064
3.35973625822e-05 -0.000941419714034
5.65867336423e-05 -0.000959897862739
7.94205526022e-05 -0.000967841553482
0.000101890282746 -0.000965161461809
0.000123789074715 -0.000951884751886
0.000144913868229 -0.000928154788181
0.00016506746341 -0.000894229573563
0.000184060539652 -0.000850478930903
0.000201713600503 -0.00079738045901
0.000217858823777 -0.000735514307186
0.0002323417971 -0.000665556825613
0.000245023120289 -0.000588273161127
0.000255779857351 -0.000504508879457
0.000264506822498 -0.000415180705713
0.000271117686299 -0.000321266484544
0.000275545890028 -0.000223794469952
0.000277745358279 -0.000123832062092
0.000277691002069 -2.24741144562e-05
0.000275379006905 7.91690604669e-05
0.000270826902541 0.000179983855638
0.000264073413513 0.000278865570742
0.000255178091873 0.000374730516617
0.000244220735841 0.000466527890204
0.00023130060042 0.000553251289901
0.000216535408214 0.000633949745156
0.000200060170811 0.000707738139432
0.000182025833155 0.000773806912322
0.000162597755167 0.000831430934513
0.00014195404665 0.000879977458322
0.000120283773045 0.000918913056674
9.77850509963e-05 0.000947809474471
7.46630538373e-05 0.000966348328207
5.11279480613e-05 0.000974324602307
2.73927825682e-05 0.00097164890385
3.67135296032e-06 0.000958348450921
-1.98239365922e-05 0.000934566783749
-4.28841913897e-05 0.000900562201725
-6.53061018582e-05 0.000856704943405
-8.68939550156e-05 0.000803473140333
-0.000107461560653 0.000741447588988
-0.000126834072081 0.000671305398071
-0.000144849682442 0.000593812580693
-0.000161361178955 0.000509815672589
-0.000176237339022 0.000420232468126
-0.000189364153806 0.000326041975573
-0.000200645866833 0.000228273701623
-0.000210005817112 0.000127996382535
-0.000217387078437 2.6306285305e-05
-0.000222752888704 -7.56847929984e-05
-0.000226086865391 -0.000176861696302
-0.000227393005601 -0.000276118117685
-0.000226695471463 -0.000372368710922
-0.000224038163922 -0.000464560972745
-0.000219484090292 -0.000551686765686
-0.000213114533125 -0.000632793355281
-0.000205028030071 -0.000706993840756
-0.00019533917646 -0.000773476864936
-0.000184177264188 -0.000831515497022
-0.000171684772257 -0.000880475190954
-0.00015801572587 -0.000919820732178
-0.000143333942376 -0.000949122096734
-0.000127811183535 -0.000968059158492
-0.00011162523454 -0.000976425192978
-9.49579309764e-05 -0.000974129139418
-7.79931554174e-05 -0.000961196596215
-6.09148256003e-05 -0.000937769538982
-4.39048961953e-05 -0.000904104764203
-2.71413959382e-05 -0.000860571075592
-1.07965214705e-05 -0.000807645243958
4.96519146086e-06 -0.00074590678486
1.9988599689e-05 -0.000676031611242
3.41295685703e-05 -0.000598784630583
4.72564548759e-05 -0.000515011367672
5.92514408337e-05 -0.000425628704752
7.00117052067e-05 -0.00033161484049
7.94504191249e-05 -0.000233998577743
8.74975563554e-05 -0.00013384805748
9.41005097719e-05 -3.22590622467e-05
9.92245079473e-05 6.96569826795e-05
0.000102852828022 0.00017078517904
0.000104986803267 0.00027001936293
0.000105645626032 0.000366274216015
0.000104865949067 0.000458497147977
0.000102701290383 0.000545679820021
9.92212490639e-05 0.000626869183259
9.45105414604e-05 0.000701177911047
8.86678692196e-05 0.000767794111024
8.18046324419e-05 0.000825990210502
7.40435029578e-05 0.00087513091788
6.55168742502e-05 0.000914680172915
5.63652059016e-05 0.000944207009733
4.67352815885e-05 0.000963390268402
3.67784005842e-05 0.000972022103472
2.66485234478e-05 0.000970010251108
1.65003930555e-05 0.000957379029995
6.48765238439e-06 0.000934269065117
-3.23901953458e-06 0.000900935737456
-1.25337323032e-05 0.000857746376654
-2.12571487556e-05 0.000805176227426
-2.92781694356e-05 0.000743803233958
-3.64755178349e-05 0.000674301699478
-4.27392084003e-05 0.000597434890479
-4.79718806488e-05 0.000514046666693
-5.20899842382e-05 0.000425052228514
-5.50248015267e-05 0.000331428083302
-5.67232959798e-05 0.000234201340507
-5.71487767479e-05 0.000134438452935
-5.62813717994e-05 3.3233527524e-05
-5.41183041523e-05 -6.83036662758e-05
-5.06739679546e-05 -0.000169059859121
-4.59798034162e-05 -0.000267930482122
-4.00839718546e-05 -0.000363831771227
-3.30508343646e-05 -0.000455712643039
-2.49602398294e-05 -0.000542566211913
-1.59066301379e-05 -0.000623440822176
-5.9979725332e-06 -0.000697450474579
4.64546903609e-06 -0.000763784532759
1.58925098671e-05 -0.000821716603358
2.76025523971e-05 -0.000870612492531
3.96272091812e-05 -0.000909937151662
5.18120227846e-05 -0.000939260536222
6.39982633054e-05 -0.00095826231357
7.60247833515e-05 -0.000966735368161
8.77299096154e-05 -0.000964588065757
9.89533497528e-05 -0.00095184525187
0.000109538093057 -0.000928647973516
0.000119332283461 -0.000895251927361
0.000128191043654 -0.000852024651288
0.000135978229619 -0.000799441490184
0.000142568095631 -0.000738080380187
0.000147846850684 -0.000668615508567
0.000151714088535 -0.000591809918736
0.000154084074867 -0.000508507141462
0.00015488687666 -0.000419621943995
0.000154069320565 -0.000326130298518
0.000151595768927 -0.000229058679856
0.000147448704142 -0.000129472809747
0.00014162911407 -2.84659710414e-05
0.000134156673468 7.28529801056e-05
0.00012506971862 0.000173371772665
0.00011442501461 0.000271986916528
0.000102297317001 0.000367615802014
8.87787319276e-05 0.000459208570474
7.39778808407e-05 0.00054575962591
5.80188783333e-05 0.000626318661425
4.10401335172e-05 0.000700001079684
2.31929874101e-05 0.000765997693151
4.64020061256e-06 0.000823583597812
-1.44456927679e-05 0.000872126123122
-3.38841474817e-05 0.000911091771026
-5.34884670149e-05 0.000940052068025
-7.30677410879e-05 0.000958688266113
-9.24288399911e-05 0.000966794841082
-0.000111378444299 0.000964281749815
-0.000129725088075 0.000951175421831
-0.000147281193464 0.000927618474191
-0.000163865074649 0.000893868152876
-0.000179302889371 0.000850293517686
-0.000193430516809 0.000797371401506
-0.000206095341295 0.000735681188184
-0.000217157922379 0.000665898466243
-0.000226493532898 0.000588787627937
-0.000233993548148 0.000505193494752
-0.000239566670784 0.000416032061087
-0.000243139977861 0.000322280457549
-0.000244659778307 0.000224966243818
-0.000244092271146 0.000125156148408
-0.000241423996928 2.39443787003e-05
-0.000236662077042 -7.75593706604e-05
-0.000229834237864 -0.000178242079604
-0.000220988618998 -0.000276999601451
-0.000210193367214 -0.00037274876502
-0.000197536019967 -0.000464439247429
-0.000183122684673 -0.000551065087465
-0.000167077022111 -0.000631675713372
-0.000149539044437 -0.00070538636419
-0.000130663740298 -0.000771387790446
-0.0001106195414 -0.000828955127882
-8.95866466133e-05 -0.000877455846962
-6.77552212153e-05 -0.000916356691026
-4.53234902471e-05 -0.000945229527041
-2.24957460954e-05 -0.000963756044818
5.19708655498e-07 -0.000971731253152
2.35126613524e-05 -0.00096906573457
4.62731101656e-05 -0.000955786633919
6.8593383297e-05 -0.000932037369939
9.02702340733e-05 -0.000898076072941
0.000111106889746 -0.000854272765662
0.000130915032315 -0.000801105318146
0.000149516690436 -0.000739154220943
0.000166746022395 -0.000669096233833
0.000182450971352 -0.000591696979647
0.000196494775391 -0.000507802564271
0.000208757316493 -0.000418330314626
0.000219136294296 -0.000324258736056
0.000227548212364 -0.000226616799129
0.000233929166733 -0.000126472673184
0.000238235428617 -2.49220300424e-05
0.00024044381538 7.69239540055e-05
0.000240551846142 0.000177950766508
0.000238577680737 0.000277052764164
0.000234559843023 0.000373145281432
0.000228556731908 0.0004651765098
0.000220645925692 0.000552139017578
0.000210923287574 0.000633080784019
0.000199501882283 0.000707115626884
0.000186510715816 0.000773432909222
0.000172093312152 0.000831306419031
0.000156406142553 0.000880102324497
0.000139616924622 0.000919286117681
0.00012190280966 0.000948428470564
0.000103448478056 0.000967209939292
8.44441633772e-05 0.000975424465084
6.50836265781e-05 0.000972981633421
4.55621022482e-05 0.00095990766679
2.60742390622e-05 0.000936345140051
6.8120566311e-06 0.000902551421575
-1.20370592732e-05 0.000858895857191
-3.02923016123e-05 0.000805855727779
-4.77813062763e-05 0.000744011024796
-6.4341915684e-05 0.000674038100934
-7.98238230284e-05 0.000596702265464
-9.40900797458e-05 0.000512849405358
-0.000107018450315 0.000423396723974
-0.00011850260019 0.000329322698735
-0.000128453104521 0.000231656367797
-0.000136798267307 0.000131466063064
-0.000143484742704 2.98477129407e-05
-0.000148477952412 -7.208715703e-05
-0.000151762295292 -0.000173223594233
-0.000153341147666 -0.000272455426433
-0.000153236655021 -0.000368697372909
-0.000151489318171 -0.000460896926614
-0.000148157379121 -0.000548045877213
-0.000143316014133 -0.00062919134878
-0.000137056343529 -0.000703446231277
-0.000129484269819 -0.000769998891543
-0.000120719157581 -0.000828122057443
-0.000110892370228 -0.00087718077788
-0.000100145680371 -0.000916639371478
-8.86295718238e-05 -0.000946067287861
-7.65014524723e-05 -0.00096514381732
-6.39237981624e-05 -0.000973661597319
-5.10622485073e-05 -0.000971528877444
-3.80836759864e-05 -0.000958770518009
-2.51542499771e-05 -0.000935527711406
-1.24375173758e-05 -0.000902056429288
-9.25212413934e-08 -0.0008587246126
1.17280215616e-05 -0.000806008135293
2.2879463433e-05 -0.000744485585951
3.3226870446e-05 -0.000674831924519
4.2646549846e-05 -0.000597811083661
5.10274437187e-05 -0.000514267595808
5.8272373418e-05 -0.000425117337656
6.42991210288e-05 -0.000331337493527
