0.0 0.0 0.0
0.0 0.0 0.0
-1.95129081041e-12 1.80213414086e-06 1.87323917799e-08
-1.29519713075e-11 4.76493769892e-06 8.68741409924e-08
-4.52912514808e-11 8.44839677003e-06 2.23582948672e-07
-1.14405047854e-10 1.2544997366e-05 4.39909496506e-07
-2.37422010588e-10 1.68347355034e-05 7.41053345743e-07
-4.32101252819e-10 2.11558270903e-05 1.12786737968e-06
-7.16032845225e-10 2.53856999995e-05 1.59787590742e-06
-1.10601782009e-09 2.94287148537e-05 2.14597985129e-06
-1.61757429051e-09 3.32082831601e-05 2.76496226475e-06
-2.26453576795e-09 3.66618526952e-05 3.44586791869e-06
-3.05872041975e-09 3.97377554638e-05 4.17830473854e-06
-4.00965818512e-09 4.239325816e-05 4.950697809e-06
-5.12436789784e-09 4.45933811639e-05 5.75051543313e-06
-6.40717985273e-09 4.63102005328e-05 6.56447933386e-06
-7.85960126326e-09 4.75224449804e-05 7.37876620722e-06
-9.4802232242e-09 4.82152639985e-05 8.17920461773e-06
-1.12646684034e-08 4.83800855905e-05 8.95146910304e-06
-1.32055789308e-08 4.80145100598e-05 9.68127195939e-06
-1.52926439545e-08 4.71222048941e-05 1.03545522682e-05
-1.75126661844e-08 4.57127782139e-05 1.09576611393e-05
-1.9849666489e-08 4.38016166513e-05 1.14775417841e-05
-2.22850253021e-08 4.14096792599e-05 1.19019028222e-05
-2.47976592551e-08 3.85632430474e-05 1.22193831259e-05
-2.73642310893e-08 3.52935985464e-05 1.24197064831e-05
-2.9959390556e-08 3.16366958973e-05 1.24938243968e-05
-3.25560436618e-08 2.76327434434e-05 1.24340454191e-05
-3.51256473027e-08 2.33257620084e-05 1.22341495336e-05
-3.76385260293e-08 1.87630989344e-05 1.18894862422e-05
-4.00642074275e-08 1.39949066796e-05 1.13970551799e-05
-4.23717723694e-08 9.07359134423e-06 1.0755568262e-05
-4.45302162061e-08 4.05323694146e-06 9.96549257062e-06
-4.65088168272e-08 -1.01098842299e-06 9.02907339238e-06
-4.8277505414e-08 -6.0634380527e-06 7.95033704071e-06
-4.98072356597e-08 -1.10485972701e-05 6.73507331746e-06
-5.10703472235e-08 -1.59116924831e-05 5.39079769519e-06
-5.20409192258e-08 -2.05992920596e-05 3.92669352734e-06
-5.26951096783e-08 -2.50598924432e-05 2.35353481649e-06
-5.30114768768e-08 -2.92444830965e-05 6.83590289351e-07
-5.29712789629e-08 -3.3107084087e-05 -1.069490263e-06
-5.25587480792e-08 -3.66052504305e-05 -2.89080622041e-06
-5.17613358065e-08 -3.97005376646e-05 -4.76435159749e-06
-5.05699268677e-08 -4.23589235534e-05 -6.67317421531e-06
-4.89790184179e-08 -4.45511813014e-05 -8.59954690311e-06
-4.69868626037e-08 -4.62532001874e-05 -1.05251489128e-05
-4.45955704659e-08 -4.74462501033e-05 -1.24312556097e-05
-4.18111756727e-08 -4.81171870998e-05 -1.4298934405e-05
-3.86436570038e-08 -4.82585976849e-05 -1.61092448168e-05
-3.51069189502e-08 -4.78688802929e-05 -1.78434404981e-05
-3.1218730249e-08 -4.69522630326e-05 -1.94831710332e-05
-2.70006206303e-08 -4.55187575162e-05 -2.1010681306e-05
-2.24777365093e-08 -4.35840492776e-05 -2.24090062558e-05
-1.76786568075e-08 -4.11693259783e-05 -2.36621588814e-05
-1.2635170526e-08 -3.83010452838e-05 -2.47553094206e-05
-7.38201811574e-09 -3.50106449533e-05 -2.56749537182e-05
-1.95659909218e-09 -3.13341983201e-05 -2.6409068908e-05
3.60135128005e-09 -2.7312018937e-05 -2.69472546654e-05
9.25011306147e-09 -2.29882187191e-05 -2.72808584363e-05
1.49463569837e-08 -1.84102244264e-05 -2.74030832168e-05
2.06455403024e-08 -1.36282577846e-05 -2.73090766433e-05
2.63023191556e-08 -8.6947849408e-06 -2.69960003471e-05
3.18709732274e-08 -3.6639412881e-06 -2.64630787423e-05
3.73058383703e-08 1.40906203815e-06 -2.57116266289e-05
4.256174273e-08 6.46854348773e-06 -2.47450552246e-05
4.75944418644e-08 1.14589616126e-05 -2.35688564656e-05
5.2361048335e-08 1.63255240829e-05 -2.2190565652e-05
5.6820451293e-08 2.10147885266e-05 -2.0619702745e-05
6.09337216678e-08 2.54752486081e-05 -1.88676928527e-05
6.46644987011e-08 2.96578989218e-05 -1.69477666668e-05
6.79793537524e-08 3.35167725091e-05 -1.48748418258e-05
7.0848127525e-08 3.70094451066e-05 -1.26653863913e-05
7.32442371295e-08 4.0097500599e-05 -1.03372658123e-05
7.51449497075e-08 4.27469525732e-05 -7.90957493644e-06
7.65316196786e-08 4.49286173525e-05 -5.40245678557e-06
7.7389887048e-08 4.66184344216e-05 -2.83690996082e-06
7.77098346131e-08 4.77977307272e-05 -2.34586664237e-07
7.74861023311e-08 4.84534259573e-05 2.38241657157e-06
7.67179575555e-08 4.85781765457e-05 4.99177327371e-06
7.54093203072e-08 4.81704568213e-05 7.57114430987e-06
7.35687432128e-08 4.72345764108e-05 1.00983957968e-05
7.12093462169e-08 4.57806337001e-05 1.25518153637e-05
6.83487066463e-08 4.38244058622e-05 1.49103245141e-05
6.50087056691e-08 4.13871766534e-05 1.71536848671e-05
6.12153326491e-08 3.8495503861e-05 1.92626961248e-05
5.69984493345e-08 3.51809289492e-05 2.12193836957e-05
5.23915162394e-08 3.147963208e-05 2.30071740169e-05
4.74312839729e-08 2.74320362876e-05 2.46110557419e-05
4.21574526335e-08 2.30823651394e-05 2.60177251164e-05
3.66123027228e-08 1.84781587298e-05 2.72157140259e-05
3.08403013256e-08 1.36697533043e-05 2.81954993878e-05
2.48876875608e-08 8.70973021599e-06 2.89495927544e-05
1.88020415232e-08 3.65234024913e-06 2.94726092059e-05
1.26318411026e-08 -1.44709038553e-06 2.97613148318e-05
6.42601119048e-09 -6.53276587611e-06 2.98146523247e-05
2.33469860163e-10 -1.154903182e-05 2.96337444464e-05
-5.8973238694e-09 -1.64409847261e-05 2.92218753574e-05
-1.19188160982e-08 -2.11550733316e-05 2.85844500391e-05
-1.77847934216e-08 -2.56396851472e-05 2.77289322658e-05
-2.3450803222e-08 -2.98457118033e-05 2.66647618179e-05
-2.88745546445e-08 -3.37270870054e-05 2.54032518383e-05
-3.40162962373e-08 -3.72412912037e-05 2.39574674527e-05
-3.88391664892e-08 -4.0349817448e-05 2.2342086965e-05
-4.33095137904e-08 -4.30185933249e-05 2.05732471268e-05
-4.73971826729e-08 -4.52183543517e-05 1.86683741449e-05
-5.10757635462e-08 -4.69249647384e-05 1.66460022392e-05
-5.43228035394e-08 -4.81196820007e-05 1.45255816952e-05
-5.71199764722e-08 -4.87893625247e-05 1.23272784603e-05
-5.94532104182e-08 -4.89266058301e-05 1.00717674204e-05
-6.131277177e-08 -4.85298359497e-05 7.78002155719e-06
-6.26933051847e-08 -4.76033190332e-05 5.4730992237e-06
-6.35938292487e-08 -4.61571169793e-05 3.17193179091e-06
-6.40176881758e-08 -4.42069776037e-05 8.97113909895e-07
-6.39724603121e-08 -4.17741625439e-05 -1.33130140142e-06
-6.34698246772e-08 -3.88852147845e-05 -3.49400069421e-06
-6.25253872115e-08 -3.5571668348e-05 -5.57259897603e-06
-6.11584688202e-08 -3.18697033291e-05 -7.54981758075e-06
-5.93918576996e-08 -2.78197500499e-05 -9.40964917682e-06
-5.72515288048e-08 -2.34660466711e-05 -1.11375082131e-05
-5.4766333651e-08 -1.88561551026e-05 -1.2720365264e-05
-5.1967663945e-08 -1.4040440515e-05 -1.41468639129e-05
-4.88890928074e-08 -9.07152015243e-06 -1.5407419008e-05
-4.55659975643e-08 -4.00368748174e-06 -1.64942953265e-05
-4.20351682697e-08 1.10768201412e-06 -1.74016659012e-05
-3.83344062503e-08 6.20673689238e-06 -1.81256494853e-05
-3.45021170479e-08 1.12377610185e-05 -1.86643268578e-05
-3.05769021767e-08 1.61457833516e-05 -1.90177359055e-05
-2.65971540983e-08 2.08771795697e-05 -1.91878456471e-05
-2.26006587608e-08 2.53802589451e-05 -1.91785095932e-05
-1.86242099427e-08 2.9605830044e-05 -1.89953990603e-05
-1.4703239491e-08 3.3507739054e-05 -1.8645917276e-05
-1.08714673462e-08 3.70433748446e-05 -1.81390953143e-05
-7.16057501114e-09 4.017413523e-05 -1.74854711022e-05
-3.59990584282e-09 4.28658493283e-05 -1.66969529136e-05
-2.16195233459e-10 4.50891513909e-05 -1.57866689363e-05
2.96666659775e-09 4.68198020106e-05 -1.47688046433e-05
5.92783685536e-09 4.803895319e-05 -1.36584298298e-05
8.64968551277e-09 4.87333543684e-05 -1.24713172814e-05
1.11179222223e-08 4.88954971523e-05 -1.12237551304e-05
1.33216836956e-08 4.85236971659e-05 -9.93235501324e-06
1.52535809041e-08 4.76221121249e-05 -8.61385818813e-06
1.69097059011e-08 4.62006959401e-05 -7.28494178326e-06
1.82895985181e-08 4.42750893514e-05 -5.96202733927e-06
1.93961736344e-08 4.1866448295e-05 -4.6610937777e-06
2.02356101603e-08 3.90012118833e-05 -3.39749687106e-06
2.0817203294e-08 3.5710812541e-05 -2.18579721182e-06
2.1153182022e-08 3.20313314742e-05 -1.03959857734e-06
2.1258494214e-08 2.80031032475e-05 2.86015337228e-08
2.11505620169e-08 2.36702738019e-05 1.00754755842e-06
2.08490105792e-08 1.90803167558e-05 1.88734624357e-06
2.03753734252e-08 1.428351329e-05 2.65957043505e-06
1.97527780497e-08 9.3324013124e-06 3.3173451696e-06
1.90056155157e-08 4.28119994002e-06 3.85541515695e-06
1.81591980045e-08 -8.14784398692e-07 4.27019295122e-06
1.7239408392e-08 -5.8997637344e-06 4.55978732868e-06
1.62723460023e-08 -1.09180795641e-05 4.72401161203e-06
1.5283972719e-08 -1.5814812402e-05 4.76437190789e-06
1.42997636192e-08 -2.05363831967e-05 4.6840354496e-06
1.33443662327e-08 -2.50311400269e-05 4.48777946145e-06
1.24412724159e-08 -2.92499236493e-05 4.18192117924e-06
1.16125066813e-08 -3.31466057037e-05 3.7742298734e-06
1.08783346192e-08 -3.66785936805e-05 3.27382192274e-06
1.02569948171e-08 -3.98072971212e-05 2.69104017716e-06
9.7644574004e-09 -4.24985499431e-05 2.03731902334e-06
9.41421200966e-09 -4.47229842674e-05 1.32503672776e-06
9.21708768658e-09 -4.64563516535e-05 5.67356773855e-07
9.18110676917e-09 -4.76797882248e-05 -2.21939966804e-07
9.31137450391e-09 -4.83800207818e-05 -1.02863028668e-06
9.61000566861e-09 -4.85495116491e-05 -1.83822889439e-06
1.00760890727e-08 -4.81865406688e-05 -2.63617178511e-06
1.07056903642e-08 -4.72952234476e-05 -3.4080006126e-06
1.14918931295e-08 -4.58854656578e-05 -4.13954593507e-06
1.24248778331e-08 -4.3972853898e-05 -4.81710721922e-06
1.34920377021e-08 -4.15784843089e-05 -5.42762752336e-06
1.46781302399e-08 -3.87287308277e-05 -5.95886083959e-06
1.59654626354e-08 -3.54549556206e-05 -6.39953015702e-06
1.73341089447e-08 -3.17931648697e-05 -6.73947441174e-06
1.87621565514e-08 -2.77836136874e-05 -6.96978261339e-06
2.02259790717e-08 -2.34703644905e-05 -7.08291358146e-06
2.17005325579e-08 -1.89008036739e-05 -7.07279988551e-06
2.31596715835e-08 -1.4125121883e-05 -6.93493476e-06
2.45764815538e-08 -9.19576357977e-06 -6.66644095535e-06
2.59236233917e-08 -4.16685193711e-06 -6.26612068876e-06
2.71736865958e-08 9.06404636168e-07 -5.7344860704e-06
2.82995465614e-08 5.96831783564e-06 -5.07376959961e-06
2.92747219936e-08 1.09633300322e-05 -4.28791454921e-06
3.00737282261e-08 1.58366233824e-05 -3.38254528236e-06
3.06724222942e-08 2.05347208032e-05 -2.36491777183e-06
3.10483356886e-08 2.50060722246e-05 -1.24385081486e-06
3.11809908417e-08 2.92016196962e-05 -2.96386544587e-08
3.10521975691e-08 3.30753351548e-05 1.26605407179e-06
3.06463259018e-08 3.65847249597e-05 2.63031393413e-06
2.99505519967e-08 3.96912956679e-05 4.04911555473e-06
2.89550741045e-08 4.23609759437e-05 5.50747221032e-06
2.76532959e-08 4.45644899811e-05 6.98959855254e-06
2.60419748357e-08 4.62776783465e-05 8.47908366547e-06
2.41213335622e-08 4.7481762726e-05 9.95907255972e-06
2.18951328682e-08 4.81635516774e-05 1.14124541031e-05
1.93707050125e-08 4.83155851314e-05 1.28220533109e-05
1.65589467652e-08 4.79362160603e-05 1.41708258635e-05
1.34742719159e-08 4.70296284189e-05 1.54420526896e-05
1.01345234644e-08 4.56057911624e-05 1.66195324443e-05
6.56084615464e-09 4.36803488449e-05 1.76877697298e-05
2.7775204592e-09 4.12744499985e-05 1.86321569464e-05
-1.18824044404e-09 3.84145151747e-05 1.94391477247e-05
-5.3065287465e-09 3.51319471898e-05 2.00964199789e-05
-9.54501277829e-09 3.14627867506e-05 2.05930267263e-05
-1.38692377446e-08 2.74473172359e-05 2.09195329502e-05
-1.82429533572e-08 2.31296229632e-05 2.10681369305e-05
-2.26284649782e-08 1.8557105785e-05 2.10327746311e-05
-2.69870046186e-08 1.37799653097e-05 2.08092059169e-05
-3.12791178982e-08 8.85064844649e-06 2.03950815679e-05
-3.54650628807e-08 3.82327430587e-06 1.97899902636e-05
-3.95052165469e-08 -1.24695924127e-06 1.89954849315e-05
-4.33604845681e-08 -6.30438084128e-06 1.80150880722e-05
-4.69927099825e-08 -1.12934561386e-05 1.68542759062e-05
-5.03650763703e-08 -1.61593967689e-05 1.55204414167e-05
-5.34425011628e-08 -2.08487611899e-05 1.40228365908e-05
-5.61920148069e-08 -2.53100407641e-05 1.23724943926e-05
-5.85831216416e-08 -2.9494224671e-05 1.05821312213e-05
-6.0588138521e-08 -3.33553374549e-05 8.66603082036e-06
-6.21825074409e-08 -3.68509433186e-05 6.639910811e-06
-6.33450786933e-08 -3.99426116337e-05 4.52077321216e-06
-6.40583613703e-08 -4.25963385655e-05 2.32674048682e-06
-6.4308738381e-08 -4.47829201905e-05 7.68788155922e-08
-6.40866435118e-08 -4.64782730159e-05 -2.20898955967e-06
-6.3386698458e-08 -4.76636983875e-05 -4.51048295677e-06
-6.22078081738e-08 -4.83260878864e-05 -6.80686377169e-06
-6.05532133279e-08 -4.84580674618e-05 -9.07724674875e-06
-5.8430499104e-08 -4.80580787191e-05 -1.13008098004e-05
-5.58515600475e-08 -4.71303964695e-05 -1.34570051425e-05
-5.28325211261e-08 -4.56850823485e-05 -1.55257685032e-05
-4.93936156383e-08 -4.37378750077e-05 -1.74877241788e-05
-4.55590210622e-08 -4.13100180826e-05 -1.93243837517e-05
-4.13566543851e-08 -3.84280278185e-05 -2.1018336349e-05
-3.68179288897e-08 -3.51234029001e-05 -2.25534284064e-05
-3.19774747835e-08 -3.14322796612e-05 -2.39149310136e-05
-2.68728264441e-08 -2.73950364515e-05 -2.50896930442e-05
-2.1544079416e-08 -2.30558514942e-05 -2.60662784261e-05
-1.60335206139e-08 -1.84622190771e-05 -2.68350860735e-05
-1.03852354827e-08 -1.36644293773e-05 -2.73884511862e-05
-4.64469610712e-09 -8.71501761786e-06 -2.77207268194e-05
1.14166552369e-09 -3.66818859133e-06 -2.78283448364e-05
6.92689473346e-09 1.42077714571e-06 -2.77098555775e-05
1.26639573773e-08 6.49612890099e-06 -2.73659458036e-05
1.83061845136e-08 1.15022566628e-05 -2.67994347046e-05
2.38077139618e-08 1.63843004114e-05 -2.60152479981e-05
2.91239242091e-08 2.10887512503e-05 -2.50203703765e-05
3.42118562058e-08 2.55640377701e-05 -2.38237767916e-05
3.90306187146e-08 2.976109122e-05 -2.24363432925e-05
4.35417730524e-08 3.36338832956e-05 -2.08707383503e-05
4.77096932776e-08 3.71399306476e-05 -1.91412958119e-05
5.1501898135e-08 4.02407605846e-05 -1.72638708191e-05
5.48893513676e-08 4.29023328667e-05 -1.52556802143e-05
5.78467273395e-08 4.50954129655e-05 -1.31351291157e-05
6.03526392779e-08 4.67958927019e-05 -1.09216254933e-05
6.23898278404e-08 4.79850547452e-05 -8.63538470595e-06
6.39453081286e-08 4.86497780755e-05 -6.29722606151e-06
6.50104737132e-08 4.87826821553e-05 -3.92836355074e-06
6.55811566834e-08 4.83822082297e-05 -1.5501929629e-06
6.56576432034e-08 4.74526368624e-05 8.15922370833e-07
6.52446445244e-08 4.60040415125e-05 3.14886494761e-06
6.43512238705e-08 4.405217866e-05 5.42797333032e-06
6.29906800818e-08 4.16183156804e-05 7.63324704131e-06
6.11803893523e-08 3.87289983528e-05 9.7455439618e-06
5.89416068387e-08 3.5415760546e-05 1.17467681689e-05
5.6299230337e-08 3.17147792611e-05 1.36200462474e-05
5.32815286194e-08 2.76664788082e-05 1.53498902409e-05
4.99198373912e-08 2.33150884507e-05 1.69223455502e-05
4.62482261616e-08 1.87081583619e-05 1.83251222542e-05
4.23031396239e-08 1.38960391954e-05 1.9547708507e-05
3.81230173983e-08 8.93133096694e-06 2.05814648596e-05
3.37478962084e-08 3.86830728655e-06 2.14196985629e-05
2.9218998741e-08 -1.23767875605e-06 2.20577171244e-05
2.45783135597e-08 -6.33080054379e-06 2.24928606164e-05
1.98681705307e-08 -1.13553690864e-05 2.27245124617e-05
1.51308162473e-08 -1.62564426821e-05 2.27540886586e-05
1.04079939252e-08 -2.09804284101e-05 2.25850056341e-05
5.7405321768e-09 -2.54756688645e-05 2.22226271502e-05
1.16794696238e-09 -2.96930077042e-05 2.16741909082e-05
-3.27193914439e-09 -3.3586327824e-05 2.09487157168e-05
-7.54335643755e-09 -3.71130562517e-05 2.00568902975e-05
-1.16129226138e-08 -4.02346302419e-05 1.90109449946e-05
-1.54499489511e-08 -4.29169194603e-05 1.7824507843e-05
-1.90267150397e-08 -4.51305996351e-05 1.65124466083e-05
-2.23187093287e-08 -4.68514735827e-05 1.50906985656e-05
-2.53048331282e-08 -4.80607360907e-05 1.35760899096e-05
-2.79675661185e-08 -4.87451797585e-05 1.19861467974e-05
-3.02930918381e-08 -4.88973395394e-05 1.03389001105e-05
-3.22713820667e-08 -4.85155744024e-05 8.6526860848e-06
-3.38962394713e-08 -4.76040852191e-05 6.94594499867e-06
-3.51652983379e-08 -4.61728686791e-05 5.23702012139e-06
-3.60799836754e-08 -4.42376077412e-05 3.54395911766e-06
-3.66454294241e-08 -4.18194998179e-05 1.88432006998e-06
-3.68703569547e-08 -3.89450245778e-05 2.74984224109e-07
-3.67669154659e-08 -3.56456539082e-05 -1.26802251628e-06
-3.63504863057e-08 -3.1957507216e-05 -2.72969742151e-06
-3.56394536272e-08 -2.79209558423e-05 -4.09621629255e-06
-3.46549441506e-08 -2.35801809248e-05 -5.35507468263e-06
-3.34205391332e-08 -1.89826895503e-05 -6.49521348411e-06
-3.19619619414e-08 -1.41787944986e-05 -7.50712755723e-06
-3.03067448763e-08 -9.22106327572e-06 -8.38295626775e-06
-2.84838791189e-08 -4.16374247227e-06 -9.11655500333e-06
-2.6523451832e-08 9.37836247593e-07 -9.70354695104e-06
-2.44562745831e-08 6.02786202036e-06 -1.01413546384e-05
-2.23135073327e-08 1.10506558836e-05 -1.0429210966e-05
-2.01262822646e-08 1.59512804093e-05 -1.05681496873e-05
-1.79253317223e-08 2.06761411922e-05 -1.05609755192e-05
-1.574062445e-08 2.51735736055e-05 -1.04122142941e-05
-1.36010142337e-08 2.93944083966e-05 -1.01280437824e-05
-1.15339048782e-08 3.32925099293e-05 -9.71620603037e-06
-9.56493526447e-09 3.68252811754e-05 -9.18590226171e-06
-7.71768798906e-09 3.9954129927e-05 -8.5476715822e-06
-6.01342481319e-09 4.26448911232e-05 -7.81325490619e-06
-4.4708518349e-09 4.48682006649e-05 -6.99544568537e-06
-3.10591695469e-09 4.65998166266e-05 -6.10792916467e-06
-1.93164183174e-09 4.78208843467e-05 -5.16511201566e-06
-9.57990131981e-10 4.85181424935e-05 -4.18194430203e-06
-1.91773453143e-10 4.86840678537e-05 -3.17373581481e-06
3.63404118686e-10 4.8316957257e-05 -2.15596887475e-06
7.07162307342e-10 4.74209457425e-05 -1.14410973635e-06
8.42321732017e-10 4.60059607693e-05 -1.53420740528e-07
7.7484215838e-10 4.40876129764e-05 8.01224647444e-07
5.13722735395e-10 4.1687024689e-05 1.70552181321e-06
7.08654696531e-11 3.88305980535e-05 2.54590793792e-06
-5.39096393589e-10 3.55497253423e-05 3.3097259492e-06
-1.29900301515e-09 3.18804446055e-05 3.98537761777e-06
-2.18940319016e-09 2.78630444425e-05 4.5624640623e-06
-3.18881737034e-09 2.35416222268e-05 5.03191206746e-06
-4.2740253753e-09 1.89636006246e-05 5.38608478018e-06
-5.42037540711e-09 1.41792077056e-05 5.61887552515e-06
-6.60211074002e-09 9.24092634508e-06 5.72578367082e-06
-7.7927102556e-09 4.20291894841e-06 5.70397167876e-06
-8.96523883476e-09 -8.7956619601e-07 5.55230268112e-06
-1.00927035046e-08 -5.95080043157e-06 5.27135814935e-06
-1.11484111703e-08 -1.09551854806e-05 4.86343544158e-06
-1.21063237415e-08 -1.58378627316e-05 4.33252524166e-06
-1.29414064885e-08 -2.05453143911e-05 3.68426912926e-06
-1.36299655377e-08 -2.50259499128e-05 2.92589774367e-06
-1.41499705342e-08 -2.92306712785e-05 2.06615022221e-06
-1.4481358662e-08 -3.31134109391e-05 1.11517580537e-06
-1.46063164231e-08 -3.66316365189e-05 8.44187012693e-08
-1.45095358182e-08 -3.9746816757e-05 -1.01351250849e-06
-1.41784418627e-08 -4.24248435788e-05 -2.16498946494e-06
-1.36033886877e-08 -4.46364056743e-05 -3.35552101447e-06
-1.27778218298e-08 -4.63573094919e-05 -4.56992082177e-06
-1.16984046884e-08 -4.75687441302e-05 -5.79248373515e-06
-1.03651075362e-08 -4.82574872268e-05 -7.00716892594e-06
-8.78125788309e-09 -4.84160495894e-05 -8.19778774436e-06
-6.95355143276e-09 -4.80427569864e-05 -9.34819417873e-06
-4.89202331292e-09 -4.71417682007e-05 -1.04424757718e-05
-2.60997970755e-09 -4.5723029151e-05 -1.14651428396e-05
-1.23890468778e-10 -4.38021635851e-05 -1.24013138526e-05
2.54675627401e-09 -4.14003015436e-05 -1.32368948781e-05
5.37963605774e-09 -3.85438474748e-05 -1.39587510458e-05
8.34980471673e-09 -3.5264190544e-05 -1.45548680805e-05
1.14299474393e-08 -3.15973603127e-05 -1.50145020564e-05
1.45906576171e-08 -2.75836315609e-05 -1.53283156506e-05
1.78007425102e-08 -2.32670825853e-05 -1.54884993227e-05
2.10275524406e-08 -1.86951118142e-05 -1.54888760093e-05
2.42373299524e-08 -1.39179180376e-05 -1.53249881036e-05
2.73955751384e-08 -8.98794994797e-06 -1.49941656819e-05
3.04674231413e-08 -3.95933102669e-06 -1.44955751466e-05
3.34180296844e-08 1.11273392254e-06 -1.38302476674e-05
3.62129603817e-08 6.17256408802e-06 -1.30010870263e-05
3.88185795196e-08 1.11646131785e-05 -1.20128566977e-05
4.12024339907e-08 1.60340784744e-05 -1.08721462242e-05
4.33336280949e-08 2.0727501727e-05 -9.58731717605e-06
4.518318501e-08 2.51933553204e-05 -8.16842920948e-06
4.67243908609e-08 2.93826072706e-05 -6.62714695866e-06
4.79331174928e-08 3.3249258872e-05 -4.976628708e-06
4.87881202744e-08 3.67508490965e-05 -3.23139799544e-06
4.92713075121e-08 3.98489202186e-05 -1.40719948659e-06
4.93679783582e-08 4.25094395626e-05 4.79159364076e-07
4.90670264256e-08 4.47031727496e-05 2.4099791895e-06
4.83611066864e-08 4.64060043531e-05 4.36685030684e-06
4.72467636235e-08 4.75992024494e-05 6.33084309613e-06
4.57245190175e-08 4.82696241619e-05 8.28270512145e-06
4.37989181844e-08 4.84098599463e-05 1.02030628768e-05
4.14785339282e-08 4.80183150352e-05 1.20726259831e-05
3.87759279266e-08 4.70992271479e-05 1.38723916318e-05
3.57075697294e-08 4.56626202712e-05 1.5583847061e-05
3.22937140076e-08 4.37241950163e-05 1.71891678687e-05
2.85582371457e-08 4.13051567522e-05 1.86714100055e-05
2.45284347122e-08 3.84319833983e-05 2.00146933562e-05
2.02347817685e-08 3.51361354201e-05 2.12043749028e-05
1.57106583856e-08 3.14537112042e-05 2.22272095729e-05
1.09920431169e-08 2.74250515895e-05 2.30714970067e-05
6.11717753051e-09 2.30942978857e-05 2.37272126229e-05
1.12620522252e-09 1.8508908223e-05 2.41861215338e-05
-3.93921098292e-09 1.37191375319e-05 2.44418740384e-05
-9.03628969766e-09 8.77748684993e-06 2.44900816231e-05
-1.41215453465e-08 3.7381279909e-06 2.43283726062e-05
-1.91512119492e-08 -1.34369012087e-06 2.39564267795e-05
-2.40816718876e-08 -6.41224694517e-06 2.3375988629e-05
-2.88698851764e-08 -1.14119610153e-05 2.25908589438e-05
-3.34738147389e-08 -1.62879991298e-05 2.16068648559e-05
-3.78528432225e-08 -2.09868773722e-05 2.0431808587e-05
-4.19681769718e-08 -2.54570473707e-05 1.90753954064e-05
-4.57832329025e-08 -2.96494613758e-05 1.75491415282e-05
-4.92640041965e-08 -3.35181099614e-05 1.5866262894e-05
-5.23794009556e-08 -3.70205264576e-05 1.40415459934e-05
-5.51015622118e-08 -4.0118252587e-05 1.20912020661e-05
-5.7406135991e-08 -4.27772602012e-05 1.00327062138e-05
-5.92725244621e-08 -4.4968324495e-05 7.88462310882e-06
-6.06840915707e-08 -4.66673446076e-05 5.66642113424e-06
-6.16283309509e-08 -4.78556080966e-05 3.39827691517e-06
-6.20969923279e-08 -4.85199963852e-05 1.1008723039e-06
-6.20861650642e-08 -4.865312893e-05 -1.204814035e-06
-6.15963179527e-08 -4.8253444527e-05 -3.49771823549e-06
-6.06322948243e-08 -4.73252188648e-05 -5.75690379763e-06
-5.92032660056e-08 -4.5878518129e-05 -7.96177286177e-06
-5.7322636129e-08 -4.39290891651e-05 -1.00922739529e-05
-5.50079092593e-08 -4.14981874011e-05 -1.21291039962e-05
-5.22805127528e-08 -3.86123444135e-05 -1.40539024668e-05
-4.9165581702e-08 -3.53030776808e-05 -1.58494356204e-05
-4.56917062355e-08 -3.16065457026e-05 -1.74997688587e-05
-4.18906443323e-08 -2.75631522622e-05 -1.89904254118e-05
-3.77970031783e-08 -2.3217104165e-05 -2.03085296663e-05
-3.3447892418e-08 -1.86159272976e-05 -2.14429336322e-05
-2.88825529535e-08 -1.3809946308e-05 -2.23843252269e-05
-2.4141965196e-08 -8.85173360491e-06 -2.31253172458e-05
-1.9268440889e-08 -3.79553371348e-06 -2.36605161007e-05
-1.43052027928e-08 1.30333070925e-06 -2.39865696227e-05
-9.29595663908e-09 6.3890646913e-06 -2.41021934532e-05
-4.28445984446e-09 1.14060119595e-05 -2.40081757752e-05
6.8590850422e-10 1.62992644569e-05 -2.37073603722e-05
5.57257190054e-09 2.10152636863e-05 -2.32046082325e-05
1.0334170482e-08 2.55023872937e-05 -2.25067381491e-05
1.49309606005e-08 2.97115144642e-05 -2.16224469892e-05
1.93251957583e-08 3.35965639378e-05 -2.05622105255e-05
2.34814849726e-08 3.71149987506e-05 -1.93381659311e-05
2.73671248854e-08 4.02282921717e-05 -1.79639772322e-05
3.09524022219e-08 4.29023497315e-05 -1.64546851983e-05
3.42108635251e-08 4.51078827182e-05 -1.48265433124e-05
3.71195494547e-08 4.68207290499e-05 -1.3096841612e-05
3.96591913226e-08 4.80221180065e-05 -1.128372032e-05
4.18143679488e-08 4.86988759227e-05 -9.40597529124e-06
4.35736213525e-08 4.88435705856e-05 -7.48285738419e-06
4.49295302395e-08 4.84545927565e-05 -5.53386793142e-06
4.5878740703e-08 4.75361739225e-05 -3.57855251823e-06
4.64219540168e-08 4.60983400826e-05 -1.63629529421e-06
4.65638718633e-08 4.41568020749e-05 2.73883967985e-07
4.63130997951e-08 4.17327836441e-05 2.13352788665e-06
4.56820101782e-08 3.88527891337e-05 3.92493243581e-06
4.46865662974e-08 3.55483133459e-05 5.63132881945e-06
4.33461097207e-08 3.18554967476e-05 7.23705431734e-06
4.16831134076e-08 2.78147297988e-05 8.72771028833e-06
3.97229034129e-08 2.34702107369e-05 1.00903056608e-05
3.74933523647e-08 1.88694616605e-05 1.13133844022e-05
3.5024548194e-08 1.4062808213e-05 1.23871356358e-05
3.23484418499e-08 9.10282856671e-06 1.33034852684e-05
2.94984779476e-08 4.04377773968e-06 1.4056168193e-05
2.65092124746e-08 -1.05900644561e-06 1.46407803478e-05
2.34159217994e-08 -6.14970925739e-06 1.50548101345e-05
2.02542073141e-08 -1.11726501659e-05 1.52976489239e-05
1.70596000711e-08 -1.60728924774e-05 1.53705806092e-05
1.38671697581e-08 -2.07968448135e-05 1.5276750395e-05
1.07111422962e-08 -2.52928478479e-05 1.50211132391e-05
7.62453023121e-09 -2.95117398734e-05 1.46103625852e-05
4.63877993676e-09 -3.34073950046e-05 1.40528402415e-05
1.78343944658e-09 -3.6937228123e-05 1.33584284643e-05
-9.14149507988e-10 -4.00626610312e-05 1.25384254996e-05
-3.42913195759e-09 -4.27495447131e-05 1.16054060166e-05
-5.73938967067e-09 -4.49685330749e-05 1.05730680289e-05
-7.82575801172e-09 -4.6695404073e-05 9.45606804519e-06
-9.67220742472e-09 -4.79113247132e-05 8.26984631957e-06
-1.12659876846e-08 -4.86030570188e-05 7.03044417488e-06
-1.25977334796e-08 -4.87631027131e-05 5.75431545759e-06
-1.36615303235e-08 -4.83897850313e-05 4.45813424387e-06
-1.44549402399e-08 -4.74872667695e-05 3.15860095341e-06
-1.49789871144e-08 -4.60655043711e-05 1.87224904201e-06
-1.52381020597e-08 -4.41401385577e-05 6.1525443315e-07
-1.52400295856e-08 -4.17323227023e-05 -5.96750184872e-07
-1.49956958031e-08 -3.8868490827e-05 -1.74885412744e-06
-1.45190403149e-08 -3.55800677681e-05 -2.82703855915e-06
-1.38268138473e-08 -3.19031246839e-05 -3.81833553004e-06
-1.29383440588e-08 -2.78779836822e-05 -4.71097443916e-06
-1.18752723147e-08 -2.35487758985e-05 -5.49451430457e-06
-1.06612645351e-08 -1.89629578671e-05 -6.15996037902e-06
