-0.0
-1.80213414086e-05
-6.56707183979e-05
-0.00013213334469
-0.00020993394136
-0.000293797328693
-0.000379905625937
-0.000465415270898
-0.000548144148532
-0.000626369980139
-0.000698701358554
-0.00076399608159
-0.000821310136238
-0.000869866393239
-0.000909035816967
-0.000938326455132
-0.000957377089789
-0.00096595349589
-0.000963945956503
-0.000951367149539
-0.00092834983108
-0.000895143948652
-0.000852112959112
-0.000799729223073
-0.000738568415938
-0.000669302944437
-0.000592694393407
-0.000509585054518
-0.000420888609428
-0.00032758005614
-0.000230684980239
-0.000131268282857
-3.04224851847e-05
7.07442647569e-05
0.000171120353228
0.000269602897532
0.000365109845426
0.000456591845028
0.000543043755397
0.000623515671835
0.000697123345176
0.000763057880952
0.00082059461218
0.000869101048549
0.000908043814888
0.000936994502907
0.000955634372031
0.000963757847847
0.000961274779778
0.000948211433256
0.000924710205488
0.000891028067938
0.000847533752559
0.000794703712621
0.00073311690237
0.000663448432734
0.000586462172572
0.000503002376561
0.000413984431455
0.00032038482211
0.000223230427254
0.000123587262289
2.25487924995e-05
-7.87760552588e-05
-0.000179275051004
-0.000277844856955
-0.000373403126095
-0.000464900371347
-0.000551331475299
-0.000631746714309
-0.000705262176157
-0.000771069457057
-0.000828444531723
-0.000876755699257
-0.000915470517741
-0.000944161651487
-0.000962511566845
-0.00097031602503
-0.00096748633367
-0.000954050332321
-0.000930152101109
-0.000896050395623
-0.000852115825156
-0.000798826805144
-0.000736764328103
-0.000666605610293
-0.000589116683676
-0.00050514401427
-0.000415605238693
-0.000321479120341
-0.000223794835203
-0.000123620704651
-2.20524986361e-05
7.97985626163e-05
0.000180817976961
0.000279900165461
0.000375960580576
0.000467947584787
0.000554853969504
0.000635727988087
0.000709683782091
0.000775911086517
0.000833684107729
0.000882369476766
0.000921433190901
0.000950446467392
0.000969090445255
0.000977159683548
0.000974564417798
0.000961331549829
0.000937604360125
0.00090364094583
0.000859811401476
0.000806593773284
0.000744568831326
0.000674413716771
0.000596894533789
0.000512857967209
0.000423222017736
0.000328965956176
0.000231119606675
0.000130752076342
2.89600546761e-05
-7.3144189065e-05
-0.000174444979109
-0.000273835443701
-0.000370229629213
-0.000462574385148
-0.000549860889892
-0.000631135690981
-0.000705511138986
-0.000772175100746
-0.000830399845583
-0.000879550007191
-0.000919089534015
-0.000948587552006
-0.000967723075584
-0.000976288515207
-0.000974191943182
-0.000961458092908
-0.00093822808065
-0.000904757852914
-0.000861415376463
-0.000808676601782
-0.000747120244243
-0.000677421440152
-0.000600344347218
-0.000516733770494
-0.000427505905577
-0.000333638300458
-0.000236159146024
-0.000136136012524
-3.46641554133e-05
6.71454813309e-05
0.000168178432985
0.000267328919661
0.000363511955987
0.000455675232236
0.000542810636762
0.00062396529353
0.000698251993842
0.000764858908017
0.000823058470643
0.000872215342105
0.000911793359209
0.000941361398783
0.000960598090066
0.000969295324309
0.000967360523179
0.000954817641164
0.000931806891054
0.000898583195558
0.000855513382069
0.000803072151366
0.000741836864483
0.000672481204903
0.00059576778557
0.000512539781778
0.000423711681644
0.00033025925557
0.000233208854628
0.000133626155169
3.26044730094e-05
-6.8747224718e-05
-0.000169316478678
-0.000267999534146
-0.000363713441857
-0.000455407930279
-0.000542076919209
-0.00062276954851
-0.000696600601145
-0.000762760206277
-0.000820522716116
-0.000869254659248
-0.000908421683276
-0.000937594410725
-0.000956453144035
-0.000964791368089
-0.000962518011917
-0.000949658444792
-0.000926354195813
-0.000892861400072
-0.000849547988434
-0.000796889651732
-0.000735464623645
-0.000665947339403
-0.000589101039864
-0.000505769401991
-0.000416867287482
-0.000323370710947
-0.000226306137562
-0.000126739227524
-2.57631506461e-05
7.55134008255e-05
0.000175978369799
0.000274528529075
0.000370081579588
0.00046158801954
0.000548042654351
0.000628495621259
0.000702062807735
0.000767935549523
0.000825389501992
0.00087379258756
0.000912611932064
0.000941419714034
0.000959897862739
0.000967841553482
0.000965161461809
0.000951884751886
0.000928154788181
0.000894229573563
0.000850478930903
0.00079738045901
0.000735514307186
0.000665556825613
0.000588273161127
0.000504508879457
0.000415180705713
0.000321266484544
0.000223794469952
0.000123832062092
2.24741144562e-05
-7.91690604669e-05
-0.000179983855638
-0.000278865570742
-0.000374730516617
-0.000466527890204
-0.000553251289901
-0.000633949745156
-0.000707738139432
-0.000773806912322
-0.000831430934513
-0.000879977458322
-0.000918913056674
-0.000947809474471
-0.000966348328207
-0.000974324602307
-0.00097164890385
-0.000958348450921
-0.000934566783749
-0.000900562201725
-0.000856704943405
-0.000803473140333
-0.000741447588988
-0.000671305398071
-0.000593812580693
-0.000509815672589
-0.000420232468126
-0.000326041975573
-0.000228273701623
-0.000127996382535
-2.6306285305e-05
7.56847929984e-05
0.000176861696302
0.000276118117685
0.000372368710922
0.000464560972745
0.000551686765686
0.000632793355281
0.000706993840756
0.000773476864936
0.000831515497022
0.000880475190954
0.000919820732178
0.000949122096734
0.000968059158492
0.000976425192978
0.000974129139418
0.000961196596215
0.000937769538982
0.000904104764203
0.000860571075592
0.000807645243958
0.00074590678486
0.000676031611242
0.000598784630583
0.000515011367672
0.000425628704752
0.00033161484049
0.000233998577743
0.00013384805748
3.22590622467e-05
-6.96569826795e-05
-0.00017078517904
-0.00027001936293
-0.000366274216015
-0.000458497147977
-0.000545679820021
-0.000626869183259
-0.000701177911047
-0.000767794111024
-0.000825990210502
-0.00087513091788
-0.000914680172915
-0.000944207009733
-0.000963390268402
-0.000972022103472
-0.000970010251108
-0.000957379029995
-0.000934269065117
-0.000900935737456
-0.000857746376654
-0.000805176227426
-0.000743803233958
-0.000674301699478
-0.000597434890479
-0.000514046666693
-0.000425052228514
-0.000331428083302
-0.000234201340507
-0.000134438452935
-3.3233527524e-05
6.83036662758e-05
0.000169059859121
0.000267930482122
0.000363831771227
0.000455712643039
0.000542566211913
0.000623440822176
0.000697450474579
0.000763784532759
0.000821716603358
0.000870612492531
0.000909937151662
0.000939260536222
0.00095826231357
0.000966735368161
0.000964588065757
0.00095184525187
0.000928647973516
0.000895251927361
0.000852024651288
0.000799441490184
0.000738080380187
0.000668615508567
0.000591809918736
0.000508507141462
0.000419621943995
0.000326130298518
0.000229058679856
0.000129472809747
2.84659710414e-05
-7.28529801056e-05
-0.000173371772665
-0.000271986916528
-0.000367615802014
-0.000459208570474
-0.00054575962591
-0.000626318661425
-0.000700001079684
-0.000765997693151
-0.000823583597812
-0.000872126123122
-0.000911091771026
-0.000940052068025
-0.000958688266113
-0.000966794841082
-0.000964281749815
-0.000951175421831
-0.000927618474191
-0.000893868152876
-0.000850293517686
-0.000797371401506
-0.000735681188184
-0.000665898466243
-0.000588787627937
-0.000505193494752
-0.000416032061087
-0.000322280457549
-0.000224966243818
-0.000125156148408
-2.39443787003e-05
7.75593706604e-05
0.000178242079604
0.000276999601451
0.00037274876502
0.000464439247429
0.000551065087465
0.000631675713372
0.00070538636419
0.000771387790446
0.000828955127882
0.000877455846962
0.000916356691026
0.000945229527041
0.000963756044818
0.000971731253152
0.00096906573457
0.000955786633919
0.000932037369939
0.000898076072941
0.000854272765662
0.000801105318146
0.000739154220943
0.000669096233833
0.000591696979647
0.000507802564271
0.000418330314626
0.000324258736056
0.000226616799129
0.000126472673184
2.49220300424e-05
-7.69239540055e-05
-0.000177950766508
-0.000277052764164
-0.000373145281432
-0.0004651765098
-0.000552139017578
-0.000633080784019
-0.000707115626884
-0.000773432909222
-0.000831306419031
-0.000880102324497
-0.000919286117681
-0.000948428470564
-0.000967209939292
-0.000975424465084
-0.000972981633421
-0.00095990766679
-0.000936345140051
-0.000902551421575
-0.000858895857191
-0.000805855727779
-0.000744011024796
-0.000674038100934
-0.000596702265464
-0.000512849405358
-0.000423396723974
-0.000329322698735
-0.000231656367797
-0.000131466063064
-2.98477129407e-05
7.208715703e-05
0.000173223594233
0.000272455426433
0.000368697372909
0.000460896926614
0.000548045877213
0.00062919134878
0.000703446231277
0.000769998891543
0.000828122057443
0.00087718077788
0.000916639371478
0.000946067287861
0.00096514381732
0.000973661597319
0.000971528877444
0.000958770518009
0.000935527711406
0.000902056429288
0.0008587246126
0.000806008135293
0.000744485585951
0.000674831924519
0.000597811083661
0.000514267595808
0.000425117337656
0.000331337493527
