0.0 0.0
-9.36619588997e-07 0.0180213414086
-5.28032663862e-06 0.0656707183979
-1.55228544832e-05 0.13213334469
-3.31746222589e-05 0.20993394136
-5.90481421124e-05 0.293797328693
-9.3446036271e-05 0.379905625937
-0.000136287164355 0.465415270898
-0.000187192787936 0.548144148532
-0.000245547105802 0.626369980139
-0.000310541509172 0.698701358554
-0.000381208632862 0.76399608159
-0.000456450127377 0.821310136238
-0.000535060662107 0.869866393239
-0.000615749738349 0.909035816967
-0.000697162277054 0.938326455132
-0.000777898541248 0.957377089789
-0.000856533686038 0.96595349589
-0.000931637053121 0.963945956503
-0.00100179121138 0.951367149539
-0.00106561067038 0.92834983108
-0.00112176014617 0.895143948652
-0.00116897223032 0.852112959112
-0.00120606429741 0.799729223073
-0.00123195448045 0.738568415938
-0.00124567654399 0.669302944437
-0.00124639349079 0.592694393407
-0.00123340974763 0.509585054518
-0.00120618178879 0.420888609428
-0.00116432707111 0.32758005614
-0.0011076311721 0.230684980239
-0.00103605304163 0.131268282857
-0.00094972829815 0.0304224851847
-0.000848970521655 -0.0707442647569
-0.000734270517909 -0.171120353228
-0.000606293550633 -0.269602897532
-0.000465874561127 -0.365109845426
-0.000314011417191 -0.456591845028
-0.000151856255292 -0.543043755397
1.92949986826e-05 -0.623515671835
0.000198014824171 -0.697123345176
0.000382757890895 -0.763057880952
0.00057187629064 -0.82059461218
0.000763636055921 -0.869101048549
0.000956234790794 -0.908043814888
0.00114782022613 -0.936994502907
0.00133650950073 -0.955634372031
0.00152040896109 -0.963757847847
0.00169763426574 -0.961274779778
0.00186633057656 -0.948211433256
0.00202469261696 -0.924710205488
0.00217098437809 -0.891028067938
0.00230355825686 -0.847533752559
0.0024208734151 -0.794703712621
0.00252151315694 -0.73311690237
0.00260420113131 -0.663448432734
0.00266781617867 -0.586462172572
0.00271140565508 -0.503002376561
0.00273419708266 -0.413984431455
0.00273560799301 -0.32038482211
0.00271525384952 -0.223230427254
0.00267295395447 -0.123587262289
0.00260873526856 -0.0225487924995
0.00252283409268 0.0787760552588
0.00241569558451 0.179275051004
0.00228797110588 0.277844856955
0.00214051341985 0.373403126095
0.00197436977988 0.464900371347
0.00179077297598 0.551331475299
0.00159113042463 0.631746714309
0.00137701141085 0.705262176157
0.00115013261018 0.771069457057
0.000912342037438 0.828444531723
0.0006656015861 0.876755699257
0.000411968337319 0.915470517741
0.000153574831253 0.944161651487
-0.000107391495367 0.962511566845
-0.000368709492264 0.97031602503
-0.000628145879179 0.96748633367
-0.000883477005332 0.954050332321
-0.00113251055802 0.930152101109
-0.00137310699389 0.896050395623
-0.00160320046906 0.852115825156
-0.00182081904959 0.798826805144
-0.00202410399102 0.736764328103
-0.00221132788563 0.666605610293
-0.00238091148794 0.589116683676
-0.00253143904292 0.50514401427
-0.00266167195711 0.415605238693
-0.00277056067068 0.321479120341
-0.00285725460711 0.223794835203
-0.00292111009801 0.123620704651
-0.00296169620189 0.0220524986361
-0.00297879835783 -0.0797985626163
-0.00297241983855 -0.180817976961
-0.00294278099019 -0.279900165461
-0.00289031626982 -0.375960580576
-0.00281566911524 -0.467947584787
-0.00271968470419 -0.554853969504
-0.00260340068281 -0.635727988087
-0.00246803596455 -0.709683782091
-0.00231497772088 -0.775911086517
-0.00214576670459 -0.833684107729
-0.00196208106358 -0.882369476766
-0.0017657188192 -0.921433190901
-0.00155857919672 -0.950446467392
-0.00134264300778 -0.969090445255
-0.00111995229403 -0.977159683548
-0.000892589448879 -0.974564417798
-0.000662656039045 -0.961331549829
-0.00043225155073 -0.937604360125
-0.00020345228504 -0.90364094583
2.17093745763e-05 -0.859811401476
0.000241265104782 -0.806593773284
0.000453329983512 -0.744568831326
0.000656120827839 -0.674413716771
0.000847973337879 -0.596894533789
0.0010273578695 -0.512857967209
0.00119289367386 -0.423222017736
0.00134336145884 -0.328965956176
0.00147771414604 -0.231119606675
0.00159508571672 -0.130752076342
0.00169479806138 -0.0289600546761
0.00177636576933 0.073144189065
0.00183949881716 0.174444979109
0.00188410313816 0.273835443701
0.00191027907763 0.370229629213
0.00191831776201 0.462574385148
0.00190869543267 0.549860889892
0.00188206581682 0.631135690981
0.00183925062951 0.705511138986
0.00178122832083 0.772175100746
0.00170912120079 0.830399845583
0.00162418109249 0.879550007191
0.00152777367898 0.919089534015
0.00142136172365 0.948587552006
0.00130648735556 0.967723075584
0.00118475362059 0.976288515207
0.00105780550718 0.974191943182
0.000927310660068 0.961458092908
0.000794939998569 0.93822808065
0.000662348456127 0.904757852914
0.000531156055849 0.861415376463
0.000402929532438 0.808676601782
0.000279164704144 0.747120244243
0.000161269789458 0.677421440152
5.05498521809e-05 0.600344347218
-5.18074546073e-05 0.516733770494
-0.000144744690099 0.427505905577
-0.000227345833931 0.333638300458
-0.000298845780232 0.236159146024
-0.000358638016327 0.136136012524
-0.000406280405408 0.0346641554133
-0.000441499013995 -0.0671454813309
-0.000464189947035 -0.168178432985
-0.000474419175996 -0.267328919661
-0.000472420367875 -0.363511955987
-0.000458590745552 -0.455675232236
-0.000433485032034 -0.542810636762
-0.000397807552632 -0.62396529353
-0.000352402589807 -0.698251993842
-0.000298243104995 -0.764858908017
-0.000236417960025 -0.823058470643
-0.000168117787555 -0.872215342105
-9.46196750807e-05 -0.911793359209
-1.72708403525e-05 -0.941361398783
6.25285126742e-05 -0.960598090066
0.000143342959054 -0.969295324309
0.000223720033975 -0.967360523179
0.000302208619886 -0.954817641164
0.000377377327384 -0.931806891054
0.000447832657714 -0.898583195558
0.000512236737129 -0.855513382069
0.000569324418147 -0.803072151366
0.00061791954983 -0.741836864483
0.000656950228438 -0.672481204903
0.000685462851256 -0.59576778557
0.000702634809743 -0.512539781778
0.000707785673349 -0.423711681644
0.000700386732275 -0.33025925557
0.000680068785767 -0.233208854628
0.000646628082205 -0.133626155169
0.000600030337958 -0.0326044730094
0.0005404127835 0.068747224718
0.000468084207441 0.169316478678
0.000383522991579 0.267999534146
0.00028737315271 0.363713441857
0.000180438429334 0.455407930279
6.36744734657e-05 0.542076919209
-6.18207708666e-05 0.62276954851
-0.000194818400296 0.696600601145
-0.000333971474443 0.762760206277
-0.000477829388252 0.820522716116
-0.000624853538143 0.869254659248
-0.0007734341109 0.908421683276
-0.000921907811259 0.937594410725
-0.00106857633314 0.956453144035
-0.0012117253707 0.964791368089
-0.00134964395872 0.962518011917
-0.00148064392766 0.949658444792
-0.0016030792567 0.926354195813
-0.00171536510871 0.892861400072
-0.00181599633381 0.849547988434
-0.00190356523355 0.796889651732
-0.00197677838518 0.735464623645
-0.00203447233526 0.665947339403
-0.00207562798382 0.589101039864
-0.00209938349403 0.505769401991
-0.00210504557808 0.416867287482
-0.0020920990274 0.323370710947
-0.00206021437424 0.226306137562
-0.00200925359158 0.126739227524
-0.00193927375976 0.0257631506461
-0.00185052865018 -0.0755134008255
-0.00174346819892 -0.175978369799
-0.00161873586615 -0.274528529075
-0.00147716390038 -0.370081579588
-0.00131976654917 -0.46158801954
-0.0011477312807 -0.548042654351
-0.000962408102084 -0.628495621259
-0.000765297081568 -0.702062807735
-0.000558034201158 -0.767935549523
-0.000342375684949 -0.825389501992
-0.00012018096512 -0.87379258756
0.000106605537204 -0.912611932064
0.000335973625822 -0.941419714034
0.000565867336423 -0.959897862739
0.000794205526022 -0.967841553482
0.00101890282746 -0.965161461809
0.00123789074715 -0.951884751886
0.00144913868229 -0.928154788181
0.0016506746341 -0.894229573563
0.00184060539652 -0.850478930903
0.00201713600503 -0.79738045901
0.00217858823777 -0.735514307186
0.002323417971 -0.665556825613
0.00245023120289 -0.588273161127
0.00255779857351 -0.504508879457
0.00264506822498 -0.415180705713
0.00271117686299 -0.321266484544
0.00275545890028 -0.223794469952
0.00277745358279 -0.123832062092
0.00277691002069 -0.0224741144562
0.00275379006905 0.0791690604669
0.00270826902541 0.179983855638
0.00264073413513 0.278865570742
0.00255178091873 0.374730516617
0.00244220735841 0.466527890204
0.0023130060042 0.553251289901
0.00216535408214 0.633949745156
0.00200060170811 0.707738139432
0.00182025833155 0.773806912322
0.00162597755167 0.831430934513
0.0014195404665 0.879977458322
0.00120283773045 0.918913056674
0.000977850509963 0.947809474471
0.000746630538373 0.966348328207
0.000511279480613 0.974324602307
0.000273927825682 0.97164890385
3.67135296032e-05 0.958348450921
-0.000198239365922 0.934566783749
-0.000428841913897 0.900562201725
-0.000653061018582 0.856704943405
-0.000868939550156 0.803473140333
-0.00107461560653 0.741447588988
-0.00126834072081 0.671305398071
-0.00144849682442 0.593812580693
-0.00161361178955 0.509815672589
-0.00176237339022 0.420232468126
-0.00189364153806 0.326041975573
-0.00200645866833 0.228273701623
-0.00210005817112 0.127996382535
-0.00217387078437 0.026306285305
-0.00222752888704 -0.0756847929984
-0.00226086865391 -0.176861696302
-0.00227393005601 -0.276118117685
-0.00226695471463 -0.372368710922
-0.00224038163922 -0.464560972745
-0.00219484090292 -0.551686765686
-0.00213114533125 -0.632793355281
-0.00205028030071 -0.706993840756
-0.0019533917646 -0.773476864936
-0.00184177264188 -0.831515497022
-0.00171684772257 -0.880475190954
-0.0015801572587 -0.919820732178
-0.00143333942376 -0.949122096734
-0.00127811183535 -0.968059158492
-0.0011162523454 -0.976425192978
-0.000949579309764 -0.974129139418
-0.000779931554174 -0.961196596215
-0.000609148256003 -0.937769538982
-0.000439048961953 -0.904104764203
-0.000271413959382 -0.860571075592
-0.000107965214705 -0.807645243958
4.96519146086e-05 -0.74590678486
0.00019988599689 -0.676031611242
0.000341295685703 -0.598784630583
0.000472564548759 -0.515011367672
0.000592514408337 -0.425628704752
0.000700117052067 -0.33161484049
0.000794504191249 -0.233998577743
0.000874975563554 -0.13384805748
0.000941005097719 -0.0322590622467
0.000992245079473 0.0696569826795
0.00102852828022 0.17078517904
0.00104986803267 0.27001936293
0.00105645626032 0.366274216015
0.00104865949067 0.458497147977
0.00102701290383 0.545679820021
0.000992212490639 0.626869183259
0.000945105414604 0.701177911047
0.000886678692196 0.767794111024
0.000818046324419 0.825990210502
0.000740435029578 0.87513091788
0.000655168742502 0.914680172915
0.000563652059016 0.944207009733
0.000467352815885 0.963390268402
0.000367784005842 0.972022103472
0.000266485234478 0.970010251108
0.000165003930555 0.957379029995
6.48765238439e-05 0.934269065117
-3.23901953458e-05 0.900935737456
-0.000125337323032 0.857746376654
-0.000212571487556 0.805176227426
-0.000292781694356 0.743803233958
-0.000364755178349 0.674301699478
-0.000427392084003 0.597434890479
-0.000479718806488 0.514046666693
-0.000520899842382 0.425052228514
-0.000550248015267 0.331428083302
-0.000567232959798 0.234201340507
-0.000571487767479 0.134438452935
-0.000562813717994 0.033233527524
-0.000541183041523 -0.0683036662758
-0.000506739679546 -0.169059859121
-0.000459798034162 -0.267930482122
-0.000400839718546 -0.363831771227
-0.000330508343646 -0.455712643039
-0.000249602398294 -0.542566211913
-0.000159066301379 -0.623440822176
-5.9979725332e-05 -0.697450474579
4.64546903609e-05 -0.763784532759
0.000158925098671 -0.821716603358
0.000276025523971 -0.870612492531
0.000396272091812 -0.909937151662
0.000518120227846 -0.939260536222
0.000639982633054 -0.95826231357
0.000760247833515 -0.966735368161
0.000877299096154 -0.964588065757
0.000989533497528 -0.95184525187
0.00109538093057 -0.928647973516
0.00119332283461 -0.895251927361
0.00128191043654 -0.852024651288
0.00135978229619 -0.799441490184
0.00142568095631 -0.738080380187
0.00147846850684 -0.668615508567
0.00151714088535 -0.591809918736
0.00154084074867 -0.508507141462
0.0015488687666 -0.419621943995
0.00154069320565 -0.326130298518
0.00151595768927 -0.229058679856
0.00147448704142 -0.129472809747
0.0014162911407 -0.0284659710414
0.00134156673468 0.0728529801056
0.0012506971862 0.173371772665
0.0011442501461 0.271986916528
0.00102297317001 0.367615802014
0.000887787319276 0.459208570474
0.000739778808407 0.54575962591
0.000580188783333 0.626318661425
0.000410401335172 0.700001079684
0.000231929874101 0.765997693151
4.64020061256e-05 0.823583597812
-0.000144456927679 0.872126123122
-0.000338841474817 0.911091771026
-0.000534884670149 0.940052068025
-0.000730677410879 0.958688266113
-0.000924288399911 0.966794841082
-0.00111378444299 0.964281749815
-0.00129725088075 0.951175421831
-0.00147281193464 0.927618474191
-0.00163865074649 0.893868152876
-0.00179302889371 0.850293517686
-0.00193430516809 0.797371401506
-0.00206095341295 0.735681188184
-0.00217157922379 0.665898466243
-0.00226493532898 0.588787627937
-0.00233993548148 0.505193494752
-0.00239566670784 0.416032061087
-0.00243139977861 0.322280457549
-0.00244659778307 0.224966243818
-0.00244092271146 0.125156148408
-0.00241423996928 0.0239443787003
-0.00236662077042 -0.0775593706604
-0.00229834237864 -0.178242079604
-0.00220988618998 -0.276999601451
-0.00210193367214 -0.37274876502
-0.00197536019967 -0.464439247429
-0.00183122684673 -0.551065087465
-0.00167077022111 -0.631675713372
-0.00149539044437 -0.70538636419
-0.00130663740298 -0.771387790446
-0.001106195414 -0.828955127882
-0.000895866466133 -0.877455846962
-0.000677552212153 -0.916356691026
-0.000453234902471 -0.945229527041
-0.000224957460954 -0.963756044818
5.19708655498e-06 -0.971731253152
0.000235126613524 -0.96906573457
0.000462731101656 -0.955786633919
0.00068593383297 -0.932037369939
0.000902702340733 -0.898076072941
0.00111106889746 -0.854272765662
0.00130915032315 -0.801105318146
0.00149516690436 -0.739154220943
0.00166746022395 -0.669096233833
0.00182450971352 -0.591696979647
0.00196494775391 -0.507802564271
0.00208757316493 -0.418330314626
0.00219136294296 -0.324258736056
0.00227548212364 -0.226616799129
0.00233929166733 -0.126472673184
0.00238235428617 -0.0249220300424
0.0024044381538 0.0769239540055
0.00240551846142 0.177950766508
0.00238577680737 0.277052764164
0.00234559843023 0.373145281432
0.00228556731908 0.4651765098
0.00220645925692 0.552139017578
0.00210923287574 0.633080784019
0.00199501882283 0.707115626884
0.00186510715816 0.773432909222
0.00172093312152 0.831306419031
0.00156406142553 0.880102324497
0.00139616924622 0.919286117681
0.0012190280966 0.948428470564
0.00103448478056 0.967209939292
0.000844441633772 0.975424465084
0.000650836265781 0.972981633421
0.000455621022482 0.95990766679
0.000260742390622 0.936345140051
6.8120566311e-05 0.902551421575
-0.000120370592732 0.858895857191
-0.000302923016123 0.805855727779
-0.000477813062763 0.744011024796
-0.00064341915684 0.674038100934
-0.000798238230284 0.596702265464
-0.000940900797458 0.512849405358
-0.00107018450315 0.423396723974
-0.0011850260019 0.329322698735
-0.00128453104521 0.231656367797
-0.00136798267307 0.131466063064
-0.00143484742704 0.0298477129407
-0.00148477952412 -0.07208715703
-0.00151762295292 -0.173223594233
-0.00153341147666 -0.272455426433
-0.00153236655021 -0.368697372909
-0.00151489318171 -0.460896926614
-0.00148157379121 -0.548045877213
-0.00143316014133 -0.62919134878
-0.00137056343529 -0.703446231277
-0.00129484269819 -0.769998891543
-0.00120719157581 -0.828122057443
-0.00110892370228 -0.87718077788
-0.00100145680371 -0.916639371478
-0.000886295718238 -0.946067287861
-0.000765014524723 -0.96514381732
-0.000639237981624 -0.973661597319
-0.000510622485073 -0.971528877444
-0.000380836759864 -0.958770518009
-0.000251542499771 -0.935527711406
-0.000124375173758 -0.902056429288
-9.25212413934e-07 -0.8587246126
0.000117280215616 -0.806008135293
0.00022879463433 -0.744485585951
0.00033226870446 -0.674831924519
0.00042646549846 -0.597811083661
0.000510274437187 -0.514267595808
0.00058272373418 -0.425117337656
0.000642991210288 -0.331337493527
