0.0
65.449379673518578
130.89595571344441
196.33692460628302
261.76948307873147
327.19082821776146
392.59815759068613
457.98866936520778
523.35956242943826
588.70803651189044
654.03129230143077
719.32653156719402
784.59095727844942
849.82177372441652
915.01618663402394
980.17140329560607
1045.2846326765346
1110.3530855427771
1175.3739745783766
1240.3445145048534
1305.261922200516
1370.1234168196802
1434.9262199117932
1499.6675555404499
1564.3446504023086
1628.9547339458873
1693.4950384902461
1757.9627993435452
1822.3552549214751
1886.6696468655525
1950.9032201612824
2015.0532232561713
2079.1169081775934
2143.0915306505076
2206.9743502150113
2270.7626303437323
2334.4536385590541
2398.0446465501655
2461.5329302899304
2524.9157701515796
2588.1904510252079
2651.3542624340803
2714.4044986507424
2777.3384588129225
2840.1534470392266
2902.8467725446235
2965.4157497557094
3027.8576984257461
3090.169943749474
3152.3498164776965
3214.3946530316157
3276.3017956169356
3338.0685923377091
3399.6923973099424
3461.1705707749297
3522.5004792123354
3583.6794954530033
3644.7049987914966
3705.5743750983629
3766.2850169321077
3826.8343236508977
3887.2197015239558
3947.4385638426725
4007.4883310314103
4067.3664307580016
4127.0702980439473
4186.597375374281
4245.9451128071314
4305.1109680829522
4364.0924067334208
4422.8869021900127
4481.4919358922252
4539.9049973954679
4598.1235844785988
4656.1452032511143
4713.9673682599769
4771.5876025960843
4829.0034380003735
4886.2124149695492
4943.2120828614461
5000.0
5056.5737337798455
5112.9308607705216
5169.0689668202749
5224.9856471594876
5280.6785065036802
5336.1451591561163
5391.3832291100016
5446.3903501502709
5501.1641659549341
5555.7023301960216
5610.0025066400985
5664.0623692483287
5717.8796022761226
5771.4519003723362
5824.7769686780211
5877.8525229247316
5930.6762895323709
5983.2460057065909
6035.5594195357153
6087.6142900872064
6139.408387503664
6190.9394930983408
6242.2053994501766
6293.2039104983742
6343.932841636456
6394.3900198058482
6444.5732835889739
6494.480483301837
6544.1094810861032
6593.4581510006892
6642.5243791128178
6691.3060635885831
6739.8011147829793
6788.0074553294171
6835.9230202287126
6883.5457569375403
6930.8736254563582
6977.9045984168024
7024.6366611685171
7071.0678118654751
7117.1960615517137
7163.0194342465411
7208.5359670291882
7253.7437101228752
7298.6407269783558
7343.2250943568552
7387.4949024124626
7431.4482547739417
7475.0832686259673
7518.398074789774
7561.390817803227
7604.0596560003096
7646.4027615900031
7688.4183207345959
7730.1045336273692
7771.4596145697087
7812.4817920475853
7853.169308807448
7893.5204219315001
7933.5334029123514
7973.206537727071
8012.5381269106065
8051.5264856285821
8090.1699437494744
8128.4668459161512
8166.4155516167884
8204.014435255136
8241.2618862201562
8278.15630895502
8314.6961230254528
8350.8797631874313
8386.7056794542405
8422.172337162865
8457.2782170397313
8492.0218152657872
8526.4016435409212
8560.4162291477132
8594.0641150145275
8627.3438597779186
8660.2540378443864
8692.7932394514373
8724.9600707279715
8756.7531537539962
8788.1711266196544
8819.21264348355
8849.8763746304176
8880.1610065280729
8910.065241883678
8939.5877996993204
8968.7274153268845
8997.4828405222142
9025.8528434986056
9053.8362089795519
9081.4317382508125
9108.6382492117573
9135.4545764260092
9161.8795711713592
9187.9121014889824
9213.5510522319237
9238.7953251128674
9263.6438387511807
9288.0955287192428
9312.1493475880361
9335.8042649720173
9359.0592675732569
9381.9133592248418
9404.3655609335492
9426.4149109217851
9448.0604646687807
9469.3012949510576
9490.1364918821382
9510.565162951536
9530.5864330629702
9550.1994445718665
9569.4033573220895
9588.1973486819297
9606.5806135793537
9624.5523645364738
9642.1118317032924
9659.2582628906839
9675.9909236025978
9692.3090970675439
9708.2120842692802
9723.6992039767665
9738.769792773337
9753.423205085126
9767.6588132087254
9781.4760073380567
9794.8741955905134
9807.8528040323035
9820.4112767030401
9832.5490756395466
9844.2656808989159
9855.560590580777
9866.4333208487897
9876.8834059513774
9886.9103982416746
9896.5138681967019
9905.6934044357731
9914.4486137381045
9922.7791210596697
9930.684569549263
9938.1646205637808
9945.2189536827336
9951.8472667219685
9958.0492757466182
9963.824715083254
9969.17333733128
9974.0949133735194
9978.5892323860353
9982.6561018471602
9986.295347545738
9989.5068135886013
9992.2903624072296
9994.645874763657
9996.5732497555728
9998.0724048206484
9999.1432757400707
9999.7858166412916
10000.0
9999.7858166412916
9999.1432757400707
9998.0724048206484
9996.5732497555728
9994.645874763657
9992.2903624072296
9989.5068135886013
9986.295347545738
9982.6561018471602
9978.5892323860353
9974.0949133735194
9969.17333733128
9963.824715083254
9958.0492757466182
9951.8472667219685
9945.2189536827336
9938.1646205637808
9930.684569549263
9922.7791210596697
9914.4486137381045
9905.6934044357731
9896.5138681967019
9886.9103982416746
9876.8834059513774
9866.4333208487897
9855.560590580777
9844.2656808989177
9832.5490756395466
9820.4112767030383
9807.8528040323035
9794.8741955905134
9781.4760073380567
9767.6588132087236
9753.423205085126
9738.769792773337
9723.6992039767665
9708.2120842692802
9692.3090970675439
9675.9909236025978
9659.2582628906839
9642.1118317032942
9624.5523645364719
9606.5806135793537
9588.1973486819297
9569.4033573220877
9550.1994445718665
9530.5864330629702
9510.565162951536
9490.1364918821382
9469.3012949510576
9448.0604646687807
9426.4149109217851
9404.3655609335492
9381.91335922484
9359.0592675732569
9335.8042649720173
9312.1493475880361
9288.0955287192428
9263.6438387511807
9238.7953251128674
9213.5510522319255
9187.9121014889824
9161.8795711713592
9135.4545764260092
9108.6382492117573
9081.4317382508143
9053.8362089795519
9025.8528434986056
8997.4828405222142
8968.7274153268845
8939.5877996993222
8910.0652418836798
8880.1610065280729
8849.8763746304194
8819.21264348355
8788.1711266196544
8756.7531537539962
8724.9600707279715
8692.7932394514355
8660.2540378443864
8627.3438597779186
8594.0641150145257
8560.4162291477151
8526.401643540923
8492.021815265789
8457.2782170397313
8422.172337162865
8386.7056794542405
8350.8797631874313
8314.696123025451
8278.15630895502
8241.261886220158
8204.0144352551342
8166.4155516167884
8128.4668459161539
8090.1699437494744
8051.526485628583
8012.5381269106065
7973.206537727071
7933.5334029123514
7893.5204219315001
7853.169308807448
7812.4817920475871
7771.4596145697078
7730.1045336273692
7688.4183207345968
7646.402761590004
7604.0596560003105
7561.3908178032289
7518.398074789774
7475.0832686259682
7431.4482547739426
7387.4949024124626
7343.2250943568579
7298.6407269783558
7253.7437101228752
7208.53596702919
7163.0194342465447
7117.1960615517119
7071.067811865476
7024.6366611685171
6977.9045984168024
6930.8736254563582
6883.5457569375394
6835.9230202287126
6788.0074553294171
6739.8011147829775
6691.3060635885831
6642.5243791128187
6593.4581510006865
6544.1094810861041
6494.4804833018379
6444.5732835889748
6394.3900198058482
6343.9328416364551
6293.2039104983742
6242.2053994501766
6190.939493098339
6139.4083875036667
6087.6142900872046
6035.5594195357116
5983.2460057065919
5930.6762895323682
5877.8525229247325
5824.7769686780211
5771.4519003723326
5717.8796022761226
5664.0623692483287
5610.0025066400967
5555.7023301960216
5501.1641659549359
5446.3903501502728
5391.3832291100007
5336.1451591561172
5280.6785065036811
5224.9856471594858
5169.0689668202758
5112.9308607705216
5056.5737337798455
4999.9999999999991
4943.2120828614488
4886.2124149695483
4829.0034380003717
4771.5876025960861
4713.9673682599741
4656.1452032511161
4598.1235844785997
4539.9049973954643
4481.4919358922261
4422.8869021900127
4364.0924067334208
4305.1109680829504
4245.9451128071305
4186.5973753742801
4127.0702980439464
4067.3664307580043
4007.4883310314076
3947.4385638426702
3887.2197015239572
3826.8343236508945
3766.2850169321082
3705.5743750983629
3644.7049987915002
3583.6794954530023
3522.5004792123345
3461.1705707749329
3399.6923973099406
3338.0685923377118
3276.3017956169369
3214.394653031613
3152.3498164776979
3090.1699437494749
3027.857698425742
2965.4157497557098
2902.8467725446235
2840.1534470392257
2777.3384588129211
2714.4044986507456
2651.3542624340785
2588.1904510252057
2524.9157701515819
2461.5329302899277
2398.0446465501664
2334.453638559055
2270.7626303437282
2206.9743502150113
2143.0915306505076
2079.1169081775888
2015.0532232561704
1950.9032201612818
1886.6696468655509
1822.3552549214728
1757.9627993435474
1693.4950384902479
1628.9547339458843
1564.3446504023098
1499.6675555404506
1434.9262199117934
1370.1234168196802
1305.2619222005198
1240.3445145048527
1175.3739745783755
1110.35308554278
1045.284632676533
980.17140329560391
915.01618663402576
849.82177372441379
784.59095727845067
719.32653156719482
654.03129230142667
588.70803651189044
523.35956242943803
457.9886693652071
392.5981575906851
327.19082821776448
261.76948307872976
196.33692460628089
130.89595571344637
65.449379673515736
1.2246467991473533e-12
-65.449379673517726
-130.89595571344836
-196.33692460628291
-261.76948307873175
-327.19082821775754
-392.59815759068709
-457.98866936520903
-523.35956242943553
-588.70803651189237
-654.03129230142872
-719.32653156719232
-784.59095727845261
-849.82177372441572
-915.01618663402326
-980.17140329560584
-1045.2846326765348
-1110.353085542773
-1175.3739745783773
-1240.3445145048545
-1305.2619222005133
-1370.1234168196825
-1434.9262199117957
-1499.6675555404483
-1564.344650402312
-1628.9547339458866
-1693.4950384902459
-1757.9627993435492
-1822.3552549214751
-1886.669646865553
-1950.9032201612836
-2015.0532232561727
-2079.1169081775906
-2143.0915306505099
-2206.9743502150131
-2270.7626303437305
-2334.4536385590532
-2398.0446465501645
-2461.5329302899299
-2524.9157701515796
-2588.1904510252079
-2651.3542624340807
-2714.4044986507392
-2777.3384588129234
-2840.1534470392276
-2902.8467725446217
-2965.4157497557121
-3027.8576984257443
-3090.1699437494726
-3152.3498164776997
-3214.3946530316152
-3276.3017956169351
-3338.0685923377096
-3399.6923973099429
-3461.1705707749261
-3522.5004792123364
-3583.6794954530042
-3644.7049987914943
-3705.5743750983643
-3766.2850169321105
-3826.8343236508967
-3887.219701523959
-3947.4385638426716
-4007.4883310314099
-4067.3664307580066
-4127.0702980439473
-4186.5973753742819
-4245.9451128071287
-4305.1109680829531
-4364.092406733419
-4422.8869021900109
-4481.491935892228
-4539.904997395467
-4598.1235844785979
-4656.1452032511179
-4713.9673682599769
-4771.5876025960843
-4829.0034380003735
-4886.2124149695501
-4943.2120828614434
-5000.0000000000009
-5056.5737337798473
-5112.9308607705188
-5169.0689668202785
-5224.9856471594876
-5280.6785065036784
-5336.1451591561181
-5391.3832291100016
-5446.3903501502709
-5501.1641659549341
-5555.7023301960226
-5610.0025066400958
-5664.0623692483296
-5717.8796022761244
-5771.4519003723353
-5824.7769686780239
-5877.8525229247334
-5930.6762895323709
-5983.2460057065937
-6035.5594195357144
-6087.6142900872064
-6139.4083875036622
-6190.9394930983408
-6242.2053994501784
-6293.2039104983724
-6343.9328416364569
-6394.3900198058454
-6444.5732835889721
-6494.4804833018388
-6544.1094810861032
-6593.4581510006883
-6642.5243791128205
-6691.3060635885822
-6739.8011147829793
-6788.007455329418
-6835.9230202287135
-6883.5457569375376
-6930.8736254563601
-6977.9045984168033
-7024.6366611685162
-7071.0678118654769
-7117.1960615517128
-7163.0194342465411
-7208.53596702919
-7253.7437101228752
-7298.6407269783558
-7343.2250943568552
-7387.4949024124635
-7431.4482547739426
-7475.0832686259682
-7518.3980747897749
-7561.3908178032261
-7604.059656000305
-7646.4027615900059
-7688.4183207345977
-7730.1045336273664
-7771.4596145697114
-7812.4817920475834
-7853.1693088074462
-7893.5204219315037
-7933.5334029123496
-7973.2065377270692
-8012.5381269106047
-8051.5264856285803
-8090.1699437494735
-8128.4668459161512
-8166.4155516167884
-8204.014435255136
-8241.2618862201562
-8278.15630895502
-8314.6961230254528
-8350.8797631874313
-8386.7056794542405
-8422.1723371628668
-8457.2782170397331
-8492.0218152657908
-8526.4016435409249
-8560.4162291477151
-8594.0641150145275
-8627.343859777915
-8660.2540378443882
-8692.7932394514391
-8724.9600707279697
-8756.7531537539962
-8788.1711266196562
-8819.21264348355
-8849.8763746304176
-8880.1610065280729
-8910.065241883678
-8939.5877996993204
-8968.7274153268827
-8997.4828405222142
-9025.8528434986056
-9053.8362089795537
-9081.4317382508143
-9108.6382492117591
-9135.4545764260092
-9161.8795711713592
-9187.9121014889843
-9213.5510522319255
-9238.7953251128693
-9263.6438387511826
-9288.0955287192428
-9312.1493475880361
-9335.8042649720155
-9359.0592675732587
-9381.9133592248436
-9404.3655609335474
-9426.4149109217851
-9448.0604646687789
-9469.3012949510558
-9490.1364918821419
-9510.565162951536
-9530.5864330629702
-9550.1994445718665
-9569.4033573220877
-9588.1973486819297
-9606.5806135793537
-9624.5523645364719
-9642.1118317032942
-9659.2582628906839
-9675.9909236025978
-9692.3090970675439
-9708.2120842692802
-9723.6992039767665
-9738.769792773337
-9753.423205085126
-9767.6588132087254
-9781.4760073380567
-9794.8741955905134
-9807.8528040323054
-9820.4112767030383
-9832.5490756395448
-9844.2656808989177
-9855.560590580777
-9866.4333208487897
-9876.8834059513774
-9886.9103982416746
-9896.5138681967019
-9905.6934044357731
-9914.4486137381045
-9922.7791210596697
-9930.684569549263
-9938.1646205637808
-9945.2189536827336
-9951.8472667219685
-9958.0492757466182
-9963.824715083254
-9969.17333733128
-9974.0949133735194
-9978.5892323860353
-9982.6561018471584
-9986.2953475457398
-9989.5068135886013
-9992.2903624072296
-9994.645874763657
-9996.5732497555728
-9998.0724048206484
-9999.1432757400707
-9999.7858166412916
-10000.0
-9999.7858166412916
-9999.1432757400707
-9998.0724048206484
-9996.5732497555728
-9994.645874763657
-9992.2903624072296
-9989.5068135886013
-9986.295347545738
-9982.6561018471602
-9978.5892323860353
-9974.0949133735194
-9969.17333733128
-9963.824715083254
-9958.0492757466163
-9951.8472667219685
-9945.2189536827336
-9938.164620563779
-9930.684569549263
-9922.7791210596697
-9914.4486137381045
-9905.6934044357731
-9896.5138681967019
-9886.9103982416746
-9876.8834059513774
-9866.4333208487897
-9855.560590580777
-9844.2656808989177
-9832.5490756395466
-9820.4112767030401
-9807.8528040323035
-9794.8741955905134
-9781.4760073380567
-9767.6588132087236
-9753.423205085126
-9738.7697927733388
-9723.6992039767647
-9708.2120842692802
-9692.3090970675457
-9675.990923602596
-9659.2582628906821
-9642.1118317032942
-9624.5523645364719
-9606.5806135793518
-9588.1973486819315
-9569.4033573220895
-9550.1994445718647
-9530.5864330629702
-9510.565162951536
-9490.1364918821364
-9469.3012949510576
-9448.0604646687807
-9426.4149109217815
-9404.3655609335492
-9381.9133592248418
-9359.0592675732532
-9335.8042649720173
-9312.1493475880343
-9288.095528719241
-9263.6438387511807
-9238.7953251128656
-9213.5510522319237
-9187.9121014889861
-9161.8795711713574
-9135.454576426011
-9108.6382492117609
-9081.4317382508107
-9053.8362089795537
-9025.8528434986074
-8997.4828405222124
-8968.7274153268845
-8939.5877996993222
-8910.0652418836762
-8880.1610065280729
-8849.8763746304194
-8819.21264348355
-8788.1711266196544
-8756.753153753998
-8724.9600707279715
-8692.793239451441
-8660.2540378443864
-8627.3438597779186
-8594.0641150145311
-8560.4162291477132
-8526.4016435409212
-8492.0218152657926
-8457.2782170397313
-8422.172337162865
-8386.7056794542423
-8350.8797631874295
-8314.696123025451
-8278.1563089550218
-8241.2618862201598
-8204.0144352551342
-8166.4155516167912
-8128.4668459161539
-8090.1699437494699
-8051.5264856285839
-8012.5381269106074
-7973.2065377270665
-7933.5334029123514
-7893.5204219315001
-7853.1693088074499
-7812.4817920475853
-7771.4596145697078
-7730.1045336273692
-7688.418320734595
-7646.4027615900031
-7604.0596560003078
-7561.3908178032316
-7518.3980747897731
-7475.0832686259664
-7431.4482547739472
-7387.4949024124589
-7343.2250943568533
-7298.6407269783604
-7253.7437101228734
-7208.5359670291837
-7163.0194342465447
-7117.1960615517164
-7071.0678118654705
-7024.6366611685189
-6977.9045984168024
-6930.8736254563528
-6883.5457569375403
-6835.9230202287126
-6788.0074553294235
-6739.8011147829784
-6691.3060635885813
-6642.5243791128232
-6593.4581510006874
-6544.1094810861023
-6494.4804833018406
-6444.5732835889721
-6394.3900198058454
-6343.9328416364597
-6293.2039104983787
-6242.2053994501739
-6190.9394930983426
-6139.4083875036677
-6087.6142900872019
-6035.5594195357162
-5983.2460057065928
-5930.6762895323664
-5877.8525229247325
-5824.776968678023
-5771.4519003723299
-5717.8796022761235
-5664.0623692483287
-5610.0025066400985
-5555.7023301960216
-5501.1641659549323
-5446.39035015027
-5391.383229110008
-5336.1451591561136
-5280.6785065036775
-5224.9856471594949
-5169.0689668202731
-5112.9308607705179
-5056.573733779851
-4999.9999999999964
-4943.2120828614425
-4886.2124149695537
-4829.003438000369
-4771.5876025960797
-4713.9673682599796
-4656.1452032511161
-4598.1235844785924
-4539.9049973954698
-4481.491935892227
-4422.8869021900055
-4364.0924067334217
-4305.1109680829522
-4245.9451128071232
-4186.597375374281
-4127.0702980439464
-4067.3664307579934
-4007.4883310314085
-3947.4385638426711
-3887.219701523954
-3826.8343236508954
-3766.2850169321055
-3705.5743750983593
-3644.7049987915016
-3583.6794954529992
-3522.5004792123309
-3461.1705707749343
-3399.6923973099379
-3338.0685923377127
-3276.3017956169383
-3214.3946530316102
-3152.3498164776993
-3090.1699437494763
-3027.8576984257388
-2965.4157497557112
-2902.8467725446244
-2840.1534470392271
-2777.3384588129225
-2714.4044986507424
-2651.3542624340798
-2588.1904510252152
-2524.9157701515783
-2461.532930289929
-2398.0446465501723
-2334.4536385590523
-2270.7626303437296
-2206.9743502150168
-2143.0915306505044
-2079.1169081775897
-2015.0532232561764
-1950.9032201612786
-1886.6696468655477
-1822.3552549214783
-1757.9627993435483
-1693.4950384902406
-1628.9547339458902
-1564.3446504023111
-1499.6675555404431
-1434.9262199117948
-1370.1234168196816
-1305.261922200508
-1240.3445145048538
-1175.3739745783766
-1110.3530855427769
-1045.2846326765341
-980.17140329560516
-915.01618663402257
-849.82177372441504
-784.59095727844749
-719.32653156719164
-654.03129230143691
-588.70803651188726
-523.35956242943485
-457.98866936521273
-392.59815759068186
-327.1908282177568
-261.76948307873545
-196.33692460627771
-130.8959557134387
-65.449379673521406
-2.4492935982947066e-12
65.449379673525385
130.8959557134427
196.33692460628166
261.76948307873943
327.19082821776084
392.5981575906859
457.98866936521671
523.35956242943882
588.70803651189124
654.03129230142304
719.3265315671955
784.59095727845136
849.82177372441004
915.01618663402644
980.17140329560914
1045.2846326765293
1110.3530855427719
1175.3739745783805
1240.344514504849
1305.2619222005119
1370.1234168196854
1434.9262199117898
1499.667555540447
1564.344650402315
1628.9547339458852
1693.4950384902445
1757.9627993435522
1822.3552549214735
1886.6696468655516
1950.9032201612822
2015.0532232561713
2079.1169081775938
2143.0915306505085
2206.9743502150031
2270.7626303437337
2334.4536385590559
2398.0446465501586
2461.5329302899331
2524.9157701515828
2588.1904510252025
2651.3542624340839
2714.4044986507465
2777.3384588129179
2840.1534470392307
2902.8467725446289
2965.4157497557067
3027.8576984257434
3090.1699437494808
3152.3498164776947
3214.3946530316143
3276.3017956169419
3338.0685923377087
3399.692397309942
3461.1705707749379
3522.5004792123354
3583.6794954530033
3644.7049987914975
3705.5743750983634
3766.2850169321096
3826.8343236508995
3887.2197015239581
3947.4385638426752
4007.4883310314126
4067.366430757997
4127.070298043951
4186.5973753742846
4245.9451128071278
4305.1109680829559
4364.0924067334254
4422.88690219001
4481.4919358922316
4539.9049973954661
4598.123584478597
4656.1452032511124
4713.967368259975
4771.5876025960833
4829.0034380003726
4886.2124149695492
4943.2120828614461
5000.0
5056.5737337798391
5112.9308607705216
5169.0689668202767
5224.9856471594821
5280.678506503682
5336.1451591561172
5391.383229109997
5446.3903501502746
5501.1641659549368
5555.702330196018
5610.0025066400949
5664.0623692483323
5717.8796022761198
5771.4519003723344
5824.7769686780257
5877.8525229247289
5930.6762895323691
5983.2460057065964
6035.5594195357135
6087.6142900872055
6139.4083875036713
6190.9394930983399
6242.2053994501766
6293.2039104983751
6343.932841636456
6394.3900198058491
6444.5732835889748
6494.4804833018306
6544.1094810861059
6593.458151000691
6642.5243791128132
6691.3060635885849
6739.801114782982
6788.0074553294144
6835.9230202287154
6883.545756937544
6930.8736254563564
6977.9045984168051
7024.6366611685216
7071.0678118654732
7117.1960615517119
7163.0194342465466
7208.5359670291864
7253.7437101228752
7298.6407269783613
7343.2250943568552
7387.4949024124626
7431.4482547739481
7475.0832686259682
7518.398074789774
7561.3908178032343
7604.0596560003105
7646.402761590004
7688.4183207345914
7730.104533627371
7771.4596145697114
7812.4817920475816
7853.1693088074462
7893.5204219315028
7933.5334029123496
7973.2065377270692
8012.5381269106092
8051.5264856285794
8090.1699437494726
8128.4668459161558
8166.4155516167884
8204.0144352551342
8241.2618862201616
8278.15630895502
8314.696123025451
8350.8797631874313
8386.7056794542405
8422.172337162865
8457.2782170397313
8492.0218152657853
8526.401643540923
8560.4162291477151
8594.0641150145238
8627.3438597779186
8660.2540378443882
8692.7932394514337
8724.9600707279733
8756.753153753998
8788.1711266196507
8819.2126434835482
8849.8763746304212
8880.1610065280711
8910.0652418836762
8939.587799699324
8968.7274153268827
8997.4828405222142
9025.8528434986092
9053.8362089795519
9081.4317382508125
9108.6382492117609
9135.4545764260092
9161.8795711713592
9187.9121014889824
9213.5510522319255
9238.7953251128674
9263.6438387511807
9288.095528719241
9312.1493475880361
9335.8042649720192
9359.0592675732551
9381.9133592248436
9404.3655609335492
9426.4149109217815
9448.0604646687807
9469.3012949510576
9490.1364918821382
9510.5651629515378
9530.586433062972
9550.1994445718647
9569.4033573220877
9588.1973486819334
9606.5806135793537
9624.5523645364719
9642.1118317032906
9659.2582628906839
9675.9909236025978
9692.3090970675421
9708.2120842692802
9723.6992039767665
9738.7697927733352
9753.4232050851278
9767.6588132087254
9781.4760073380548
9794.8741955905152
9807.8528040323054
9820.4112767030383
9832.5490756395448
9844.2656808989177
9855.560590580777
9866.4333208487897
9876.8834059513774
9886.9103982416727
9896.5138681967019
9905.6934044357731
9914.4486137381045
9922.7791210596697
9930.6845695492648
9938.1646205637808
9945.2189536827336
9951.8472667219685
9958.0492757466182
9963.824715083254
9969.17333733128
9974.0949133735194
9978.5892323860353
9982.6561018471602
9986.295347545738
9989.5068135886013
9992.2903624072296
9994.6458747636552
9996.5732497555728
9998.0724048206484
9999.1432757400707
9999.7858166412916
10000.0
9999.7858166412916
9999.1432757400707
9998.0724048206484
9996.5732497555728
9994.645874763657
9992.2903624072296
9989.5068135886013
9986.295347545738
9982.6561018471584
9978.5892323860353
9974.0949133735194
9969.17333733128
9963.824715083254
9958.0492757466163
9951.8472667219685
9945.2189536827336
9938.1646205637808
9930.684569549263
9922.7791210596697
9914.4486137381045
9905.6934044357731
9896.5138681967019
9886.9103982416746
9876.8834059513792
9866.4333208487915
9855.560590580777
9844.2656808989177
9832.5490756395448
9820.4112767030401
9807.8528040323072
9794.8741955905134
9781.4760073380548
9767.6588132087236
9753.4232050851297
9738.769792773337
9723.6992039767683
9708.2120842692802
9692.3090970675403
9675.9909236025978
9659.2582628906839
9642.1118317032924
9624.5523645364738
9606.5806135793518
9588.1973486819315
9569.4033573220877
9550.1994445718683
9530.5864330629684
9510.565162951536
9490.1364918821382
9469.3012949510576
9448.0604646687843
9426.4149109217851
9404.3655609335456
9381.9133592248418
9359.0592675732551
9335.8042649720173
9312.1493475880397
9288.0955287192428
9263.6438387511771
9238.7953251128674
9213.5510522319273
9187.9121014889824
9161.879571171361
9135.4545764260074
9108.6382492117536
9081.4317382508107
9053.8362089795555
9025.8528434986038
8997.4828405222161
8968.7274153268809
8939.5877996993149
8910.0652418836762
8880.1610065280747
8849.8763746304157
8819.2126434835518
8788.1711266196507
8756.753153753998
8724.9600707279769
8692.7932394514373
8660.2540378443828
8627.3438597779186
8594.064115014522
8560.4162291477132
8526.4016435409267
8492.0218152657872
8457.2782170397368
8422.172337162865
8386.7056794542332
8350.8797631874295
8314.6961230254565
8278.1563089550182
8241.2618862201598
8204.0144352551342
8166.4155516167912
8128.4668459161603
8090.1699437494772
8051.5264856285794
8012.5381269106074
7973.2065377270674
7933.5334029123524
7893.5204219315074
7853.1693088074508
7812.4817920475807
7771.4596145697087
7730.1045336273646
7688.4183207345959
7646.4027615900086
7604.0596560003096
7561.3908178032207
7518.3980747897731
7475.0832686259728
7431.4482547739399
7387.4949024124662
7343.2250943568533
7298.6407269783485
7253.7437101228734
7208.5359670291919
7163.0194342465402
7117.1960615517164
7071.0678118654714
7024.6366611685198
6977.904598416796
6930.8736254563601
6883.5457569375349
6835.9230202287135
6788.0074553294116
6739.8011147829793
6691.3060635885886
6642.5243791128178
6593.4581510006819
6544.1094810861032
6494.4804833018288
6444.5732835889721
6394.3900198058527
6343.9328416364524
6293.2039104983651
6242.2053994501748
6190.9394930983444
6139.4083875036622
6087.6142900872101
6035.5594195357098
5983.2460057065791
5930.6762895323664
5877.8525229247334
5824.7769686780302
5771.451900372339
5717.8796022761171
5664.0623692483296
5610.0025066400931
5555.7023301960226
5501.1641659549414
5446.3903501502709
5391.3832291099952
5336.1451591561145
5280.6785065036865
5224.9856471594876
5169.0689668202813
5112.9308607705188
5056.5737337798364
4999.9999999999982
4943.2120828614516
4886.2124149695464
4829.0034380003781
4771.5876025960806
4713.9673682599805
4656.1452032511106
4598.1235844786024
4539.9049973954634
4481.491935892228
4422.8869021900073
4364.0924067334226
4305.1109680829613
4245.9451128071332
4186.5973753742737
4127.0702980439482
4067.3664307579947
4007.4883310314103
3947.4385638426807
3887.2197015239558
3826.834323650889
3766.2850169321064
3705.5743750983693
3644.7049987914947
3583.6794954530087
3522.5004792123327
3461.1705707749184
3399.6923973099397
3338.0685923377141
3276.3017956169315
3214.3946530316202
3152.349816477692
3090.1699437494776
3027.8576984257406
2965.4157497557126
2902.8467725446176
2840.153447039228
2777.3384588129152
2714.4044986507442
2651.3542624340903
2588.1904510252084
2524.915770151571
2461.5329302899304
2398.0446465501564
2334.4536385590532
2270.7626303437396
2206.9743502150095
2143.091530650514
2079.1169081775911
2015.053223256177
1950.9032201612797
1886.6696468655578
1822.3552549214708
1757.9627993435495
1693.4950384902418
1628.9547339458913
1564.3446504023209
1499.6675555404531
1434.926219911787
1370.1234168196827
1305.2619222005092
1240.3445145048549
1175.3739745783867
1110.353085542778
1045.2846326765266
980.1714032956063
915.01618663403258
849.82177372441606
784.59095727845749
719.32653156719277
654.03129230142019
588.70803651188851
523.35956242944496
457.98866936520506
392.59815759069198
327.19082821775805
261.76948307871891
196.3369246062789
130.89595571344881
65.449379673513747
3.6739403974420597e-12
-65.449379673524163
-130.89595571344145
-196.33692460627157
-261.76948307872931
-327.19082821776846
-392.59815759068465
-457.98866936521546
-523.35956242943757
-588.70803651188112
-654.03129230143077
-719.32653156720335
-784.59095727845022
-849.82177372442663
-915.0161866340253
-980.17140329559913
-1045.2846326765368
-1110.3530855427882
-1175.3739745783796
-1240.3445145048479
-1305.2619222005196
-1370.1234168196759
-1434.9262199117973
-1499.6675555404634
-1564.3446504023141
-1628.9547339458841
-1693.495038490252
-1757.9627993435427
-1822.355254921481
-1886.6696468655505
-1950.9032201612899
-2015.0532232561702
-2079.1169081775838
-2143.0915306505071
-2206.9743502150195
-2270.7626303437323
-2334.4536385590463
-2398.0446465501664
-2461.5329302899231
-2524.915770151581
-2588.190451025218
-2651.3542624340826
-2714.4044986507365
-2777.3384588129252
-2840.1534470392207
-2902.8467725446271
-2965.4157497557048
-3027.8576984257497
-3090.1699437494708
-3152.3498164777016
-3214.3946530316125
-3276.301795616941
-3338.0685923377068
-3399.6923973099319
-3461.1705707749279
-3522.5004792123423
-3583.6794954530014
-3644.7049987915043
-3705.574375098362
-3766.2850169320996
-3826.8343236508986
-3887.2197015239485
-3947.4385638426734
-4007.488331031403
-4067.3664307580038
-4127.0702980439573
-4186.5973753742828
-4245.945112807126
-4305.110968082955
-4364.0924067334163
-4422.8869021900009
-4481.4919358922371
-4539.9049973954716
-4598.1235844785951
-4656.1452032511188
-4713.9673682599732
-4771.5876025960742
-4829.0034380003872
-4886.2124149695564
-4943.2120828614452
-5000.0000000000064
-5056.5737337798455
-5112.9308607705134
-5169.0689668202913
-5224.9856471594967
-5280.6785065036811
-5336.1451591561236
-5391.3832291100043
-5446.3903501502655
-5501.1641659549359
-5555.7023301960171
-5610.0025066401013
-5664.0623692483387
-5717.8796022761262
-5771.4519003723326
-5824.7769686780257
-5877.852522924728
-5930.6762895323618
-5983.2460057066028
-6035.5594195357198
-6087.6142900872046
-6139.4083875036713
-6190.939493098339
-6242.2053994501694
-6293.2039104983887
-6343.9328416364615
-6394.3900198058482
-6444.5732835889812
-6494.4804833018379
-6544.1094810860977
-6593.4581510007029
-6642.524379112825
-6691.3060635885831
-6739.8011147829875
-6788.0074553294198
-6835.923020228709
-6883.5457569375421
-6930.8736254563682
-6977.9045984168042
-7024.6366611685271
-7071.0678118654787
-7117.1960615517119
-7163.0194342465466
-7208.5359670291864
-7253.7437101228688
-7298.6407269783558
-7343.2250943568597
-7387.4949024124617
-7431.4482547739353
-7475.0832686259673
-7518.3980747897676
-7561.3908178032152
-7604.059656000315
-7646.4027615900031
-7688.4183207345905
-7730.104533627371
-7771.4596145697042
-7812.4817920475762
-7853.1693088074562
-7893.520421931501
-7933.5334029123487
-7973.2065377270737
-8012.5381269106038
-8051.5264856285739
-8090.1699437494826
-8128.4668459161558
-8166.4155516167866
-8204.0144352551397
-8241.2618862201543
-8278.1563089550145
-8314.696123025451
-8350.8797631874349
-8386.7056794542386
-8422.1723371628705
-8457.2782170397313
-8492.0218152657853
-8526.401643540923
-8560.4162291477096
-8594.0641150145184
-8627.3438597779223
-8660.2540378443864
-8692.7932394514337
-8724.9600707279715
-8756.7531537539944
-8788.1711266196471
-8819.2126434835554
-8849.8763746304212
-8880.1610065280711
-8910.0652418836817
-8939.5877996993204
-8968.7274153268772
-8997.4828405222215
-9025.8528434986092
-9053.8362089795519
-9081.4317382508161
-9108.6382492117573
-9135.4545764260056
-9161.8795711713592
-9187.9121014889861
-9213.5510522319237
-9238.7953251128711
-9263.6438387511807
-9288.0955287192392
-9312.1493475880361
-9335.8042649720155
-9359.0592675732569
-9381.9133592248454
-9404.3655609335492
-9426.4149109217815
-9448.0604646687807
-9469.3012949510539
-9490.1364918821346
-9510.5651629515396
-9530.586433062972
-9550.1994445718647
-9569.4033573220913
-9588.1973486819297
-9606.58061357935
-9624.5523645364774
-9642.1118317032942
-9659.2582628906821
-9675.9909236025997
-9692.3090970675439
-9708.2120842692784
-9723.6992039767647
-9738.7697927733388
-9753.4232050851278
-9767.6588132087254
-9781.4760073380567
-9794.8741955905134
-9807.8528040323054
-9820.4112767030383
-9832.5490756395466
-9844.2656808989177
-9855.560590580777
-9866.4333208487897
-9876.8834059513774
-9886.9103982416727
-9896.5138681967001
-9905.6934044357749
-9914.4486137381045
-9922.7791210596697
-9930.6845695492648
-9938.1646205637808
-9945.2189536827318
-9951.8472667219703
-9958.0492757466182
-9963.824715083254
-9969.17333733128
-9974.0949133735194
-9978.5892323860353
-9982.6561018471602
-9986.2953475457398
-9989.5068135886013
-9992.2903624072296
-9994.645874763657
-9996.5732497555728
-9998.0724048206484
-9999.1432757400707
-9999.7858166412916
-10000.0
-9999.7858166412916
-9999.1432757400707
-9998.0724048206484
-9996.5732497555728
-9994.645874763657
-9992.2903624072296
-9989.5068135886013
-9986.295347545738
-9982.6561018471602
-9978.5892323860353
-9974.0949133735194
-9969.17333733128
-9963.8247150832522
-9958.0492757466182
-9951.8472667219685
-9945.2189536827336
-9938.1646205637826
-9930.6845695492648
-9922.7791210596679
-9914.4486137381045
-9905.6934044357731
-9896.5138681967019
-9886.9103982416746
-9876.8834059513792
-9866.4333208487878
-9855.560590580777
-9844.2656808989177
-9832.5490756395448
-9820.4112767030401
-9807.8528040323072
-9794.8741955905134
-9781.4760073380585
-9767.6588132087254
-9753.423205085126
-9738.769792773337
-9723.6992039767683
-9708.2120842692802
-9692.3090970675457
-9675.9909236026015
-9659.2582628906803
-9642.1118317032924
-9624.5523645364756
-9606.5806135793537
-9588.1973486819334
-9569.4033573220931
-9550.1994445718628
-9530.5864330629684
-9510.5651629515378
-9490.1364918821382
-9469.3012949510576
-9448.0604646687843
-9426.4149109217778
-9404.3655609335456
-9381.9133592248436
-9359.0592675732551
-9335.8042649720192
-9312.1493475880397
-9288.0955287192428
-9263.6438387511771
-9238.7953251128674
-9213.55105223192
-9187.9121014889824
-9161.879571171361
-9135.4545764260092
-9108.6382492117609
-9081.4317382508198
-9053.8362089795482
-9025.8528434986056
-8997.4828405222179
-8968.7274153268809
-8939.587799699324
-8910.0652418836853
-8880.1610065280674
-8849.8763746304157
-8819.2126434835518
-8788.1711266196507
-8756.753153753998
-8724.9600707279769
-8692.7932394514282
-8660.2540378443828
-8627.3438597779186
-8594.064115014522
-8560.4162291477151
-8526.4016435409267
-8492.021815265789
-8457.2782170397277
-8422.172337162865
-8386.705679454235
-8350.8797631874295
-8314.6961230254565
-8278.15630895502
-8241.2618862201598
-8204.0144352551342
-8166.4155516167821
-8128.4668459161503
-8090.1699437494772
-8051.5264856285794
-8012.5381269106092
-7973.2065377270792
-7933.5334029123424
-7893.5204219314974
-7853.1693088074508
-7812.4817920475807
-7771.4596145697105
-7730.1045336273764
-7688.418320734585
-7646.4027615899986
-7604.0596560003105
-7561.3908178032216
-7518.398074789774
-7475.0832686259728
-7431.448254773929
-7387.4949024124544
-7343.2250943568533
-7298.6407269783494
-7253.7437101228743
-7208.5359670291928
-7163.0194342465402
-7117.1960615517173
-7071.0678118654723
-7024.6366611685071
-6977.9045984167979
-6930.873625456361
-6883.5457569375358
-6835.9230202287144
-6788.0074553294253
-6739.8011147829666
-6691.3060635885768
-6642.5243791128178
-6593.4581510006828
-6544.1094810861032
-6494.4804833018434
-6444.5732835889867
-6394.39001980584
-6343.9328416364542
-6293.2039104983805
-6242.2053994501757
-6190.9394930983453
-6139.4083875036767
-6087.6142900871964
-6035.5594195357107
-5983.2460057065937
-5930.6762895323673
-5877.8525229247343
-5824.7769686780312
-5771.4519003723253
-5717.879602276118
-5664.0623692483305
-5610.0025066400931
-5555.7023301960244
-5501.1641659549423
-5446.3903501502718
-5391.3832291100107
-5336.1451591561163
-5280.678506503672
-5224.9856471594876
-5169.0689668202831
-5112.9308607705207
-5056.5737337798519
-5000.0000000000146
-4943.212082861437
-4886.2124149695474
-4829.0034380003781
-4771.5876025960815
-4713.9673682599823
-4656.145203251127
-4598.1235844785879
-4539.9049973954643
-4481.4919358922298
-4422.8869021900082
-4364.0924067334245
-4305.1109680829622
-4245.9451128071178
-4186.5973753742755
-4127.0702980439492
-4067.3664307579952
-4007.4883310314108
-3947.4385638426816
-3887.2197015239567
-3826.8343236508899
-3766.2850169321077
-3705.5743750983538
-3644.7049987914961
-3583.6794954530101
-3522.5004792123336
-3461.1705707749361
-3399.6923973099574
-3338.0685923376986
-3276.3017956169328
-3214.3946530316207
-3152.3498164776929
-3090.169943749479
-3027.8576984257584
-2965.4157497556967
-2902.8467725446189
-2840.1534470392294
-2777.3384588129161
-2714.4044986507447
-2651.3542624340912
-2588.1904510251925
-2524.9157701515724
-2461.5329302899318
-2398.0446465501573
-2334.4536385590545
-2270.762630343741
-2206.9743502150109
-2143.0915306504985
-2079.1169081775924
-2015.0532232561613
-1950.9032201612811
-1886.6696468655591
-1822.3552549214721
-1757.9627993435508
-1693.4950384902431
-1628.9547339458752
-1564.3446504023048
-1499.6675555404545
-1434.9262199117884
-1370.1234168196841
-1305.2619222005283
-1240.3445145048386
-1175.3739745783703
-1110.3530855427791
-1045.2846326765277
-980.17140329560755
-915.01618663403383
-849.82177372439958
-784.59095727844101
-719.32653156719402
-654.03129230142144
-588.70803651188965
-523.35956242944621
-457.98866936520631
-392.5981575906755
-327.1908282177593
-261.76948307872016
-196.33692460628012
-130.89595571345004
-65.449379673514969
-4.8985871965894132e-12
65.449379673522941
130.89595571345802
196.33692460628811
261.76948307872811
327.1908282177672
392.5981575906834
457.98866936519647
523.35956242945406
588.7080365118976
654.03129230142952
719.3265315672021
784.59095727844897
849.82177372440765
915.0161866340419
980.17140329561551
1045.2846326765357
1110.3530855427871
1175.3739745783782
1240.3445145048468
1305.2619222005007
1370.1234168196918
1434.9262199117964
1499.6675555404445
1564.3446504023125
1628.9547339458827
1693.4950384902331
1757.9627993435413
1822.3552549214796
1886.6696468655491
1950.9032201612886
2015.0532232561688
2079.1169081775824
2143.0915306505058
2206.9743502150009
2270.762630343731
2334.4536385590623
2398.044646550165
2461.5329302899218
2524.9157701515801
2588.1904510251998
2651.3542624340639
2714.4044986507524
2777.3384588129243
2840.1534470392198
2902.8467725446262
2965.4157497557039
3027.857698425732
3090.1699437494863
3152.3498164777002
3214.3946530316116
3276.3017956169401
3338.0685923377059
3399.6923973099315
3461.1705707749434
3522.5004792123409
3583.6794954530005
3644.7049987915029
3705.5743750983611
3766.2850169320986
3826.8343236508972
3887.2197015239472
3947.4385638426725
4007.4883310314181
4067.3664307580025
4127.070298043941
4186.5973753742828
4245.945112807125
4305.1109680829377
4364.0924067334317
4422.8869021900155
4481.4919358922207
4539.9049973954716
4598.1235844785942
4656.1452032511024
4713.9673682599887
4771.5876025960888
4829.0034380003708
4886.2124149695555
4943.2120828614443
4999.9999999999909
5056.57373377986
5112.9308607705279
5169.0689668202749
5224.9856471594958
5280.6785065036802
5336.1451591561081
5391.3832291100025
5446.39035015028
5501.164165954935
5555.7023301960317
5610.0025066401004
5664.0623692483223
5717.8796022761262
5771.4519003723317
5824.7769686780102
5877.8525229247416
5930.6762895323754
5983.2460057065873
6035.5594195357189
6087.6142900872046
6139.4083875036549
6190.9394930983517
6242.2053994501821
6293.2039104983724
6343.9328416364606
6394.3900198058464
6444.5732835889667
6494.4804833018497
6544.1094810861114
6593.4581510006892
6642.5243791128241
6691.3060635885831
6739.8011147829729
6788.0074553294189
6835.9230202287217
6883.5457569375412
6930.8736254563673
6977.9045984168042
7024.6366611685144
7071.0678118654778
7117.1960615517091
7163.0194342465447
7208.5359670291973
7253.7437101228797
7298.640726978354
7343.2250943568597
7387.4949024124617
7431.4482547739344
7475.0832686259782
7518.3980747897785
7561.390817803227
7604.059656000315
7646.4027615900031
7688.4183207345886
7730.104533627381
7771.4596145697142
7812.4817920475862
7853.1693088074553
7893.520421931501
7933.5334029123469
7973.2065377270837
8012.5381269106128
8051.5264856285839
8090.1699437494708
8128.4668459161549
8166.4155516167866
8204.0144352551288
8241.2618862201543
8278.1563089550236
8314.696123025451
8350.8797631874349
8386.7056794542386
8422.1723371628595
8457.2782170397313
8492.0218152657835
8526.4016435409212
8560.4162291477187
8594.0641150145275
8627.3438597779132
8660.2540378443864
8692.7932394514337
8724.9600707279624
8756.7531537540017
8788.1711266196544
8819.2126434835463
8849.8763746304194
8880.1610065280711
8910.0652418836726
8939.5877996993258
8968.7274153268845
8997.4828405222124
9025.8528434986092
9053.8362089795519
9081.4317382508088
9108.6382492117646
9135.4545764260129
9161.8795711713592
9187.9121014889861
9213.5510522319237
9238.7953251128638
9263.6438387511807
9288.0955287192392
9312.1493475880361
9335.804264972021
9359.0592675732569
9381.9133592248381
9404.3655609335492
9426.4149109217815
9448.0604646687752
9469.3012949510594
9490.13649188214
9510.5651629515341
9530.5864330629702
9550.1994445718647
9569.403357322084
9588.1973486819352
9606.5806135793555
9624.5523645364719
9642.1118317032942
9659.2582628906821
9675.990923602596
9692.3090970675476
9708.2120842692821
9723.6992039767647
9738.7697927733388
9753.423205085126
9767.6588132087236
9781.4760073380567
9794.8741955905152
9807.8528040323035
9820.4112767030401
9832.5490756395466
9844.2656808989141
9855.560590580777
9866.4333208487878
9876.8834059513756
9886.9103982416764
9896.5138681967019
9905.6934044357713
9914.4486137381045
9922.7791210596697
9930.6845695492611
9938.1646205637826
9945.2189536827336
9951.8472667219685
9958.0492757466182
9963.824715083254
9969.1733373312782
9974.0949133735194
9978.5892323860353
9982.6561018471602
9986.2953475457398
9989.5068135886013
9992.2903624072296
9994.645874763657
9996.5732497555728
9998.0724048206484
9999.1432757400707
9999.7858166412916
10000.0
9999.7858166412916
9999.1432757400707
9998.0724048206484
9996.5732497555728
9994.6458747636552
9992.2903624072296
9989.5068135886013
9986.295347545738
9982.6561018471602
9978.5892323860335
9974.0949133735194
9969.17333733128
9963.824715083254
9958.0492757466182
9951.8472667219685
9945.2189536827318
9938.164620563779
9930.684569549263
9922.7791210596679
9914.4486137381045
9905.6934044357731
9896.5138681966982
9886.9103982416709
9876.8834059513774
9866.4333208487878
9855.560590580777
9844.2656808989177
9832.5490756395484
9820.4112767030401
9807.8528040323035
9794.8741955905152
9781.4760073380548
9767.6588132087254
9753.4232050851297
9738.769792773337
9723.6992039767683
9708.2120842692802
9692.3090970675421
9675.9909236025978
9659.2582628906857
9642.1118317032924
9624.5523645364756
9606.5806135793573
9588.1973486819279
9569.4033573220877
9550.1994445718683
9530.5864330629684
9510.5651629515378
9490.1364918821437
9469.3012949510521
9448.0604646687789
9426.4149109217851
9404.3655609335456
9381.9133592248436
9359.0592675732605
9335.8042649720119
9312.1493475880343
9288.0955287192428
9263.6438387511771
9238.7953251128674
9213.5510522319291
9187.9121014889824
9161.8795711713628
9135.4545764260092
9108.6382492117555
9081.4317382508125
9053.8362089795555
9025.8528434986056
8997.4828405222179
8968.72741532689
8939.5877996993149
8910.0652418836762
8880.1610065280747
8849.8763746304157
8819.2126434835536
8788.1711266196598
8756.7531537539908
8724.9600707279678
8692.7932394514391
8660.2540378443846
8627.3438597779186
8594.0641150145329
8560.416229147706
8526.4016435409176
8492.021815265789
8457.2782170397277
8422.172337162865
8386.7056794542441
8350.8797631874313
8314.6961230254565
8278.15630895502
8241.2618862201507
8204.0144352551342
8166.4155516167921
8128.4668459161503
8090.1699437494781
8051.5264856285903
8012.5381269105992
7973.2065377270692
7933.5334029123542
7893.5204219314974
7853.1693088074517
7812.4817920475934
7771.4596145697005
7730.1045336273655
7688.4183207345968
7646.4027615899986
7604.0596560003105
7561.3908178032343
7518.3980747897631
7475.0832686259619
7431.4482547739426
7387.4949024124571
7343.2250943568552
7298.6407269783613
7253.7437101228752
7208.53596702918
7163.0194342465402
7117.1960615517046
7071.0678118654732
7024.6366611685216
6977.9045984167997
6930.8736254563619
6883.5457569375503
6835.9230202287035
6788.0074553294144
6739.801114782982
6691.3060635885777
6642.5243791128196
6593.4581510006974
6544.1094810860923
6494.4804833018306
6444.5732835889748
6394.3900198058409
6343.932841636456
6293.2039104983814
6242.2053994501639
6190.9394930983326
6139.408387503664
6087.6142900871992
6035.5594195357135
5983.2460057065964
5930.6762895323691
5877.8525229247225
5824.7769686780193
5771.4519003723262
5717.8796022761198
5664.0623692483323
5610.0025066400949
5555.7023301960262
5501.1641659549296
5446.3903501502582
5391.383229109997
5336.1451591561172
5280.6785065036902
5224.9856471594903
5169.0689668202849
5112.930860770537
5056.5737337798391
5000.0
4943.2120828614543
4886.2124149695492
4829.0034380003808
4771.5876025960988
4713.9673682599669
4656.1452032511115
4598.1235844786042
4539.9049973954652
4481.4919358922307
4422.8869021900255
4364.092406733409
4305.1109680829477
4245.945112807135
4186.5973753742765
4127.070298043951
4067.3664307580134
4007.4883310314117
3947.4385638426661
3887.2197015239581
3826.8343236508913
3766.2850169321086
3705.5743750983711
3644.704998791497
3583.679495453011
3522.500479212335
3461.1705707749206
3399.6923973099415
3338.0685923377164
3276.3017956169333
3214.3946530316221
3152.3498164777106
3090.1699437494631
3027.8576984257429
2965.4157497557144
2902.8467725446199
2840.1534470392303
2777.3384588129347
2714.4044986507292
2651.3542624340753
2588.1904510252107
2524.9157701515733
2461.5329302899327
2398.0446465501755
2334.4536385590382
2270.7626303437246
2206.9743502150118
2143.0915306504994
2079.1169081775934
2015.0532232561795
1950.903220161282
1886.6696468655603
1822.3552549214733
1757.9627993435345
1693.4950384902443
1628.9547339458938
1564.3446504023059
1499.6675555404556
1434.926219911807
1370.1234168196677
1305.2619222005117
1240.3445145048574
1175.3739745783714
1110.3530855427805
1045.2846326765466
980.17140329559106
915.01618663401746
849.82177372441856
784.59095727844226
719.32653156719527
654.03129230144043
588.70803651187316
523.35956242942962
457.9886693652075
392.59815759067664
327.19082821776044
261.76948307873909
196.33692460628134
130.89595571343349
65.449379673516191
-1.1640334398265739e-11
-65.449379673521719
-130.89595571343901
-196.33692460628689
-261.76948307872686
-327.19082821774828
-392.59815759069988
-457.98866936521307
-523.35956242943519
-588.70803651189647
-654.03129230142827
-719.326531567183
-784.59095727846557
-849.82177372442413
-915.0161866340228
-980.17140329561425
-1045.2846326765343
-1110.3530855427682
-1175.3739745783946
-1240.3445145048631
-1305.2619222005171
-1370.1234168196906
-1434.9262199117952
-1499.6675555404433
-1564.3446504023116
-1628.9547339458993
-1693.4950384902495
-1757.9627993435577
-1822.3552549214785
-1886.669646865548
-1950.9032201612874
-2015.0532232561677
-2079.1169081775988
-2143.0915306505221
-2206.9743502150172
-2270.7626303437301
-2334.4536385590613
-2398.0446465501641
-2461.5329302899208
-2524.9157701515619
-2588.1904510252157
-2651.3542624340803
-2714.4044986507342
-2777.3384588129229
-2840.1534470392185
-2902.8467725446085
-2965.4157497557026
-3027.8576984257479
-3090.1699437494512
-3152.3498164777166
-3214.3946530316102
-3276.3017956169388
-3338.0685923377218
-3399.6923973099301
-3461.1705707749256
-3522.50047921234
-3583.679495453016
-3644.7049987914852
-3705.5743750983602
-3766.2850169321136
-3826.8343236508795
-3887.2197015239462
-3947.4385638426716
-4007.4883310314167
-4067.3664307580184
-4127.0702980439391
-4186.597375374281
-4245.9451128071405
-4305.1109680829368
-4364.0924067334145
-4422.8869021900146
-4481.4919358922352
-4539.9049973954543
-4598.1235844785933
-4656.145203251117
-4713.9673682599569
-4771.5876025961034
-4829.003438000369
-4886.2124149695537
-4943.2120828614579
-4999.9999999999891
-5056.5737337798437
-5112.9308607705261
-5169.0689668202886
-5224.9856471594794
-5280.6785065036775
-5336.1451591561217
-5391.3832291099861
-5446.3903501502627
-5501.1641659549323
-5555.7023301960298
-5610.002506640114
-5664.0623692483214
-5717.8796022761235
-5771.4519003723453
-5824.7769686780084
-5877.8525229247261
-5930.6762895323727
-5983.2460057065991
-6035.5594195357016
-6087.6142900872019
-6139.4083875036677
-6190.9394930983217
-6242.2053994501948
-6293.2039104983714
-6343.9328416364597
-6394.3900198058591
-6444.5732835889648
-6494.4804833018343
-6544.1094810861086
-6593.458151000701
-6642.5243791128096
-6691.3060635885813
-6739.8011147829848
-6788.0074553294044
-6835.9230202287072
-6883.5457569375403
-6930.8736254563664
-6977.9045984168151
-7024.6366611685125
-7071.0678118654769
-7117.1960615517219
-7163.0194342465329
-7208.5359670291837
-7253.7437101228797
-7298.6407269783658
-7343.225094356847
-7387.4949024124589
-7431.4482547739472
-7475.0832686259537
-7518.3980747897895
-7561.3908178032261
-7604.0596560003141
-7646.4027615900141
-7688.4183207345886
-7730.1045336273692
-7771.4596145697142
-7812.4817920475962
-7853.1693088074435
-7893.5204219315001
-7933.5334029123569
-7973.206537727061
-8012.5381269106229
-8051.5264856285839
-8090.1699437494808
-8128.4668459161649
-8166.4155516167857
-8204.0144352551379
-8241.2618862201634
-8278.1563089550145
-8314.696123025451
-8350.8797631874331
-8386.7056794542477
-8422.1723371628595
-8457.2782170397313
-8492.0218152657926
-8526.4016435409121
-8560.4162291477278
-8594.0641150145257
-8627.3438597779223
-8660.2540378443955
-8692.7932394514337
-8724.9600707279715
-8756.7531537539853
-8788.1711266196635
-8819.2126434835463
-8849.8763746304194
-8880.1610065280784
-8910.0652418836708
-8939.5877996993186
-8968.7274153268845
-8997.4828405222197
-9025.8528434986001
-9053.8362089795519
-9081.4317382508143
-9108.6382492117482
-9135.4545764260183
-9161.8795711713574
-9187.9121014889861
-9213.551052231931
-9238.7953251128638
-9263.6438387511807
-9288.0955287192446
-9312.1493475880288
-9335.8042649720137
-9359.0592675732569
-9381.9133592248454
-9404.3655609335437
-9426.4149109217815
-9448.0604646687807
-9469.3012949510485
-9490.1364918821455
-9510.5651629515341
-9530.5864330629702
-9550.1994445718701
-9569.403357322084
-9588.1973486819297
-9606.5806135793537
-9624.5523645364756
-9642.1118317032888
-9659.2582628906821
-9675.9909236025997
-9692.3090970675385
-9708.2120842692857
-9723.6992039767647
-9738.7697927733388
-9753.4232050851315
-9767.6588132087236
-9781.4760073380567
-9794.8741955905152
-9807.8528040323072
-9820.4112767030365
-9832.5490756395466
-9844.2656808989177
-9855.5605905807734
-9866.4333208487878
-9876.8834059513774
-9886.9103982416709
-9896.5138681967055
-9905.6934044357713
-9914.4486137381045
-9922.7791210596715
-9930.6845695492611
-9938.164620563779
-9945.2189536827336
-9951.8472667219703
-9958.0492757466163
-9963.824715083254
-9969.17333733128
-9974.0949133735176
-9978.5892323860371
-9982.6561018471602
-9986.2953475457398
-9989.5068135886031
-9992.2903624072296
-9994.645874763657
-9996.5732497555728
-9998.0724048206484
-9999.1432757400707
-9999.7858166412916
-10000.0
-9999.7858166412916
-9999.1432757400707
-9998.0724048206484
-9996.5732497555728
-9994.6458747636552
-9992.2903624072296
-9989.5068135886013
-9986.295347545738
-9982.6561018471602
-9978.5892323860353
-9974.0949133735194
-9969.1733373312782
-9963.824715083254
-9958.0492757466182
-9951.8472667219685
-9945.2189536827354
-9938.1646205637771
-9930.684569549263
-9922.7791210596697
-9914.4486137381009
-9905.6934044357731
-9896.5138681967019
-9886.9103982416709
-9876.8834059513738
-9866.4333208487915
-9855.560590580777
-9844.2656808989141
-9832.5490756395484
-9820.4112767030401
-9807.8528040323035
-9794.8741955905098
-9781.4760073380512
-9767.6588132087254
-9753.423205085126
-9738.7697927733334
-9723.6992039767683
-9708.2120842692802
-9692.3090970675421
-9675.9909236025924
-9659.2582628906857
-9642.1118317032924
-9624.5523645364701
-9606.5806135793591
-9588.1973486819224
-9569.4033573220877
-9550.1994445718628
-9530.5864330629647
-9510.5651629515378
-9490.1364918821382
-9469.3012949510648
-9448.0604646687734
-9426.4149109217851
-9404.3655609335474
-9381.9133592248363
-9359.0592675732623
-9335.8042649720192
-9312.1493475880343
-9288.0955287192373
-9263.6438387511862
-9238.7953251128693
-9213.5510522319219
-9187.9121014889915
-9161.8795711713628
-9135.4545764260092
-9108.6382492117555
-9081.4317382508052
-9053.8362089795573
-9025.8528434986056
-8997.4828405222106
-8968.72741532689
-8939.587799699324
-8910.065241883678
-8880.1610065280674
-8849.8763746304248
-8819.2126434835536
-8788.1711266196507
-8756.753153754009
-8724.9600707279606
-8692.7932394514391
-8660.2540378443846
-8627.3438597779113
-8594.0641150145329
-8560.4162291477151
-8526.4016435409176
-8492.0218152657799
-8457.2782170397386
-8422.1723371628668
-8386.7056794542368
-8350.8797631874404
-8314.6961230254583
-8278.15630895502
-8241.2618862201507
-8204.0144352551251
-8166.4155516167939
-8128.4668459161512
-8090.1699437494681
-8051.5264856285921
-8012.5381269106101
-7973.2065377270692
-7933.5334029123442
-7893.5204219315092
-7853.1693088074526
-7812.4817920475834
-7771.4596145697224
-7730.1045336273555
-7688.4183207345977
-7646.4027615899986
-7604.0596560002996
-7561.3908178032352
-7518.3980747897749
-7475.0832686259628
-7431.4482547739317
-7387.494902412468
-7343.2250943568552
-7298.6407269783504
-7253.7437101228888
-7208.5359670291928
-7163.0194342465411
-7117.1960615517064
-7071.0678118654614
-7024.6366611685226
-6977.9045984167997
-6930.873625456351
-6883.5457569375503
-6835.9230202287172
-6788.0074553294144
-6739.8011147829693
-6691.3060635885922
-6642.5243791128205
-6593.4581510006847
-6544.1094810861196
-6494.4804833018188
-6444.5732835889758
-6394.3900198058427
-6343.9328416364424
-6293.2039104983824
-6242.2053994501784
-6190.9394930983326
-6139.4083875036513
-6087.6142900872128
-6035.5594195357144
-5983.2460057065828
-5930.6762895323855
-5877.8525229247371
-5824.7769686780202
-5771.4519003723271
-5717.8796022761062
-5664.0623692483323
-5610.0025066400958
-5555.7023301960116
-5501.164165954945
-5446.3903501502746
-5391.383229109998
-5336.1451591561035
-5280.6785065036911
-5224.9856471594912
-5169.0689668202704
-5112.9308607705379
-5056.5737337798246
-5000.0000000000009
-4943.2120828614397
-4886.2124149695346
-4829.0034380003817
-4771.5876025960843
-4713.9673682599678
-4656.1452032510979
-4598.1235844786052
-4539.9049973954661
-4481.4919358922152
-4422.8869021900264
-4364.0924067333945
-4305.1109680829486
-4245.9451128071196
-4186.5973753742937
-4127.0702980439519
-4067.3664307579975
-4007.488331031429
-3947.4385638426838
-3887.2197015239585
-3826.8343236508917
-3766.2850169320932
-3705.574375098372
-3644.7049987914979
-3583.6794954529955
-3522.5004792123527
-3461.1705707749384
-3399.6923973099424
-3338.0685923377009
-3276.3017956169515
-3214.394653031623
-3152.3498164776952
-3090.1699437494976
-3027.8576984257265
-2965.4157497557153
-2902.8467725446212
-2840.1534470392148
-2777.3384588129356
-2714.404498650747
-2651.3542624340762
-2588.1904510251948
-2524.9157701515919
-2461.5329302899336
-2398.0446465501595
-2334.4536385590741
-2270.7626303437082
-2206.9743502150127
-2143.0915306505003
-2079.116908177577
-2015.0532232561807
-1950.9032201612831
-1886.6696468655439
-1822.3552549214919
-1757.9627993435531
-1693.4950384902454
-1628.9547339458773
-1564.3446504023245
-1499.6675555404568
-1434.9262199117907
-1370.1234168197041
-1305.2619222004953
-1240.3445145048588
-1175.3739745783728
-1110.3530855427641
-1045.284632676548
-980.17140329560993
-915.01618663401871
-849.82177372440208
-784.59095727846125
-719.32653156719653
-654.03129230142395
-588.70803651190977
-523.35956242941313
-457.98866936520875
-392.59815759067789
-327.19082821774396
-261.76948307874034
-196.33692460628259
-130.89595571343474
-65.449379673499649
-7.3478807948841194e-12
65.449379673520497
130.89595571345555
196.33692460626787
261.76948307872561
327.19082821776476
392.59815759066322
457.9886693652295
523.35956242943394
588.70803651189522
654.03129230144475
719.32653156718175
784.59095727844647
849.82177372442288
915.0161866340394
980.17140329559538
1045.2846326765332
1110.3530855427846
1175.3739745783582
1240.3445145048795
1305.261922200516
1370.1234168196897
1434.9262199118116
1499.6675555404424
1564.3446504023104
1628.9547339458982
1693.4950384902659
1757.962799343539
1822.3552549214776
1886.6696468655643
1950.9032201612688
2015.0532232561666
2079.1169081775979
2143.0915306505212
2206.9743502150336
2270.7626303437291
2334.45363855906
2398.04464655018
2461.5329302899199
2524.9157701515778
2588.1904510252148
2651.3542624340962
2714.4044986507333
2777.338458812922
2840.1534470392348
2902.8467725446071
2965.4157497557358
3027.8576984257465
3090.169943749484
3152.3498164777152
3214.3946530316098
3276.3017956169379
3338.0685923377205
3399.6923973099624
3461.1705707749252
3522.5004792123386
3583.6794954530155
3644.7049987914847
3705.5743750983588
3766.2850169321127
3826.8343236509118
3887.2197015239453
3947.4385638426706
4007.4883310314162
4067.3664307579843
4127.0702980439382
4186.5973753742801
4245.9451128071387
4305.1109680829677
4364.0924067334126
4422.8869021900136
4481.4919358922343
4539.9049973954534
4598.1235844785924
4656.1452032511161
4713.967368259986
4771.5876025960715
4829.0034380003681
4886.2124149695528
4943.2120828614261
5000.0000000000191
5056.5737337798419
5112.9308607705252
5169.0689668202867
5224.9856471594776
5280.6785065036775
5336.1451591561208
5391.3832291100152
5446.3903501502618
5501.1641659549314
5555.702330196028
5610.0025066400831
5664.0623692483205
5717.8796022761226
5771.4519003723444
5824.7769686780357
5877.8525229247243
5930.6762895323718
5983.2460057065982
6035.5594195357016
6087.614290087201
6139.4083875036667
6190.9394930983499
6242.2053994501657
6293.2039104983705
6343.9328416364579
6394.39001980583
6444.5732835889912
6494.4804833018343
6544.1094810861077
6593.4581510006992
6642.5243791128087
6691.3060635885804
6739.8011147829839
6788.0074553294298
6835.9230202287054
6883.5457569375394
6930.8736254563655
6977.9045984167888
7024.6366611685116
7071.067811865476
7117.19606155172
7163.0194342465311
7208.5359670291837
7253.7437101228788
7298.6407269783649
7343.225094356847
7387.4949024124589
7431.4482547739444
7475.0832686259528
7518.3980747897895
7561.3908178032252
7604.0596560003123
7646.4027615899895
7688.4183207345877
7730.1045336273692
7771.4596145697133
7812.4817920475962
7853.1693088074435
7893.5204219315001
7933.533402912336
7973.206537727061
8012.5381269106219
8051.526485628583
8090.1699437494799
8128.4668459161421
8166.4155516167857
8204.0144352551179
8241.2618862201634
8278.1563089550327
8314.6961230254492
8350.8797631874331
8386.7056794542277
8422.1723371628595
8457.2782170397495
8492.0218152657908
8526.4016435409303
8560.4162291477078
8594.0641150145257
8627.3438597779041
8660.2540378443955
8692.7932394514501
8724.9600707279715
8756.7531537540017
8788.1711266196453
8819.2126434835463
8849.8763746304357
8880.1610065280784
8910.0652418836871
8939.5877996993186
8968.7274153268845
8997.4828405222033
9025.8528434986147
9053.8362089795501
9081.4317382508143
9108.6382492117627
9135.4545764260038
9161.8795711713574
9187.9121014889861
9213.5510522319291
9238.7953251128638
9263.6438387511807
9288.0955287192446
9312.1493475880288
9335.8042649720264
9359.0592675732569
9381.9133592248436
9404.3655609335419
9426.4149109217815
9448.0604646687807
9469.3012949510594
9490.1364918821455
9510.5651629515323
9530.5864330629702
9550.1994445718592
9569.403357322084
9588.1973486819388
9606.5806135793537
9624.5523645364756
9642.1118317032888
9659.2582628906821
9675.9909236025906
9692.3090970675476
9708.2120842692857
9723.6992039767647
9738.769792773337
9753.4232050851224
9767.6588132087218
9781.4760073380639
9794.8741955905152
9807.8528040323072
9820.4112767030365
9832.5490756395466
9844.2656808989123
9855.5605905807806
9866.4333208487933
9876.8834059513774
9886.9103982416746
9896.5138681967001
9905.6934044357713
9914.44861373811
9922.7791210596715
9930.6845695492648
9938.164620563779
9945.2189536827336
9951.8472667219667
9958.0492757466182
9963.8247150832576
9969.17333733128
9974.0949133735194
9978.5892323860353
9982.6561018471584
9986.2953475457398
9989.5068135886031
9992.2903624072296
9994.645874763657
9996.5732497555728
9998.0724048206484
9999.1432757400707
9999.7858166412916
10000.0
9999.7858166412916
9999.1432757400707
9998.0724048206484
9996.5732497555728
9994.6458747636552
9992.2903624072296
9989.5068135886013
9986.2953475457398
9982.6561018471602
9978.5892323860353
9974.0949133735194
9969.1733373312782
9963.824715083254
9958.0492757466182
9951.8472667219721
9945.2189536827354
9938.1646205637771
9930.684569549263
9922.7791210596697
9914.4486137381064
9905.6934044357731
9896.5138681967073
9886.9103982416727
9876.8834059513738
9866.4333208487915
9855.560590580777
9844.2656808989195
9832.5490756395484
9820.4112767030347
9807.8528040323035
9794.8741955905116
9781.4760073380585
9767.6588132087254
9753.4232050851351
9738.7697927733334
9723.6992039767611
9708.2120842692821
9692.3090970675421
9675.9909236026033
9659.2582628906857
9642.1118317032833
9624.5523645364701
9606.5806135793482
9588.1973486819334
9569.4033573220877
9550.1994445718738
9530.5864330629647
9510.5651629515269
9490.1364918821382
9469.3012949510539
9448.0604646687843
9426.4149109217869
9404.3655609335474
9381.9133592248363
9359.0592675732496
9335.8042649720192
9312.1493475880343
9288.0955287192501
9263.6438387511716
9238.7953251128693
9213.5510522319237
9187.912101488977
9161.8795711713647
9135.4545764260092
9108.6382492117555
9081.4317382508052
9053.8362089795573
9025.8528434986056
8997.482840522227
8968.7274153268918
8939.5877996993095
8910.065241883678
8880.1610065280693
8849.8763746304267
8819.2126434835536
8788.1711266196689
8756.7531537539908
8724.9600707279606
8692.7932394514391
8660.2540378443846
8627.3438597779295
8594.0641150145329
8560.4162291476987
8526.4016435409194
8492.0218152657817
8457.2782170397386
8422.1723371628668
8386.7056794542568
8350.8797631874222
8314.6961230254383
8278.1563089550218
8241.2618862201525
8204.014435255147
8166.4155516167948
8128.4668459161312
8090.169943749469
8051.5264856285703
8012.538126910611
7973.2065377270701
7933.533402912366
7893.5204219314883
7853.1693088074308
7812.4817920475834
7771.4596145697014
7730.1045336273774
7688.4183207345977
7646.4027615899995
7604.0596560003005
7561.3908178032116
7518.3980747897758
7475.0832686259637
7431.4482547739553
7387.4949024124462
7343.2250943568552
7298.6407269783513
7253.7437101228643
7208.5359670291946
7163.0194342465429
7117.1960615517073
7071.0678118654623
7024.6366611685226
6977.9045984168006
6930.873625456351
6883.5457569375512
6835.9230202286917
6788.0074553294153
6739.8011147829693
6691.3060635885931
6642.5243791128205
6593.4581510006865
6544.1094810861214
6494.4804833018197
6444.5732835889767
6394.3900198058436
6343.9328416364715
6293.2039104983842
6242.2053994502066
6190.9394930983344
6139.4083875036522
6087.6142900872146
6035.5594195357153
5983.2460057066128
5930.6762895323855
5877.8525229247089
5824.7769686780211
5771.451900372329
5717.8796022761362
5664.0623692483341
5610.0025066401258
5555.7023301960126
5501.1641659549159
5446.3903501502755
5391.3832291099998
5336.1451591561345
5280.6785065036911
5224.9856471594621
5169.0689668202713
5112.9308607705079
5056.5737337798564
5000.0000000000018
4943.2120828614716
4886.2124149695355
4829.0034380003508
4771.5876025960843
4713.9673682599696
4656.1452032511297
4598.1235844786061
4539.9049973954679
4481.491935892217
4422.8869021899955
4364.0924067334272
4305.1109680829495
4245.9451128071532
4186.5973753742619
4127.0702980439519
4067.3664307579988
4007.488331031398
3947.4385638426847
3887.2197015239594
3826.8343236508927
3766.2850169320945
3705.5743750983734
3644.7049987914993
3583.6794954529964
3522.5004792123532
3461.1705707749061
3399.6923973099438
3338.0685923377018
3276.3017956169519
3214.3946530316243
3152.3498164776965
3090.1699437494649
3027.8576984257279
2965.4157497557167
2902.8467725446221
2840.1534470392498
2777.338458812937
2714.4044986507142
2651.3542624340776
2588.1904510251957
2524.9157701515928
2461.5329302899349
2398.0446465501955
2334.4536385590409
2270.7626303437096
2206.9743502150141
2143.0915306505017
2079.1169081776134
2015.053223256182
1950.9032201612497
1886.6696468655452
1822.3552549214583
1757.9627993435545
1693.4950384902463
1628.9547339459136
1564.3446504022909
1499.6675555404229
1434.926219911792
1370.1234168196702
1305.2619222005319
1240.3445145048599
1175.3739745783387
1110.353085542765
1045.2846326765139
980.17140329561119
915.01618663401985
849.82177372443869
784.59095727842691
719.32653156716219
654.0312923014252
588.70803651187566
523.35956242944985
457.98866936521
392.59815759067914
327.19082821774521
261.76948307874153
196.33692460628382
130.89595571343594
65.449379673536399
-2.6954609193973536e-11
-65.44937967351926
-130.89595571345433
-196.33692460626668
-261.76948307872442
-327.19082821776351
-392.5981575906975
-457.98866936522825
-523.35956242943269
-588.70803651189397
-654.03129230140803
-719.3265315671805
-784.59095727848069
-849.82177372442163
-915.01618663403815
-980.17140329559413
-1045.2846326765321
-1110.353085542748
-1175.3739745783569
-1240.3445145048781
-1305.2619222005146
-1370.1234168196881
-1434.926219911775
-1499.6675555404408
-1564.3446504022738
-1628.9547339458968
-1693.4950384902647
-1757.9627993435377
-1822.355254921476
-1886.6696468655284
-1950.9032201612679
-2015.0532232562002
-2079.1169081775965
-2143.0915306505199
-2206.9743502149972
-2270.7626303437273
-2334.4536385590241
-2398.0446465501786
-2461.5329302899527
-2524.9157701515769
-2588.1904510252139
-2651.3542624340612
-2714.404498650732
-2777.3384588129547
-2840.1534470392335
-2902.8467725446399
-2965.4157497557012
-3027.8576984257461
-3090.1699437494494
-3152.3498164777143
-3214.3946530316421
-3276.3017956169365
-3338.0685923377196
-3399.6923973099279
-3461.1705707749243
-3522.5004792123377
-3583.6794954530142
-3644.7049987915166
-3705.5743750983579
-3766.2850169321123
-3826.8343236508776
-3887.2197015239772
-3947.4385638426697
-4007.4883310314153
-4067.3664307579838
-4127.0702980439373
-4186.5973753742792
-4245.9451128071378
-4305.1109680829668
-4364.0924067334117
-4422.8869021900127
-4481.4919358922016
-4539.9049973954525
-4598.1235844786233
-4656.1452032511152
-4713.967368259986
-4771.5876025960706
-4829.0034380003663
-4886.2124149695201
-4943.2120828614552
-5000.0000000000182
-5056.5737337798409
-5112.9308607705234
-5169.0689668202558
-5224.9856471594767
-5280.6785065037066
-5336.145159156119
-5391.3832291100143
-5446.3903501502609
-5501.1641659549314
-5555.7023301959989
-5610.0025066401113
-5664.0623692483496
-5717.8796022761217
-5771.4519003723426
-5824.7769686780075
-5877.8525229247234
-5930.6762895323991
-5983.2460057065982
-6035.5594195357289
-6087.6142900872001
-6139.4083875036667
-6190.9394930983208
-6242.2053994501921
-6293.2039104983969
-6343.9328416364569
-6394.3900198058564
-6444.5732835889639
-6494.4804833018334
-6544.1094810861077
-6593.4581510006992
-6642.5243791128341
-6691.3060635885804
-6739.8011147829829
-6788.0074553294025
-6835.9230202287317
-6883.5457569375394
-6930.8736254563637
-6977.9045984168133
-7024.6366611685107
-7071.067811865476
-7117.19606155172
-7163.0194342465556
-7208.5359670291837
-7253.743710122877
-7298.6407269783649
-7343.2250943568442
-7387.4949024124826
-7431.4482547739444
-7475.0832686259764
-7518.3980747897649
-7561.3908178032252
-7604.0596560002896
-7646.4027615900122
-7688.4183207346105
-7730.1045336273673
-7771.4596145697133
-7812.4817920475734
-7853.1693088074426
-7893.520421931521
-7933.533402912356
-7973.206537727081
-8012.538126910601
-8051.5264856285821
-8090.169943749459
-8128.4668459161421
-8166.4155516168048
-8204.0144352551379
-8241.2618862201634
-8278.1563089550109
-8314.6961230254492
-8350.8797631874131
-8386.7056794542477
-8422.1723371628759
-8457.2782170397295
-8492.0218152657908
-8526.4016435409103
-8560.4162291477078
-8594.0641150145439
-8627.3438597779204
-8660.2540378443937
-8692.7932394514301
-8724.9600707279715
-8756.7531537539835
-8788.1711266196617
-8819.2126434835627
-8849.8763746304176
-8880.1610065280765
-8910.0652418836708
-8939.5877996993186
-8968.7274153268845
-8997.4828405222179
-9025.8528434986147
-9053.8362089795501
-9081.4317382508143
-9108.6382492117482
-9135.4545764260183
-9161.8795711713556
-9187.9121014889843
-9213.5510522319291
-9238.795325112862
-9263.6438387511789
-9288.0955287192446
-9312.1493475880416
-9335.8042649720137
-9359.0592675732551
-9381.9133592248436
-9404.3655609335419
-9426.4149109217924
-9448.0604646687789
-9469.3012949510594
-9490.1364918821328
-9510.5651629515323
-9530.5864330629702
-9550.1994445718683
-9569.4033573220931
-9588.1973486819279
-9606.5806135793537
-9624.5523645364665
-9642.1118317032888
-9659.2582628906912
-9675.9909236025978
-9692.3090970675476
-9708.2120842692784
-9723.6992039767647
-9738.7697927733298
-9753.4232050851297
-9767.658813208729
-9781.4760073380567
-9794.8741955905152
-9807.8528040323017
-9820.4112767030365
-9832.549075639552
-9844.2656808989177
-9855.5605905807788
-9866.4333208487878
-9876.8834059513774
-9886.9103982416691
-9896.5138681967055
-9905.6934044357749
-9914.4486137381045
-9922.7791210596715
-9930.6845695492611
-9938.164620563779
-9945.2189536827373
-9951.8472667219703
-9958.0492757466182
-9963.824715083254
-9969.17333733128
-9974.0949133735176
-9978.5892323860371
-9982.6561018471584
-9986.2953475457398
-9989.5068135886031
-9992.2903624072296
-9994.645874763657
-9996.5732497555728
-9998.0724048206484
-9999.1432757400707
-9999.7858166412916
-10000.0
-9999.7858166412916
-9999.1432757400707
-9998.0724048206484
-9996.5732497555728
-9994.645874763657
-9992.2903624072296
-9989.5068135886013
-9986.295347545738
-9982.6561018471584
-9978.5892323860353
-9974.0949133735194
-9969.1733373312818
-9963.824715083254
-9958.0492757466145
-9951.8472667219685
-9945.2189536827318
-9938.1646205637826
-9930.684569549263
-9922.7791210596733
-9914.4486137381009
-9905.6934044357695
-9896.5138681967019
-9886.9103982416727
-9876.8834059513792
-9866.4333208487915
-9855.5605905807824
-9844.2656808989141
-9832.5490756395429
-9820.4112767030401
-9807.8528040323035
-9794.8741955905189
-9781.4760073380585
-9767.6588132087181
-9753.423205085126
-9738.7697927733334
-9723.6992039767683
-9708.2120842692821
-9692.3090970675512
-9675.9909236025942
-9659.2582628906766
-9642.1118317032942
-9624.5523645364719
-9606.5806135793591
-9588.1973486819334
-9569.4033573220786
-9550.1994445718647
-9530.5864330629647
-9510.5651629515378
-9490.13649188214
-9469.3012949510648
-9448.0604646687734
-9426.4149109217742
-9404.3655609335474
-9381.9133592248381
-9359.0592675732623
-9335.8042649720192
-9312.1493475880343
-9288.0955287192373
-9263.6438387511862
-9238.7953251128693
-9213.5510522319237
-9187.9121014889915
-9161.8795711713501
-9135.454576426011
-9108.6382492117555
-9081.4317382508216
-9053.8362089795573
-9025.8528434986074
-8997.4828405222124
-8968.7274153268754
-8939.5877996993258
-8910.0652418836798
-8880.1610065280856
-8849.8763746304267
-8819.2126434835372
-8788.1711266196544
-8756.7531537539926
-8724.9600707279787
-8692.7932394514391
-8660.2540378444028
-8627.3438597779113
-8594.0641150145166
-8560.4162291477169
-8526.4016435409194
-8492.0218152657999
-8457.2782170397386
-8422.1723371628468
-8386.7056794542368
-8350.8797631874222
-8314.6961230254583
-8278.1563089550218
-8241.2618862201725
-8204.014435255127
-8166.4155516167748
-8128.4668459161521
-8090.169943749469
-8051.526485628593
-8012.538126910611
-7973.2065377270492
-7933.5334029123451
-7893.5204219314883
-7853.1693088074535
-7812.4817920475843
-7771.4596145697233
-7730.1045336273564
-7688.4183207345759
-7646.4027615900013
-7604.0596560003014
-7561.3908178032361
-7518.3980747897758
-7475.0832686259637
-7431.4482547739335
-7387.4949024124471
-7343.2250943568579
-7298.6407269783513
-7253.7437101228907
-7208.53596702917
-7163.0194342465438
-7117.1960615517073
-7071.0678118654632
-7024.6366611685244
-6977.9045984168024
-6930.8736254563519
-6883.5457569375267
-6835.9230202287181
-6788.0074553294171
-6739.8011147829975
-6691.3060635885931
-6642.524379112795
-6593.4581510006865
-6544.1094810860941
-6494.4804833018479
-6444.5732835889776
-6394.3900198058709
-6343.9328416364451
-6293.2039104983569
-6242.2053994501803
-6190.9394930983353
-6139.4083875036813
-6087.6142900872155
-6035.559419535688
-5983.2460057065855
-5930.6762895323573
-5877.8525229247389
-5824.7769686780211
-5771.451900372359
-5717.879602276108
-5664.0623692483059
-5610.0025066400967
-5555.7023301960144
-5501.1641659549468
-5446.3903501502764
-5391.3832291100307
-5336.1451591561045
-5280.678506503662
-5224.985647159494
-5169.0689668202713
-5112.9308607705407
-5056.5737337798573
-4999.9999999999727
-4943.2120828614416
-4886.2124149695364
-4829.0034380003835
-4771.5876025960861
-4713.9673682600023
-4656.1452032510997
-4598.123584478576
-4539.9049973954689
-4481.491935892218
-4422.8869021900291
-4364.092406733429
-4305.1109680829504
-4245.9451128071223
-4186.5973753742637
-4127.0702980439537
-4067.3664307580002
-4007.4883310314317
-3947.4385638426534
-3887.2197015239612
-3826.8343236508945
-3766.2850169320959
-3705.5743750983747
-3644.7049987915002
-3583.6794954529983
-3522.5004792123214
-3461.1705707749411
-3399.6923973099451
-3338.0685923377036
-3276.3017956169538
-3214.394653031592
-3152.3498164776979
-3090.1699437494667
-3027.8576984257634
-2965.415749755718
-2902.8467725446576
-2840.1534470392171
-2777.3384588129043
-2714.4044986507497
-2651.3542624340785
-2588.1904510252311
-2524.9157701515946
-2461.5329302899017
-2398.0446465501618
-2334.4536385590418
-2270.7626303437455
-2206.9743502150154
-2143.0915306505376
-2079.1169081775797
-2015.0532232561486
-1950.9032201612856
-1886.6696468655464
-1822.3552549214942
-1757.9627993435556
-1693.4950384902124
-1628.9547339458798
-1564.344650402292
-1499.6675555404593
-1434.9262199117932
-1370.1234168197066
-1305.2619222004978
-1240.3445145048261
-1175.3739745783753
-1110.3530855427664
-1045.2846326765505
-980.17140329561244
-915.01618663402098
-849.82177372440458
-784.59095727842816
-719.32653156719903
-654.03129230142645
-588.70803651191227
-523.35956242941563
-457.98866936521119
-392.59815759068033
-327.1908282177464
-261.76948307874278
-196.33692460628501
-130.89595571343719
-65.449379673502108
-9.7971743931788264e-12
65.449379673518038
130.89595571345311
196.33692460626546
261.76948307875875
327.19082821776232
392.5981575906963
457.98866936519164
523.35956242943143
588.70803651189271
654.03129230144225
719.32653156721472
784.59095727844408
849.82177372442038
915.01618663400143
980.17140329559288
1045.2846326765662
1110.3530855427823
1175.373974578391
1240.3445145048418
1305.2619222005135
1370.123416819652
1434.9262199118091
1499.6675555404752
1564.3446504023079
1628.9547339458957
1693.4950384902284
1757.9627993435365
1822.3552549215099
1886.6696468655623
1950.9032201613013
2015.0532232561641
2079.1169081775952
2143.0915306504839
2206.9743502150309
2270.762630343761
2334.4536385590577
2398.0446465501777
2461.5329302899172
2524.9157701515751
2588.1904510251779
2651.3542624340935
2714.4044986507647
2777.3384588129193
2840.1534470392321
2902.8467725446044
2965.4157497556994
3027.8576984257784
3090.1699437494817
3152.3498164777125
3214.394653031607
3276.3017956169351
3338.0685923376845
3399.6923973099597
3461.1705707749225
3522.5004792123364
3583.6794954530128
3644.704998791482
3705.5743750983561
3766.2850169321105
3826.834323650909
3887.2197015239431
3947.4385638426679
4007.4883310314135
4067.366430757982
4127.0702980439683
4186.5973753742774
4245.945112807136
4305.1109680829331
4364.0924067334108
4422.8869021900109
4481.4919358922325
4539.9049973954825
4598.1235844785897
4656.1452032511133
4713.9673682599523
4771.5876025960688
4829.0034380003972
4886.2124149695501
4943.2120828614552
4999.9999999999864
5056.57373377984
5112.9308607704925
5169.0689668202849
5224.9856471595067
5280.6785065036756
5336.1451591561181
5391.3832291099843
5446.39035015026
5501.1641659549596
5555.7023301960262
5610.0025066401104
5664.0623692483186
5717.8796022761198
5771.4519003723126
5824.7769686780348
5877.8525229247516
5930.6762895323709
5983.2460057065973
6035.5594195356998
6087.6142900872001
6139.4083875036931
6190.9394930983472
6242.2053994501912
6293.2039104983687
6343.9328416364569
6394.3900198058291
6444.5732835889894
6494.4804833018588
6544.1094810861068
6593.4581510006983
6642.5243791128078
6691.3060635885795
6739.801114782982
6788.007455329428
6835.9230202287299
6883.5457569375376
6930.8736254563628
6977.9045984167878
7024.6366611685353
7071.0678118654751
7117.19606155172
7163.0194342465293
7208.5359670291818
7253.743710122877
7298.6407269783631
7343.2250943568688
7387.494902412458
7431.4482547739435
7475.0832686259519
7518.398074789764
7561.390817803247
7604.0596560003114
7646.4027615900122
7688.4183207345868
7730.1045336273664
7771.4596145696887
7812.4817920475944
7853.1693088074635
7893.5204219314992
7933.533402912356
7973.2065377270601
8012.5381269106001
8051.526485628603
8090.169943749479
8128.4668459161621
8166.4155516167839
8204.014435255136
8241.2618862201416
8278.1563089550309
8314.6961230254674
8350.8797631874313
8386.7056794542459
8422.1723371628577
8457.2782170397295
8492.021815265809
8526.4016435409285
8560.4162291477242
8594.0641150145238
8627.3438597779204
8660.2540378443755
8692.7932394514301
8724.9600707279878
8756.7531537539999
8788.1711266196598
8819.2126434835445
8849.8763746304176
8880.1610065280602
8910.0652418836853
8939.5877996993331
8968.7274153268827
8997.4828405222179
9025.8528434985983
9053.8362089795482
9081.4317382508143
9108.6382492117627
9135.4545764260165
9161.8795711713556
9187.9121014889843
9213.5510522319146
9238.7953251128747
9263.6438387511789
9288.0955287192428
9312.1493475880397
9335.8042649720137
9359.0592675732551
9381.9133592248436
9404.3655609335528
9426.4149109217797
9448.0604646687789
9469.3012949510467
9490.1364918821328
9510.5651629515432
9530.5864330629702
9550.1994445718683
9569.403357322084
9588.1973486819279
9606.5806135793428
9624.5523645364756
9642.1118317032979
9659.2582628906803
9675.9909236025978
9692.3090970675366
9708.2120842692784
9723.6992039767738
9738.769792773337
9753.4232050851297
9767.6588132087218
9781.4760073380567
9794.874195590508
9807.8528040323072
9820.4112767030438
9832.5490756395448
9844.2656808989177
9855.5605905807734
9866.4333208487878
9876.8834059513829
9886.9103982416746
9896.5138681967055
9905.6934044357713
9914.4486137381045
9922.7791210596679
9930.6845695492648
9938.1646205637844
9945.2189536827336
9951.8472667219703
9958.0492757466163
9963.824715083254
9969.17333733128
9974.0949133735194
9978.5892323860371
9982.6561018471584
9986.2953475457398
9989.5068135885995
9992.2903624072296
9994.645874763657
9996.5732497555728
9998.0724048206484
9999.1432757400707
9999.7858166412916
10000.0
9999.7858166412916
9999.1432757400707
9998.0724048206484
9996.5732497555728
9994.645874763657
9992.2903624072278
9989.5068135886013
9986.295347545738
9982.6561018471602
9978.5892323860353
9974.0949133735194
9969.1733373312782
9963.8247150832522
9958.0492757466182
9951.8472667219685
9945.2189536827354
9938.1646205637826
9930.6845695492593
9922.7791210596697
9914.4486137381027
9905.6934044357731
9896.5138681967019
9886.9103982416782
9876.8834059513738
9866.433320848786
9855.560590580777
9844.2656808989141
9832.5490756395502
9820.4112767030401
9807.8528040322981
9794.8741955905116
9781.476007338053
9767.6588132087254
9753.423205085126
9738.7697927733425
9723.6992039767611
9708.212084269273
9692.3090970675421
9675.9909236025942
9659.2582628906857
9642.1118317032942
9624.552364536461
9606.58061357935
9588.1973486819243
9569.4033573220895
9550.1994445718647
9530.5864330629756
9510.5651629515378
9490.13649188214
9469.3012949510539
9448.0604646687752
9426.4149109217869
9404.3655609335492
9381.9133592248509
9359.0592675732514
9335.804264972021
9312.1493475880343
9288.0955287192373
9263.6438387511862
9238.7953251128693
9213.5510522319237
9187.9121014889788
9161.8795711713647
9135.454576426011
9108.6382492117573
9081.4317382508234
9053.8362089795428
9025.8528434986074
8997.4828405222124
8968.7274153268918
8939.5877996993258
8910.0652418836798
8880.1610065280693
8849.8763746304103
8819.2126434835554
8788.1711266196544
8756.7531537540108
8724.9600707279787
8692.7932394514228
8660.2540378443864
8627.3438597779132
8594.0641150145348
8560.4162291477187
8526.4016435409394
8492.0218152657817
8457.2782170397204
8422.1723371628668
8386.7056794542386
8350.879763187444
8314.6961230254583
8278.1563089550018
8241.2618862201543
8204.014435255127
8166.4155516167948
8128.4668459161539
8090.1699437494908
8051.526485628573
8012.538126910591
7973.206537727071
7933.533402912346
7893.520421931511
7853.1693088074535
7812.4817920475634
7771.4596145697024
7730.1045336273573
7688.4183207345986
7646.4027615900022
7604.059656000325
7561.3908178032143
7518.398074789754
7475.0832686259646
7431.4482547739335
7387.4949024124708
7343.2250943568579
7298.6407269783531
7253.7437101228661
7208.5359670291964
7163.0194342465447
7117.1960615517091
7071.0678118654887
7024.6366611684998
6977.9045984168024
6930.8736254563528
6883.5457569375521
6835.923020228719
6788.0074553294171
6739.801114782972
6691.3060635885677
6642.5243791128232
6593.4581510006874
6544.1094810861223
6494.4804833018479
6444.5732835889512
6394.3900198058454
6343.9328416364451
6293.2039104983851
6242.2053994501803
6190.9394930983644
6139.408387503654
6087.6142900871873
6035.5594195357162
5983.2460057065855
5930.6762895323873
5877.8525229247407
5824.7769686779939
5771.4519003723299
5717.8796022761089
5664.0623692483359
5610.0025066400985
5555.7023301960444
5501.1641659549186
5446.3903501502473
5391.3832291100016
5336.1451591561063
5280.6785065036929
5224.9856471594949
5169.0689668202431
5112.9308607705107
5056.5737337798282
5000.0000000000045
4943.2120828614425
4886.2124149695683
4829.0034380003535
4771.5876025960561
4713.9673682599714
4656.1452032511006
4598.1235844786088
4539.9049973954698
4481.4919358922189
4422.8869021899982
4364.0924067333972
4305.1109680829522
4245.9451128071232
4186.5973753742965
4127.0702980439546
4067.3664307580016
4007.4883310314003
3947.4385638426547
3887.2197015239622
3826.8343236508954
3766.28501693213
3705.5743750983429
3644.7049987915016
3583.6794954529992
3522.5004792123559
3461.1705707749425
3399.6923973099465
3338.0685923377041
3276.3017956169215
3214.3946530316271
3152.3498164776993
3090.1699437495017
3027.8576984257643
2965.4157497556853
2902.8467725446244
2840.153447039218
2777.3384588129397
2714.4044986507511
2651.3542624341139
2588.1904510251979
2524.915770151561
2461.5329302899377
2398.0446465501636
2334.4536385590777
2270.7626303437469
2206.9743502149818
2143.091530650504
2079.1169081775811
2015.0532232561845
1950.903220161287
1886.6696468655825
1822.3552549214605
1757.962799343522
1693.4950384902488
1628.9547339458813
1564.3446504023284
1499.6675555404606
1434.9262199117593
1370.1234168196727
1305.2619222004992
1240.3445145048624
1175.3739745783764
1110.3530855428028
1045.2846326765161
980.17140329557833
915.01618663402212
849.82177372440572
784.59095727846488
719.32653156720016
654.03129230142758
588.70803651187805
523.35956242941688
457.98866936521244
392.59815759068158
327.19082821778318
261.7694830787085
196.33692460628626
130.89595571343838
65.44937967350333
1.102182119232618e-11
-65.449379673516816
-130.89595571345188
-196.33692460629973
-261.76948307872198
-327.19082821776107
-392.59815759069505
-457.98866936519039
-523.35956242946577
-588.70803651189146
-654.03129230144111
-719.32653156717822
-784.59095727844294
-849.82177372438389
-915.01618663403576
-980.1714032956271
-1045.2846326765298
-1110.3530855427812
-1175.3739745783546
-1240.3445145048406
-1305.2619222005474
-1370.1234168196856
-1434.9262199118077
-1499.6675555404386
-1564.3446504023066
-1628.9547339458593
-1693.4950384902622
-1757.9627993435702
-1822.3552549214739
-1886.6696468655609
-1950.9032201612654
-2015.0532232561629
-2079.1169081776288
-2143.0915306505171
-2206.9743502150295
-2270.762630343725
-2334.4536385590563
-2398.0446465501418
-2461.5329302899504
-2524.9157701516083
-2588.1904510252111
-2651.354262434093
-2714.4044986507297
-2777.3384588129179
-2840.1534470392653
-2902.8467725446371
-2965.4157497557321
-3027.8576984257434
-3090.1699437494808
-3152.3498164776779
-3214.3946530316398
-3276.3017956169338
-3338.0685923377168
-3399.6923973099583
-3461.1705707749211
-3522.5004792123354
-3583.6794954529782
-3644.7049987915143
-3705.5743750983556
-3766.2850169321096
-3826.8343236509077
-3887.2197015239417
-3947.4385638426666
-4007.4883310314126
-4067.3664307580134
-4127.0702980439346
-4186.5973753742765
-4245.945112807136
-4305.1109680829322
-4364.0924067334417
-4422.88690219001
-4481.4919358922316
-4539.9049973954498
-4598.1235844785888
-4656.1452032511124
-4713.9673682599832
-4771.5876025960988
-4829.0034380003653
-4886.2124149695492
-4943.2120828614225
-4999.9999999999854
-5056.5737337798701
-5112.9308607705216
-5169.0689668202849
-5224.9856471594749
-5280.6785065036747
-5336.1451591560872
-5391.3832291100125
-5446.3903501502882
-5501.1641659549296
-5555.7023301960262
-5610.0025066400804
-5664.0623692483186
-5717.8796022761489
-5771.4519003723408
-5824.7769686780339
-5877.8525229247225
-5930.6762895323691
-5983.2460057065673
-6035.559419535728
-6087.6142900872264
-6139.408387503664
-6190.9394930983462
-6242.2053994501639
-6293.2039104983687
-6343.9328416364824
-6394.3900198058554
-6444.5732835889894
-6494.4804833018306
-6544.1094810861059
-6593.458151000671
-6642.5243791128332
-6691.306063588605
-6739.801114782982
-6788.0074553294271
-6835.9230202287035
-6883.5457569375367
-6930.8736254563619
-6977.9045984168124
-7024.6366611685089
-7071.0678118654732
-7117.1960615517182
-7163.0194342465293
-7208.5359670292064
-7253.7437101228752
-7298.6407269783631
-7343.2250943568433
-7387.4949024124571
-7431.4482547739426
-7475.0832686259746
-7518.3980747897867
-7561.3908178032243
-7604.0596560003105
-7646.4027615899877
-7688.4183207345859
-7730.1045336273892
-7771.4596145697114
-7812.4817920475944
-7853.1693088074417
-7893.5204219314983
-7933.5334029123342
-7973.2065377270801
-8012.538126910621
-8051.5264856285803
-8090.169943749479
-8128.4668459161412
-8166.4155516167839
-8204.0144352551561
-8241.2618862201616
-8278.1563089550309
-8314.6961230254474
-8350.8797631874313
-8386.7056794542259
-8422.1723371628759
-8457.2782170397477
-8492.0218152657908
-8526.4016435409285
-8560.4162291477078
-8594.0641150145238
-8627.3438597779386
-8660.2540378443919
-8692.7932394514464
-8724.9600707279697
-8756.7531537539999
-8788.1711266196435
-8819.2126434835609
-8849.8763746304339
-8880.1610065280747
-8910.0652418836853
-8939.5877996993167
-8968.7274153268827
-8997.4828405222179
-9025.8528434986129
-9053.8362089795628
-9081.4317382508125
-9108.6382492117627
-9135.4545764260019
-9161.8795711713701
-9187.9121014889824
-9213.5510522319291
-9238.795325112862
-9263.6438387511789
-9288.0955287192428
-9312.149347588027
-9335.8042649720246
-9359.0592675732551
-9381.9133592248436
-9404.3655609335401
-9426.4149109217797
-9448.0604646687789
-9469.3012949510576
-9490.1364918821437
-9510.5651629515323
-9530.5864330629702
-9550.1994445718574
-9569.4033573220822
-9588.197348681937
-9606.5806135793537
-9624.5523645364756
-9642.1118317032888
-9659.2582628906803
-9675.9909236025887
-9692.3090970675457
-9708.2120842692857
-9723.6992039767647
-9738.769792773337
-9753.4232050851206
-9767.6588132087218
-9781.4760073380621
-9794.8741955905152
-9807.8528040323072
-9820.4112767030365
-9832.5490756395448
-9844.2656808989123
-9855.5605905807788
-9866.4333208487933
-9876.8834059513774
-9886.9103982416746
-9896.5138681966982
-9905.6934044357713
-9914.4486137381082
-9922.7791210596715
-9930.6845695492648
-9938.164620563779
-9945.2189536827336
-9951.8472667219667
-9958.0492757466182
-9963.8247150832558
-9969.17333733128
-9974.0949133735194
-9978.5892323860335
-9982.6561018471584
-9986.2953475457398
-9989.5068135886013
-9992.2903624072296
-9994.645874763657
-9996.5732497555728
-9998.0724048206484
-9999.1432757400707
-9999.7858166412916
-10000.0
-9999.7858166412916
-9999.1432757400707
-9998.0724048206484
-9996.5732497555728
-9994.6458747636552
-9992.2903624072296
-9989.5068135886013
-9986.2953475457398
-9982.6561018471602
-9978.5892323860335
-9974.0949133735194
-9969.1733373312782
-9963.824715083254
-9958.0492757466182
-9951.8472667219721
-9945.2189536827318
-9938.164620563779
-9930.6845695492648
-9922.7791210596697
-9914.4486137381064
-9905.6934044357749
-9896.5138681966982
-9886.9103982416727
-9876.8834059513756
-9866.4333208487915
-9855.560590580777
-9844.2656808989213
-9832.5490756395429
-9820.4112767030347
-9807.8528040323035
-9794.8741955905116
-9781.4760073380603
-9767.6588132087254
-9753.4232050851188
-9738.7697927733334
-9723.6992039767611
-9708.2120842692821
-9692.3090970675421
-9675.9909236026051
-9659.2582628906785
-9642.1118317032851
-9624.5523645364719
-9606.58061357935
-9588.1973486819334
-9569.4033573220895
-9550.1994445718647
-9530.5864330629647
-9510.5651629515287
-9490.13649188214
-9469.3012949510539
-9448.0604646687862
-9426.414910921776
-9404.3655609335492
-9381.9133592248381
-9359.0592675732514
-9335.804264972021
-9312.1493475880361
-9288.0955287192392
-9263.6438387511735
-9238.7953251128711
-9213.5510522319237
-9187.9121014889788
-9161.8795711713647
-9135.4545764259965
-9108.6382492117573
-9081.4317382508088
-9053.8362089795592
-9025.8528434986092
-8997.4828405222124
-8968.7274153268918
-8939.5877996993113
-8910.0652418836798
-8880.1610065280693
-8849.8763746304285
-8819.2126434835554
-8788.1711266196708
-8756.7531537539926
-8724.9600707279624
-8692.793239451441
-8660.2540378443864
-8627.3438597779314
-8594.0641150145348
-8560.4162291476987
-8526.4016435409212
-8492.0218152657817
-8457.2782170397404
-8422.1723371628686
-8386.7056794542586
-8350.879763187424
-8314.6961230254401
-8278.1563089550218
-8241.2618862201543
-8204.0144352551488
-8166.4155516167957
-8128.4668459161339
-8090.1699437494699
-8051.526485628573
-8012.5381269106128
-7973.2065377270719
-7933.5334029123687
-7893.5204219314901
-7853.1693088074326
-7812.4817920475853
-7771.4596145697024
-7730.1045336273801
-7688.4183207346005
-7646.4027615899786
-7604.0596560003023
-7561.3908178032152
-7518.3980747897785
-7475.0832686259664
-7431.4482547739581
-7387.494902412448
-7343.2250943568588
-7298.640726978354
-7253.7437101228661
-7208.5359670291973
-7163.0194342465447
-7117.1960615517091
-7071.067811865465
-7024.6366611685262
-6977.9045984168033
-6930.8736254563537
-6883.545756937554
-6835.9230202286935
-6788.007455329418
-6739.8011147829729
-6691.3060635885959
-6642.5243791128241
-6593.4581510006883
-6544.1094810860968
-6494.4804833018225
-6444.5732835889794
-6394.3900198058454
-6343.9328416364733
-6293.203910498386
-6242.2053994501539
-6190.9394930983372
-6139.408387503654
-6087.6142900872173
-6035.559419535718
-5983.2460057066146
-5930.6762895323591
-5877.8525229247125
-5824.7769686780239
-5771.4519003723308
-5717.8796022761389
-5664.0623692483368
-5610.0025066400704
-5555.7023301960153
-5501.1641659549196
-5446.3903501502782
-5391.3832291100016
-5336.1451591561372
-5280.6785065036647
-5224.9856471594649
-5169.068966820274
-5112.9308607705116
-5056.5737337798591
-5000.0000000000055
-4943.2120828614125
-4886.2124149695383
-4829.0034380003544
-4771.5876025960888
-4713.9673682599723
-4656.1452032511334
-4598.1235844785788
-4539.9049973954388
-4481.4919358922198
-4422.8869021899991
-4364.0924067334308
-4305.1109680829531
-4245.945112807125
-4186.5973753742655
-4127.0702980439237
-4067.366430758002
-4007.4883310314012
-3947.4385638426884
-3887.2197015239308
-3826.8343236508967
-3766.2850169320982
-3705.574375098377
-3644.7049987915025
-3583.6794954530005
-3522.5004792123236
-3461.1705707749097
-3399.6923973099474
-3338.068592337705
-3276.301795616956
-3214.394653031628
-3152.3498164776997
-3090.169943749469
-3027.8576984257315
-2965.4157497557203
-2902.8467725446253
-2840.1534470392535
-2777.3384588129406
-2714.4044986507179
-2651.3542624340807
-2588.1904510251989
-2524.9157701515969
-2461.5329302899386
-2398.0446465501991
-2334.4536385590441
-2270.7626303437132
-2206.9743502150177
-2143.0915306505053
-2079.1169081776166
-2015.0532232561857
-1950.9032201612533
-1886.6696468655487
-1822.3552549214617
-1757.9627993435581
-1693.49503849025
-1628.9547339459173
-1564.3446504022943
-1499.6675555404265
-1434.9262199117957
-1370.1234168196738
-1305.2619222005355
-1240.3445145048636
-1175.3739745783421
-1110.3530855427687
-1045.2846326765173
-980.17140329561482
-915.01618663402337
-849.82177372444232
-784.59095727843055
-719.32653156716583
-654.03129230142883
-588.70803651187919
-523.35956242945349
-457.98866936521364
-392.59815759068277
-327.19082821774879
-261.76948307870975
-196.33692460628748
-130.89595571343963
-65.449379673540079
