-0.0
-0.00042120442846623916
-0.0016791267092305458
-0.0037629426952401415
-0.0066619389267198424
-0.010365496357750774
-0.014863103778789372
-0.020144342021900186
-0.026198896984540209
-0.033016544299448128
-0.040587161971619427
-0.04890071549926376
-0.057947270135539394
-0.067716976447388028
-0.078200082213251254
-0.089386918406977253
-0.10126791074240668
-0.11383356606992033
-0.12707448357845585
-0.14098134159262823
-0.15554490844242355
-0.17075602964917766
-0.18660563847288514
-0.20308474347566421
-0.22018443875632226
-0.2378958918802675
-0.25621035381068386
-0.2751191471941703
-0.29461367599760124
-0.3146854141390874
-0.335325914839323
-0.35652679958776901
-0.37827976721702483
-0.40057658319442796
-0.42340908842773256
-0.44676918887261119
-0.47064886407766682
-0.49504015709859872
-0.51993518279034945
-0.54532611801895525
-0.57120520970838773
-0.59756476534138447
-0.62439716076832152
-0.65169483098856562
-0.67945027772848776
-0.70765606049513596
-0.73630480393029196
-0.7653891891284943
-0.79490196077382924
-0.82483591871457185
-0.85518392488920547
-0.88593889515016522
-0.91709380598539525
-0.94864168658390458
-0.98057562535895426
-1.0128887622483647
-1.0455742950452662
-1.0786254719262605
-1.1120355975955118
-1.1457980260340694
-1.1799061664628934
-1.2143534763068682
-1.2491334669821168
-1.2842396970685057
-1.3196657779264476
-1.3554053670717741
-1.3914521736271477
-1.4277999518933573
-1.464442506640331
-1.5013736868690211
-1.5385873909468355
-1.5760775605545803
-1.6138381856708677
-1.6518632986987363
-1.6901469793035861
-1.7286833487141349
-1.7674665744182763
-1.8064908646332998
-1.8457504728638665
-1.8852396925365158
-1.9249528614239344
-1.9648843564389047
-2.0050285979288418
-2.045380044624503
-2.0859331978086444
-2.1266825964150247
-2.1676228210749136
-2.2087484893618985
-2.2500542597199118
-2.2915348268496958
-2.3331849255217243
-2.3749993261001494
-2.4169728382442308
-2.4591003065655808
-2.5013766142213569
-2.5437966787010908
-2.5863554553147727
-2.6290479331053098
-2.6718691382348863
-2.7148141300192559
-2.7578780042153404
-2.8010558891737749
-2.8443429490307626
-2.8877343799754747
-2.9312254133487006
-2.9748113120220046
-3.0184873734059967
-3.062248925937586
-3.1060913320008243
-3.1500099845193086
-3.1940003097916536
-3.2380577641860846
-3.2821778368935721
-3.3263560467211328
-3.370587944765012
-3.4148691113000589
-3.4591951583752349
-3.5035617267961636
-3.5479644886452872
-3.5923991443549905
-3.6368614251544749
-3.6813470902306888
-3.7258519291043695
-3.7703717588760477
-3.8149024265333393
-3.8594398062795343
-3.9039798017740193
-3.9485183435413069
-3.9930513911464329
-4.0375749306819158
-4.0820849768801857
-4.126577570676278
-4.1710487812589214
-4.2154947037065984
-4.2599114609796702
-4.304295201627296
-4.3486421017220014
-4.3929483626358081
-4.4372102129190765
-4.4814239061433394
-4.5255857227259675
-4.569691967838394
-4.6137389731777922
-4.6577230949385386
-4.7016407155328954
-4.7454882416235424
-4.7892621057948173
-4.8329587646446708
-4.8765747004076383
-4.9201064191044903
-4.9635504521187279
-5.0069033544018602
-5.0501617060047828
-5.0933221103369526
-5.1363811956541641
-5.1793356133703554
-5.2221820395022824
-5.264917173032849
-5.3075377373138295
-5.3500404784790359
-5.392422166807048
-5.4346795951816604
-5.4768095804163357
-5.5188089617609295
-5.5606746021876816
-5.6024033869441698
-5.6439922248019903
-5.6854380466531689
-5.7267378067234347
-5.7678884812115045
-5.8088870694669321
-5.8497305926711514
-5.8904160949815507
-5.9309406422521462
-5.9713013231453687
-6.0114952478914381
-6.0515195493680407
-6.091371381897666
-6.1310479222963705
-6.1705463687074387
-6.2098639416202674
-6.2489978827396406
-6.2879454559748371
-6.3267039463437547
-6.3652706609340743
-6.4036429278396785
-6.4418180970946297
-6.4797935396427846
-6.5175666482440215
-6.5551348364752196
-6.5924955396110896
-6.6296462136553949
-6.6665843361959762
-6.7033074054659298
-6.7398129411743266
-6.7760984835951623
-6.8121615943747695
-6.8479998556488759
-6.8836108708258612
-6.9189922637309849
-6.9541416793680622
-6.9890567830881114
-7.0237352613306046
-7.058174820816447
-7.0923731892680379
-7.1263281146274515
-7.1600373657548433
-7.1934987316707408
-7.2267100222345722
-7.2596690674094022
-7.2923737179216026
-7.3248218445474951
-7.3570113387535638
-7.388940112005371
-7.4206060963888882
-7.452007243940785
-7.4831415272515374
-7.5140069388152666
-7.5446014916162474
-7.5749232184984274
-7.6049701727349426
-7.6347404274149318
-7.6642320759995801
-7.6934432317250829
-7.7223720281424164
-7.7510166185405822
-7.7793751764678314
-7.8074458951742409
-7.8352269881163332
-7.862716688417283
-7.8899132493564608
-7.9168149438458473
-7.9434200649055215
-7.9697269251545277
-7.9957338572737973
-8.0214392135118864
-8.0468413661332061
-8.0719387069401076
-8.0967296477064963
-8.1212126197146066
-8.1453860741755015
-8.1692484817804463
-8.1927983331088647
-8.2160341381898316
-8.2389544269023869
-8.2615577485484089
-8.2838426722392384
-8.3058077864820881
-8.3274516995555583
-8.3487730391082717
-8.3697704525232179
-8.3904426065251432
-8.4107881875377046
-8.4308059013016088
-8.4504944732186686
-8.4698526479817975
-8.4888791899101861
-8.5075728825893204
-8.5259325291939181
-8.5439569521391672
-8.5616449933969392
-8.5789955141527674
-8.5960073951115792
-8.6126795361699138
-8.6290108567076373
-8.6450002952686003
-8.6606468098480143
-8.67594937757708
-8.6909069950032354
-8.7055186777850686
-8.7197834609621729
-8.7337003986562287
-8.7472685643366823
-8.7604870505282921
-8.7733549690646395
-8.7858714508110829
-8.7980356459041751
-8.8098467234817903
-8.8213038719194046
-8.8324062985637291
-8.8431532299615796
-8.8535439116022783
-8.8635776081361417
-8.8732536031269902
-8.8825711992619887
-8.8915297181080035
-8.9001285003178658
-8.9083669053917731
-8.9162443118776196
-8.9237601171339485
-8.9309137375282273
-8.937704608208028
-8.9441321832818126
-8.9501959356070628
-8.9558953569621593
-8.9612299578303265
-8.9661992675803006
-8.9708028342413257
-8.9750402246931333
-8.9789110244295287
-8.982414837746127
-8.9855512875295585
-8.9883200154001415
-8.9907206815437171
-8.9927529648223441
-8.9944165626254229
-8.9957111909867766
-8.9966365843763256
-8.9971924959072069
-8.9973787008268484
-8.9971949779337255
-8.9966411468905214
-8.995717030883057
-8.9944224751516106
-8.992757343372789
-8.9907215174869712
-8.9883148978426775
-8.985537402991536
-8.9823889698159292
-8.978869553376942
-8.9749791269862342
-8.9707176820863666
-8.9660852283159205
-8.9610817933805169
-8.955707423126464
-8.9499621814050059
-8.9438461501481719
-8.9373594292286089
-8.930502136539662
-8.9232744078535653
-8.9156763968977231
-8.907708275208984
-8.8993702322192458
-8.8906624751029568
-8.8815852288568173
-8.8721387361568897
-8.8623232574295141
-8.8521390707114502
-8.8415864717162584
-8.8306657736998915
-8.8193773075183284
-8.8077214214967015
-8.795698481486804
-8.7833088707348423
-8.7705529899342807
-8.7574312570980215
-8.7439441076045163
-8.7300919940762398
-8.7158753864185652
-8.7012947717005513
-8.6863506541914486
-8.6710435552418978
-8.6553740133170276
-8.6393425838801576
-8.6229498394238835
-8.6061963693481491
-8.5890827799974847
-8.5716096945360682
-8.5537777529795811
-8.5355876120752168
-8.5170399453275163
-8.4981354428823348
-8.4788748115485753
-8.4592587746804782
-8.4392880722005383
-8.4189634604816401
-8.3982857123644674
-8.377255617043339
-8.3558739800807427
-8.3341416232919592
-8.3120593847589745
-8.2896281187146812
-8.2668486955538025
-8.2437220017192789
-8.2202489397097356
-8.1964304279651206
-8.1722674008739684
-8.1477608086582514
-8.1229116173784099
-8.0977208088195578
-8.072189380490391
-8.0463183455161484
-8.0201087326303693
-7.9935615860677789
-7.9666779655578672
-7.9394589462148515
-7.9119056185290271
-7.8840190882587775
-7.8558004764181817
-7.8272509191701136
-7.798371567811123
-7.769163588665041
-7.7396281630651398
-7.7097664872494276
-7.6795797723390766
-7.6490692442336892
-7.6182361435900541
-7.5870817257149747
-7.5556072605419562
-7.5238140325266896
-7.4917033406193614
-7.4592764981609188
-7.4265348328533074
-7.3934796866560646
-7.3601124157546742
-7.3264343904558951
-7.2924469951566557
-7.2581516282371714
-7.2235497020284125
-7.1886426427065162
-7.1534318902562042
-7.1179188983675203
-7.0821051343958485
-7.0459920792578759
-7.0095812273927569
-6.9728740866554384
-6.9358721782760879
-6.8985770367553387
-6.8609902098197493
-6.823113258317818
-6.7849477561744624
-6.7464952902859325
-6.7077574604726466
-6.6687358793745011
-6.6294321724016907
-6.5898479776300132
-6.549984945750281
-6.509844739962543
-6.4694290359250317
-6.4287395216480663
-6.3877778974403459
-6.3465458758037743
-6.305045181378178
-6.2632775508352232
-6.2212447328222442
-6.1789484878555907
-6.136390588263164
-6.0935728180778854
-6.0504969729776557
-6.0071648601800858
-5.9635782983799022
-5.9197391176440757
-5.8756491593475175
-5.8313102760678452
-5.786724331520098
-5.741893200451198
-5.6968187685730678
-5.6515029324567321
-5.6059475994649537
-5.5601546876450829
-5.514126125660602
-5.4678638526846086
-5.4213698183287935
-5.3746459825373369
-5.3276943155150054
-5.2805167976200931
-5.2331154192915186
-5.1854921809417398
-5.1376490928823149
-5.0895881752169938
-5.0413114577655858
-4.9928209799571635
-4.9441187907527739
-4.8952069485378926
-4.846087521045007
-4.7967625852447915
-4.7472342272680965
-4.6975045422968726
-4.6475756344848351
-4.5974496168485341
-4.5471286111865412
-4.496614747970562
-4.4459101662634755
-4.3950170136101825
-4.3439374459547677
-4.2926736275310153
-4.2412277307784603
-4.189601936232898
-4.1377984324415022
-4.0858194158528516
-4.0336670907311749
-3.9813436690463533
-3.9288513703871173
-3.8761924218507757
-3.8233690579555879
-3.7703835205303307
-3.7172380586256444
-3.6639349284035641
-3.6104763930479975
-3.5568647226538479
-3.5031021941370111
-3.4491910911230073
-3.3951337038562901
-3.3409323290888144
-3.2865892699883412
-3.2321068360269738
-3.1774873428886847
-3.1227331123576203
-3.0678464722250616
-3.0128297561773754
-2.9576853037023039
-2.9024154599768623
-2.8470225757728875
-2.7915090073448248
-2.7358771163344402
-2.6801292696587322
-2.6242678394138554
-2.5682952027628838
-2.5122137418392159
-2.4560258436341424
-2.3997338998997026
-2.3433403070360979
-2.2868474659940081
-2.2302577821619138
-2.1735736652678499
-2.1167975292666528
-2.0599317922411524
-2.002978876289367
-1.9459412074252262
-1.8888212154656467
-1.8316213339307594
-1.7743439999310011
-1.7169916540668397
-1.6595667403158043
-1.6020717059318148
-1.5445090013321374
-1.4868810799963474
-1.4291903983532017
-1.3714394156792733
-1.3136305939857718
-1.2557663979168194
-1.1978492946362795
-1.1398817537256725
-1.0818662470710347
-1.0238052487604952
-0.96570123497116123
-0.90755668386640231
-0.84937407548276178
-0.79115589162697342
-0.73290461576290378
-0.67462273290833275
-0.61631272952194016
-0.55797709339986223
-0.49961831356274777
-0.44123888015209944
-0.38284128431742226
-0.3244280181123726
-0.26600157438200084
-0.20756444665873888
-0.14911912904975094
-0.09066811613277731
-0.032213902843606916
0.026241015628199388
0.084694143951701106
0.14314298675895434
0.20158504875725561
0.26001783483359575
0.31843885016674051
0.37684560033174225
0.43523559141184304
0.49360633010302302
0.55195532382570989
0.61028008082934482
0.66857811030388692
0.72684692248437111
0.78508402876218886
0.84328694178962971
0.90145317559092042
0.95958024566671407
1.0176656691048942
1.0757069646849826
1.1337016529886876
1.1916472565042138
1.2495412997365465
1.3073813093116398
1.3651648140864097
1.4228893452528002
1.4805524364474509
1.5381516238556507
1.5956844463206321
1.6531484454473782
1.7105411657116025
1.7678601545633221
1.8251029625355217
1.8822671433474814
1.9393502540131085
1.9963498549440262
2.053263510057477
2.1100887868792437
2.1668232566510883
2.223464494433407
2.2800100792123144
2.3364575940019487
2.3928046259511286
2.449048766445399
2.505187611213195
2.5612187604275927
2.6171398188119683
2.6729483957414666
2.7286421053481589
2.7842185666220964
2.8396754035160465
2.8950102450461452
2.9502207253960986
3.0053044840174357
3.0602591657332563
3.1150824208380277
3.1697719052006184
3.2243252803640079
3.2787402136475303
3.3330143782460686
3.3871454533319083
3.4411311241534004
3.4949690821362149
3.5486570249814133
3.6021926567663098
3.6555736880419025
3.7087978359330598
3.7618628242355214
3.8147663835155434
3.8675062512061071
3.920080171706104
3.9724858964759791
4.0247211841361148
4.0767838005620707
4.128671518982129
4.1803821200720774
4.2319133920520082
4.2832631307804325
4.3344291398504327
4.3854092306830941
4.4362012226230529
4.4868029430311607
4.5372122273793076
4.5874269193424864
4.6374448708927902
4.687263942390933
4.7368820026791685
4.7862969291725896
4.8355066079508005
4.8845089338487266
4.9333018105476931
4.9818831506648458
5.0302508758443407
5.0784029168452358
5.1263372136319676
5.1740517154622951
5.2215443809758524
5.2688131782816185
5.3158560850462786
5.362671088579952
5.4092561859241544
5.4556093839372668
5.501728699380303
5.5476121590026306
5.5932577996266248
5.6386636682321267
5.6838278220408434
5.7287483285992762
5.773423265862724
5.8178507222771367
5.8620287968621829
5.905955599292354
5.9496292499785337
5.9930478801491764
6.0362096319304284
6.0791126584254549
6.1217551237954089
6.1641352033365724
6.2062510835608276
6.2481009622714474
6.2896830486425745
6.3309955632952857
6.3720367383740593
6.4128048176232433
6.4532980564624278
6.4935147220612324
6.5334530934142139
6.5731114614146513
6.6124881289281605
6.6515814108655391
6.6903896342553297
6.7289111383155795
6.7671442745259833
6.8050874066973996
6.8427389110438259
6.8800971762505414
6.9171606035451818
6.9539276067650189
6.9903966124255357
7.026566059788748
7.0624344009295017
7.0980001008024942
7.1332616373074726
7.1682175013565024
7.2028661969366663
7.2372062411755351
7.2712361644050478
7.3049545102243458
7.3383598355620574
7.3714507107387686
7.4042257195290295
7.4366834592210145
7.4688225406772766
7.5006415883954967
7.5321392405660292
7.5633141491305667
7.5941649798424669
7.6246904123206569
7.6548891401083141
7.6847598707294908
7.7143013257433619
7.7435122407994923
7.7723913656931547
7.8009374644176264
7.8291493152186664
7.8570257106457904
7.8845654576051576
7.9117673774104622
7.9386303058332093
7.9651530931539769
7.9913346042100457
8.0171737184456333
8.042669329959713
8.0678203475533845
8.0926256947760216
8.1170843099737287
8.1411951463323717
8.1649571719240726
8.1883693697516868
8.211430737791666
8.2341402890379829
8.2564970515430378
8.2785000684620851
8.3001483980923272
8.3214411139122326
8.3423773046255736
8.362956074196088
8.3831765418896271
8.4030378423079384
8.4225391254306459
8.4416795566487597
8.4604583167992224
8.4788746022059875
8.4969276247066343
8.514616611693036
8.5319408061398452
8.5488994666419806
8.5654918674401177
8.5817172984569137
8.5975750653267742
8.6130644894236266
8.6281849078917414
8.6429356736741756
8.6573161555398297
8.6713257381118076
8.6849638218921186
8.6982298232893154
8.7111231746417985
8.7236433242449589
8.7357897363718404
8.7475618912966269
8.7589592853202429
8.7699814307877677
8.7806278561119182
8.790898105792909
8.8007917404376528
8.8103083367794959
8.8194474876952942
8.8282088022230081
8.8365919055799012
8.8445964391771117
8.8522220606372954
8.8594684438068647
8.8663352787689291
8.8728222718631269
8.8789291456932204
8.8846556391333262
8.8900015073549703
8.8949665218208605
8.8995504703100554
8.9037531569108204
8.9075744020388612
8.9110140424526918
8.9140719312425674
8.9167479378477061
8.9190419480643488
8.9209538640407366
8.922483604292351
8.9236311037007479
8.9243963135118651
8.9247792013505958
8.9247797511408589
8.9243979634184036
8.923633854755769
8.9224874583180647
8.9209588235874353
8.919048016416264
8.9167551190169796
8.9140802299672934
8.9110234642095545
8.907584953028465
8.9037648440710075
8.8995633013132966
8.8949805050747948
8.8900166519975414
8.884671955047212
8.8789466434939595
8.8728409629093612
8.8663551751593506
8.8594895583810072
8.8522444069861184
8.8446200316314094
8.8366167592220748
8.8282349328872805
8.8194749119674949
8.8103370720001557
8.8008218047061497
8.7909295179675642
8.7806606358132857
8.7700155984023596
8.7589948620030373
8.7475988989716154
8.7358281977394494
8.7236832627804564
8.7111646146020423
8.6982727897133856
8.6850083406068777
8.6713718357347584
8.6573638594822135
8.6429850121449743
8.6282359099017309
8.6131171847897168
8.5976294846748083
8.5817734732277291
8.5655498298920119
8.548959249857047
8.5320024440272029
8.514680138991773
8.4969930769954214
8.4789420159035096
8.4605277291718561
8.4417510058131509
8.4226126503623018
8.4031134828434801
8.3832543387336695
8.363036068928265
8.3424595397028476
8.3215256326782718
8.3002352447809056
8.2785892882058469
8.2565886903765282
8.2342343939063216
8.2115273565569602
8.1884685511984543
8.1650589657676651
8.1412996032240006
8.117191481509753
8.0927356335027376
8.0679331069758256
8.0427849645496252
8.0172922836472278
7.9914561564494369
7.9652776898462232
7.9387580053911782
7.9118982392514452
7.8846995421610178
7.8571630793703173
7.8292900305966446
7.8010815899736174
7.772538966000055
7.7436633814882727
7.7144560735114416
7.6849182933514237
7.6550513064440651
7.624856392325821
7.5943348445789143
7.5634879707755465
7.532317092421831
7.5008235449021887
7.46900867742107
7.4368738529453777
7.4044204481467411
7.3716498533418946
7.338563472433556
7.305162722849798
7.2714490354841521
7.2374238546332847
7.2030886379364221
7.1684448563115541
7.1334939938936524
7.0982375479701734
7.0626770289177161
7.0268139601367947
6.9906498779866837
6.9541863317198267
6.9174248834156922
6.8803671079129183
6.8430145927430397
6.8053689380615516
6.7674317565802973
6.7292046734976152
6.6906893264289344
6.6518873653371218
6.6128004524609905
6.5734302622447123
6.5337784812661868
6.4938468081641627
6.453636953566309
6.4131506400151697
6.3723896018949162
6.3313555853570209
6.2900503482451686
6.2484756600203646
6.2066333016845565
6.1645250657055106
6.1221527559382691
6.0795181875496871
6.036623186939547
5.9934695916628433
5.9500592503508196
5.9063940226320151
5.8624757790524331
5.8183064009954082
5.7738877806012008
5.7292218206861039
5.6843104346601709
5.6391555464462702
5.5937590903970147
5.5481230112122031
5.5022492638553118
5.4561398134699113
5.4097966352956322
5.3632217145830596
5.3164170465096552
5.2693846360928491
5.2221264981057054
5.1746446569896127
5.1269411467679546
5.0790180109588068
5.0308773024877169
4.9825210835994209
4.9339514257697932
4.8851704096167703
4.8361801248118139
4.7869826699896771
4.7375801526591488
4.6879746891124903
4.6381684043346461
4.5881634319126814
4.5379619139438541
4.487566000944307
4.4369778517566862
4.3861996334577915
4.3352335212657023
4.2840816984466077
4.2327463562214112
4.1812296936715958
4.1295339176454062
4.0776612426630114
4.025613890821738
3.9733940917009702
3.9210040822665873
3.8684461067751106
3.8157224166776866
3.7628352705235306
3.7097869338631893
3.6565796791516774
3.6032157856508644
3.5496975393320458
3.4960272327780344
3.4422071650847275
3.3882396417629765
3.3341269746395072
3.2798714817581347
3.2254754872802973
3.1709413213856568
3.1162713201721584
3.0614678255560177
3.0065331851714574
2.951469752270063
2.89627988562003
2.8409659494050934
2.7855303131233242
2.7299753514855509
2.6743034443137348
2.6185169764389222
2.5626183375991882
2.5066099223372085
2.4504941298977432
2.3942733641248233
2.3379500333587897
2.2815265503331683
2.2250053320712579
2.1683887997826674
2.1116793787595638
2.054879498272784
1.9979915914677937
1.9410180952604654
1.8839614502326609
1.8268241005277484
1.7696084937458432
1.7123170808390193
1.6549523160062811
1.597516656588472
1.5400125629629868
1.4824424984383922
1.4248089291489328
1.3671143239488448
1.3093611543066555
1.2515518941992756
1.1936890200060559
1.1357750104026947
1.0778123462550731
1.019803510512973
0.9617509881037386
0.90365726582581396
0.84552483224224007
0.78735617757404208
0.7291537935935628
0.67092017351773381
0.61265781190127178
0.55436920452982197
0.49605684831305669
0.43772324117771461
0.37937088196060231
0.32100227030155509
0.26261990653636608
0.20422629158968045
0.14582392686786944
0.087415314151879947
0.029002955490071182
-0.029410646908963931
-0.087822990783579385
-0.14623157392626476
-0.20463389429082551
-0.26302745009956258
-0.3214097399504342
-0.37977826292420819
-0.43813051869158692
-0.49646400762031406
-0.55477623088224393
-0.61306469056038371
-0.67132688975588994
-0.7295603326950304
-0.78776252483608666
-0.8459309729762079
-0.90406318535821906
-0.96215667177734721
-1.0202089436878925
-1.0782175143098331
-1.1361798987353353
-1.194093614035221
-1.2519561793652909
-1.3097651160726245
-1.3675179478017423
-1.4252122006006789
-1.4828454030269638
-1.5404150862534787
-1.5979187841742253
-1.6553540335099584
-1.7127183739136853
-1.7700093480760839
-1.827224501830744
-1.8843613842593103
-1.9414175477964468
-1.998390548334706
-2.0552779453291876
-2.1120773019021488
-2.1687861849473098
-2.2254021652341178
-2.2819228175118291
-2.3383457206133604
-2.3946684575589861
-2.4508886156599279
-2.5070037866216643
-2.5630115666471212
-2.6189095565395841
-2.6746953618055516
-2.7303665927572283
-2.7859208646149192
-2.8413557976092392
-2.8966690170829854
-2.9518581535927981
-3.0069208430108474
-3.0618547266259273
-3.1166574512445844
-3.1713266692918682
-3.2258600389119243
-3.2802552240682985
-3.3345098946440634
-3.3886217265414671
-3.4425884017816935
-3.4964076086039966
-3.5500770415648262
-3.6035944016365331
-3.6569573963058595
-3.7101637396721467
-3.7632111525453018
-3.8160973625432995
-3.8688201041896089
-3.9213771190103781
-3.9737661556308055
-4.0259849698719954
-4.0780313248468119
-4.1299029910557996
-4.1815977464826757
-4.2331133766895679
-4.2844476749117604
-4.3355984421522606
-4.3865634872760957
-4.4373406271039721
-4.4879276865060493
-4.5383224984948933
-4.5885229043184852
-4.6385267535523775
-4.6883319041923075
-4.7379362227454793
-4.7873375843222483
-4.836533872727049
-4.8855229805489051
-4.9343028092520305
-4.9828712692653632
-5.031226280072377
-5.0793657703000328
-5.1272876778075362
-5.1749899497745249
-5.2224705427893916
-5.2697274229366222
-5.3167585658835632
-5.3635619569677795
-5.41013559128272
-5.4564774737643162
-5.5025856192756448
-5.5484580526925997
-5.5940928089882753
-5.6394879333167207
-5.6846414810977617
-5.7295515180990684
-5.7742161205196423
-5.8186333750724311
-5.8628013790656821
-5.9067182404848202
-5.9503820780737389
-5.9937910214145314
-6.0369432110087056
-6.079836798356026
-6.1224699460339576
-6.1648408277765245
-6.2069476285521672
-6.2487885446420144
-6.2903617837165955
-6.3316655649131039
-6.3726981189114191
-6.4134576880096734
-6.4539425262001702
-6.4941508992436372
-6.5340810847436179
-6.573731372220621
-6.6131000631847003
-6.6521854712089716
-6.690985922001226
-6.7294997534761647
-6.7677253158260653
-6.8056609715919025
-6.8433050957334798
-6.880656075698564
-6.9177123114923909
-6.9544722157461516
-6.9909342137850468
-7.0270967436954619
-7.062958256391747
-7.0985172156837795
-7.1337720983407884
-7.1687213941583199
-7.203363606022064
-7.2376972499724888
-7.2717208552673087
-7.3054329644463882
-7.3388321333923976
-7.3719169313933719
-7.4046859412044492
-7.4371377591073111
-7.4692709949721214
-7.5010842723151852
-7.5325762283593747
-7.5637455140918028
-7.5945907943211273
-7.6251107477366693
-7.655304066961933
-7.6851694586143253
-7.7147056433568961
-7.7439113559559871
-7.772785345333852
-7.8013263746225352
-7.8295332212174484
-7.857404676828736
-7.8849395475341781
-7.9121366538297968
-7.9389948306792633
-7.9655129275666114
-7.9916898085418637
-8.0175243522735844
-8.0430154520932593
-8.0681620160457435
-8.0929629669333334
-8.1174172423647875
-8.1415237947977204
-8.1652815915866626
-8.1886896150243995
-8.2117468623874306
-8.2344523459780365
-8.2568050931679871
-8.2788041464373023
-8.3004485634184935
-8.3217374169357008
-8.3426697950428963
-8.3632448010650879
-8.3834615536364527
-8.4033191867367005
-8.422816849729827
-8.4419537073984241
-8.460728939982463
-8.4791417432115388
-8.4971913283413389
-8.5148769221862235
-8.5321977671526312
-8.54915312127142
-8.5657422582317295
-8.5819644674065731
-8.5978190538910724
-8.6133053385251586
-8.6284226579266203
-8.6431703645192766
-8.6575478265584866
-8.6715544281607677
-8.6851895693284558
-8.6984526659758963
-8.7113431499556491
-8.7238604690802504
-8.736004087149686
-8.7477734839688246
-8.7591681553753773
-8.770187613258809
-8.7808313855813278
-8.7910990163975882
-8.8009900658740978
-8.8105041103126798
-8.8196407421607077
-8.8283995700343834
-8.8367802187332973
-8.8447823292575727
-8.8524055588229142
-8.859649580875228
-8.866514085100734
-8.8729987774495704
-8.8791033801350991
-8.8848276316579291
-8.8901712868073783
-8.8951341166793441
-8.8997159086835147
-8.9039164665439294
-8.9077356103273058
-8.9111731764337332
-8.9142290176056367
-8.9169030029404333
-8.9191950178937436
-8.9211049642842344
-8.9226327602900248
-8.9237783404724542
-8.9245416557483779
-8.924922673435276
-8.9249213771888254
-8.9245377670697579
-8.9237718595158793
-8.9226236873406251
-8.9210932997197698
-8.9191807622059116
-8.9168861567338613
-8.9142095815869169
-8.9111511514287987
-8.9077109972665909
-8.9038892664637164
-8.8996861227317581
-8.8951017461196287
-8.8901363330043655
-8.8847900960874746
-8.8790632643826211
-8.8729560832074341
-8.8664688141754464
-8.8596017351755503
-8.8523551403729837
-8.8447293401837701
-8.836724661274431
-8.828341446535898
-8.8195800550779353
-8.8104408622082335
-8.8009242594191655
-8.7910306543695782
-8.7807604708682128
-8.7701141488536383
-8.7590921443805723
-8.747694929592889
-8.7359229927097264
-8.7237768380001164
-8.7112569857658926
-8.6983639723136861
-8.6850983499374621
-8.6714606868924182
-8.6574515673696499
-8.6430715914726868
-8.6283213751915628
-8.6132015503758907
-8.5977127647076177
-8.5818556816758207
-8.5656309805425543
-8.549039356321714
-8.5320815197416486
-8.5147581972193418
-8.4970701308278702
-8.4790180782647049
-8.4606028128193582
-8.4418251233405712
-8.4226858142006211
-8.403185705263871
-8.383325631850072
-8.3631064446979035
-8.3425290099298657
-8.3215942090143393
-8.3003029387277962
-8.2786561111173853
-8.2566546534608634
-8.2342995082269823
-8.211591633035269
-8.1885320006150462
-8.1651215987642356
-8.1413614303063042
-8.1172525130469353
-8.0927958797317263
-8.0679925780014763
-8.0428436703465618
-8.0173502340616682
-7.9915133612011564
-7.965334158530319
-7.9388137474780152
-7.9119532640908563
-7.8847538589821413
-7.8572166972831381
-7.8293429585940988
-7.8011338369330216
-7.7725905406846909
-7.7437142925481846
-7.7145063294859817
-7.684967902669559
-7.6551002774265964
-7.6249047331863418
-7.5943825634253868
-7.5635350756114352
-7.5323635911478473
-7.5008694453173144
-7.4690539872239938
-7.4369185797355142
-7.4044645994261193
-7.371693436515466
-7.3386064948114109
-7.3052051916478851
-7.2714909578253737
-7.2374652375491211
-7.2031294883678534
-7.1684851811101984
-7.1335337998228168
-7.0982768417063431
-7.0627158170515161
-7.0268522491737402
-6.990687674348889
-6.9542236417467773
-6.9174617133649745
-6.8804034639620317
-6.8430504809894614
-6.8054043645249909
-6.7674667272025069
-6.7292391941438652
-6.6907234028893505
-6.6519210033271321
-6.6128336576223319
-6.5734630401469198
-6.5338108374068105
-6.4938787479701974
-6.4536684823946704
-6.4131817631541335
-6.3724203245645787
-6.3313859127103385
-6.2900802853687692
-6.2485052119353233
-6.2066624733477092
-6.1645538620093721
-6.1221811817128478
-6.0795462475625959
-6.036650885897215
-5.9934969342109392
-5.9500862410755113
-5.9064206660601792
-5.8625020796528089
-5.8183323631793185
-5.7739134087231765
-5.7292471190444445
-5.6843354074981942
-5.6391801979524327
-5.5937834247060154
-5.5481470324054873
-5.5022729759618185
-5.4561632204667774
-5.4098197411086746
-5.3632445230878734
-5.3164395615315172
-5.2694068614083696
-5.222148437442355
-5.1746663140273377
-5.1269625251390387
-5.079039114248995
-5.0308981342365744
-4.9825416473009136
-4.9339717248728654
-4.8851904475261891
-4.8361999048883018
-4.7870021955509499
-4.7375994269801387
-4.6879937154258924
-4.6381871858316579
-4.588181971743416
-4.5379802152178934
-4.4875840667311886
-4.4369956850865453
-4.3862172373217057
-4.3352508986162066
-4.2840988521983538
-4.232763289251479
-4.1812464088201153
-4.1295504177158699
-4.0776775304228874
-4.0256299690028747
-3.9734099630000896
-3.9210197493456906
-3.8684615722619551
-3.8157376831661631
-3.7628503405742277
-3.7098018100037575
-3.6565943638771645
-3.6032302814242891
-3.5497118485846899
-3.4960413579098817
-3.4422211084649663
-3.3882534057301816
-3.3341405615022843
-3.2798848937952911
-3.225488726741383
-3.1709543904912576
-3.1162842211142565
-3.0614805604984427
-3.0065457562501816
-2.9514821615935101
-2.8962921352695785
-2.8409780414352959
-2.7855422495623081
-2.7299871343353672
-2.6743150755506355
-2.6185284580137496
-2.5626296714376875
-2.5066211103403462
-2.4505051739420196
-2.3942842660625905
-2.3379607950185601
-2.2815371735199359
-2.2250158185668023
-2.1683991513458203
-2.1116895971265381
-2.054889585157444
-1.9980015485619584
-1.9410279242341784
-1.8839711527344853
-1.8268336781850261
-1.7696179481649887
-1.7123264136057612
-1.6549615286859554
-1.5975257507262632
-1.540021540084207
-1.4824513600487295
-1.4248176767346876
-1.3671229589771976
-1.309369678225917
-1.2515603084391163
-1.1936973259777426
-1.1357832094993456
-1.077820439851872
-1.0198114999674164
-0.96175887475585187
-0.90366505099838246
-0.84553251724102541
-0.78736376368800443
-0.72916128209507991
-0.67092756566281087
-0.61266510892974813
-0.55437640766559004
-0.49606395876425607
-0.43773026013694205
-0.37937781060510706
-0.32100910979344022
-0.26262665802278079
-0.20423295620301346
-0.1458305057259387
-0.087421808358120454
-0.029009366133719024
0.029404318752687408
0.087816744053288598
0.14622540757423061
0.20462780728280092
0.26302144141460759
0.32140380858074669
0.37977240787495264
0.43812473898072929
0.49645830227845544
0.55477059895245995
0.61305913109806198
0.67132140182857547
0.72955491538226214
0.78775717722924865
0.84592569417837937
0.90405797448401515
0.96215152795277792
1.020203866050212
1.0782125020073969
1.1361749509274623
1.1940887298920386
1.2519513580676129
1.3097603568118037
1.3675132497795284
1.4252075630291043
1.4828408251281924
1.5404105672596844
1.5979143233274702
1.6553496300620423
1.712714027126043
1.7700050572196548
1.8272202661858508
1.8843572031155296
1.9414134204524935
1.9983864740983277
2.055273923517043
2.1120733318396696
2.1687822659686242
2.2253982966819206
2.2819189987372783
2.3383419509759373
2.394664736426428
2.4508849424081314
2.5070001606345325
2.5630079873164737
2.6189060232650951
2.6746918739945742
2.7303631498248047
2.7859174659835837
2.8413524427089571
2.896665705351027
2.9518548844737356
3.0069176159563731
3.0618515410947764
3.116654306702463
3.1713235652113481
3.2258569747724195
3.2802521993558558
3.3345069088513326
3.3886187791676998
3.4425854923325039
3.4964047365914364
3.5500742065071624
3.6035916030582555
3.656954633737624
3.7101610126505706
3.7632084606129941
3.8160947052487253
3.8688174810871487
3.9213745296600155
3.9737635995982847
4.0259824467285892
4.0780288341693032
4.1299005324264728
4.1815953194891664
4.2331109809248266
4.2844453099739139
4.3355961076446521
4.3865611828071609
4.4373383522872416
4.4879254409599421
4.5383202818428234
4.5885207161885919
4.6385245935777064
4.6883297720105874
4.7379341179990995
4.7873355066581489
4.8365318217967568
4.8855209560084578
4.9343008107618456
4.9828692964902936
5.0312243326814565
5.079363847966702
5.1272857802093013
5.1749880765932392
5.2224686937108311
5.2697255976505426
5.3167567640839364
5.3635601783522935
5.4101338355531503
5.4564757406261446
5.5025839084382362
5.5484563638690156
5.5940911418951718
5.6394862876745062
5.6846398566304259
5.7295499145341422
5.7742145375881915
5.8186318125089755
5.8627998366081586
5.9067167178745157
5.9503805750551324
5.9937895377357142
6.0369417464208155
6.0798353526132454
6.1224685188939389
6.1648394189998159
6.2069462379025993
6.2487871718862191
6.2903604286244974
6.3316642272572929
6.3726967984674587
6.4134563845563148
6.4539412395185689
6.4941496291181346
6.5340798309611188
6.5737301345709245
6.6130988414601255
6.6521842652046486
6.6909847315148001
6.7294985783079619
6.7677241557791161
6.8056598264716239
6.8433039653477445
6.880654959857722
6.9177112100093128
6.9544711284362384
6.9909331404659287
7.0270956841867402
7.0629572105162532
7.098516183265585
7.1337710792070954
7.168720388138162
7.2033626129465516
7.2376962696749327
7.2717198875837159
7.3054320092141225
7.3388311904513195
7.3719160005856015
7.4046850223732354
7.4371368520992442
7.4692700996347083
7.5010833884983592
7.5325753559147017
7.5637446528730958
7.5945899441839995
7.625109908538068
7.655303238561971
7.6851686408734246
7.7147048361380754
7.7439105591240782
7.7727845587547222
7.8013255981645937
7.8295324547502227
7.8574039202239954
7.8849388006648793
7.9121359165705822
7.9389941029064701
7.9655122091581481
7.9916890993776484
8.0175236522341926
8.0430147610616043
8.0681613339056728
8.0929622935706309
8.117416577666166
8.14152313865225
8.1652809438837686
8.1886889756556585
8.2117462312454066
8.2344517229574361
8.2568044781634633
8.2788035393466277
8.3004479641394333
8.3217368253674682
8.3426692110864611
8.3632442246230934
8.3834609846115473
8.4033186250336644
8.4228162952538526
8.4419531600569098
8.4607283996838802
8.4791412098653431
8.4971908018581352
8.5148764024767729
8.5321972541304927
8.549152614850831
8.5657417583268831
8.581963973934462
8.5978185667683853
8.6133048576704159
8.628422183259719
8.643169895959872
8.6575473640279501
8.6715539715812646
8.6851891186239385
8.6984522210713404
8.7113427107752397
8.7238600355515707
8.7360036591986212
8.7477730615239402
8.7591677383670046
8.770187201616233
8.7808309792355406
8.7910986152791573
8.800989669918053
8.8105037194517806
8.8196403563281045
8.8283991891660119
8.8367798427665534
8.844781958128797
8.8524051924686749
8.8596492192353526
8.866513728114322
8.8729984250560907
8.8791030322765874
8.8848272882751722
8.8901709478438207
8.8951337820775738
8.8997155783835442
8.903916140496996
8.907735288477209
8.9111728587223844
8.9142287039822605
8.9169026933561071
8.9191947122914215
8.9211046626098938
8.9226324625060229
8.9237780465071896
8.924541365575589
8.9249223869748811
8.9249210944201867
8.9245374879481094
8.9237715839938208
8.9226234153565525
8.9210930312385255
8.9191804971778996
8.9168858951175061
8.9142093233388859
8.9111508964999846
8.9077107456182212
8.9038890180556152
8.8996858775189605
8.8951015040633319
8.8901360940602192
8.8847898602191506
8.8790630315483909
8.872955853370561
8.8664685872947704
8.859601511215482
8.8523549192931146
8.8447291219495483
8.8367244458482332
8.8283412338813569
8.8195798451600087
8.8104406549915435
8.8009240548686041
8.7910304524502472
8.7807602715476047
8.7701139520978355
8.7590919501558773
8.7476947378683736
8.7359228034515031
8.7237766511773511
8.7112568013469041
8.6983637902673028
8.6850981702342587
8.6714605095010775
8.6574513922609633
8.6430714186173319
8.6283212045597431
8.6132013819399411
8.5977125984392515
8.5818555175465772
8.5656308185254897
8.5490391963889625
8.5320813618668794
8.5147580413760942
8.4970699769901685
8.4790179264060157
8.4606026629149813
8.4418249753643408
8.4226856681290414
8.403185561071993
8.383325489513421
8.3631063041927209
8.3425288712326733
8.321594072101357
8.3003028035768036
8.278655977705581
8.2566545217653307
8.2342993782260017
8.2115915047071564
8.1885318739383592
8.165121473717571
8.1413613068683492
8.1172523911973702
8.0927957594501887
8.067992459267364
8.0428435531401927
8.0173501183638365
7.9915132469918566
7.9653340457902786
7.9388136361890194
7.9119531542336201
7.8847537505382368
7.8572165902347422
7.829342852923272
7.8011337326221026
7.7725904377155892
7.7437141909041554
7.7145062291498681
7.6849678036244118
7.6551001796558014
7.6249046366736701
7.5943824681544019
7.563534981566387
7.5323634983130585
7.5008693536770847
7.4690538967627784
7.4369184904383951
7.4044645112777241
7.3716933495015597
7.3386064089171077
7.3052051068587307
7.2714908741272568
7.237465154928052
7.2031294068098486
7.1684851006012966
7.1335337203501048
7.0982767632561874
7.062715739610713
7.02685217272961
6.9906875988883082
6.9542235672571699
6.9174616398338911
6.8804033913770013
6.8430504093384101
6.8054042937958803
6.7674666573834115
6.7292391252231631
6.6907233348555426
6.6519209361686382
6.6128335913280587
6.573462974705679
6.5338107728075636
6.4938786842021639
6.4536684194472071
6.4131817010165655
6.3724202632265463
6.3313858521616142
6.2900802255990484
6.2485051529348308
6.2066624151063108
6.1645538045173192
6.1221811249605578
6.0795461915405484
6.0366508305959954
5.9934968796213202
5.950086187188278
5.9064206128663965
5.8625020271435373
5.8183323113456247
5.7739133575564194
5.7292470685360737
5.6843353576396245
5.6391801487355089
5.5937833761223716
5.5481469844469027
5.5022729286203305
5.4561631737344793
5.4098196949776733
5.3632444775504489
5.3164395165800284
5.2694068170352928
5.2221483936403299
5.1746662707887996
5.1269624824568343
5.0790390721160978
5.0308980926457014
4.9825416062452099
4.9339716843454413
4.8851904075202706
4.8361998653971146
4.7870021565679375
4.7375993884986665
4.6879936774395725
4.6381871483341559
4.5881819347283646
4.5379801786791507
4.4875840306625925
4.4369956494820491
4.3862172021752839
4.3352508639220364
4.2840988179506159
4.2327632554444312
4.1812463754480236
4.1295503847732213
4.0776774979041068
4.0256299369025124
3.9734099313127547
3.9210197180660913
3.8684615413848165
3.8157376526863431
3.7628503104865954
3.7098017803032723
3.6565943345588261
3.6032302524831952
3.5497118200160114
3.4960413297087833
3.4422210806267022
3.3882533782501545
3.3341405343758197
3.2798848670178651
3.2254887003085368
3.1709543643984888
3.1162841953572453
3.0614805350728456
3.0065457311517223
2.9514821368180035
2.8962921108128534
2.8409780172932706
2.7855422257309206
2.7299871108106104
2.6743150523285739
2.6185284350904872
2.5626296488093923
2.5066210880032038
2.4505051518922882
2.3942842442965739
2.3379607735326107
2.2815371523104502
2.2250157976302081
2.1683991306786292
2.1116895767252708
2.0548895650186778
1.9980015286823172
1.9410279046103298
1.8839711333631421
1.8268336590629322
1.7696179292889365
1.7123263949725913
1.6549615102925368
1.5975257325695131
1.5400215221610813
1.4824513423562222
1.4248176592698243
1.3671229417370625
1.309369661207604
1.2515602916397763
1.1936973093945633
1.135783193129541
1.0778204236926998
1.0198114840161643
0.96175885900984093
0.90366503545497734
0.84553250189761575
0.7873637485420184
0.72916126714397755
0.67092755090408163
0.61266509436092043
0.55437639328421828
0.49606394456792863
0.43773024612327754
0.37937779677175582
0.3210090961380821
0.26262664454312529
0.20423294289679997
0.14583049259093522
0.08742179539212383
0.029009353334554816
-0.029404331387165819
-0.087816756525200296
-0.14622541988566726
-0.20462781943582764
-0.26302145341126271
-0.32140382042304222
-0.37977241956487451
-0.43812475052023836
-0.49645831366948712
-0.55477061019692475
-0.61305914219784619
-0.67132141278553958
-0.72955492619824602
-0.78775718790606331
-0.84592570471781847
-0.90405798488784428
-0.96215153822274146
-1.0202038761880339
-1.078212512014777
-1.136174960806082
-1.1940887396435509
-1.251951367693652
-1.3097603663139863
-1.3675132591594528
-1.4252075722883359
-1.4828408342682875
-1.5404105762821798
-1.5979143322338742
-1.6553496388538453
-1.7127140358047239
-1.7700050657866739
-1.8272202746426354
-1.8843572114635057
-1.9414134286930547
-1.9983864822328568
-2.0552739315469144
-2.1120733397662246
-2.1687822737931817
-2.2253983044058172
-2.2819190063617811
-2.3383419585023351
-2.3946647438559974
-2.4508849497420981
-2.5070001678741387
-2.5630079944629247
-2.6189060303195952
-2.6746918809583176
-2.730363156698941
-2.7859174727692841
-2.8413524494073346
-2.8966657119632173
-2.9518548910008664
-3.0069176223995
-3.0618515474550216
-3.1166543129808626
-3.1713235714089705
-3.2258569808902862
-3.2802522053950178
-3.3345069148128017
-3.3886187850524401
-3.4425854981415416
-3.4964047423257374
-3.5500742121676883
-3.6035916086459543
-3.6569546392534003
-3.7101610180953983
-3.7632084659877587
-3.8160947105543555
-3.8688174863245277
-3.9213745348299924
-3.9737636047017308
-4.0259824517663709
-4.0780288391422923
-4.1299005373354634
-4.1815953243349924
-4.2331109857083025
-4.2844453146958168
-4.3355961123058142
-4.3865611874083665
-4.4373383568292368
-4.4879254454435413
-4.5383202862686849
-4.588520720557498
-4.6385245978904228
-4.6883297762678122
-4.7379341222015121
-4.7873355108065434
-4.8365318258917398
-4.8855209600507656
-4.9343008147521603
-4.982869300429237
-5.0312243365697737
-5.0793638518050361
-5.1272857839981496
-5.1749880803333275
-5.2224686974028423
-5.2697256012951037
-5.3167567676815528
-5.3635601819036216
-5.4101338390588394
-5.4564757440867186
-5.5025839118542379
-5.5484563672410001
-5.5940911452237483
-5.6394862909604386
-5.6846398598739674
-5.7295499177359401
-5.7742145407488934
-5.8186318156289794
-5.8627998396879573
-5.9067167209146625
-5.9503805780562669
-5.9937895406981987
-6.0369417493451598
-6.0798353555000437
-6.1224685217436363
-6.1648394218128431
-6.2069462406793363
-6.2487871746272576
-6.2903604313302361
-6.3316642299282275
-6.372696801104075
-6.413456387159048
-6.4539412420877929
-6.4941496316543077
-6.5340798334646282
-6.5737301370421841
-6.6130988438996852
-6.6521842676126708
-6.6909847338920052
-6.7294985806546403
-6.7677241580954641
-6.805659828758202
-6.8433039676048129
-6.8806549620858917
-6.9177112122087898
-6.9544711306073941
-6.9909331426090926
-7.0270956863024976
-7.0629572126045606
-7.098516185327262
-7.1337710812420534
-7.1687203901470804
-7.2033626149295218
-7.237696271632525
-7.27171988951598
-7.3054320111217503
-7.3388311923342728
-7.3719160024441814
-7.4046850242081188
-7.4371368539103591
-7.4692701014225094
-7.5010833902632896
-7.5325753576568664
-7.5637446545927505
-7.594589945881661
-7.6251099102138848
-7.6553032402162087
-7.6851686425062962
-7.7147048377500136
-7.7439105607151362
-7.7727845603254906
-7.8013255997150921
-7.8295324562807727
-7.8574039217349467
-7.8849388021565536
-7.9121359180426012
-7.9389941043599155
-7.965512210592677
-7.991689100793911
-8.0175236536322299
-8.0430147624415227
-8.0681613352677388
-8.092962294915278
-8.1174165789936055
-8.1415231399625316
-8.1652809451772406
-8.1886889769323083
-8.2117462325060924
-8.2344517242015822
-8.2568044793919206
-8.2788035405589273
-8.3004479653363958
-8.3217368265488236
-8.3426692122525896
-8.3632442257741708
-8.3834609857478295
-8.4033186261551993
-8.4228162963611357
-8.4419531611504386
-8.4607284007630472
-8.4791412109302779
-8.4971908029091576
-8.514876403515002
-8.5321972551552072
-8.549152615862333
-8.5657417593251335
-8.5819639749202157
-8.5978185677413208
-8.6133048586308831
-8.6284221842075191
-8.6431698968956301
-8.6575473649516379
-8.6715539724936406
-8.6851891195241162
-8.6984522219594655
-8.7113427116525912
-8.7238600364169869
-8.7360036600534237
-8.7477730623681342
-8.7591677391999845
-8.7701872024386986
-8.7808309800463533
-8.7910986160808218
-8.8009896707091908
-8.8105037202313934
-8.8196403570992263
-8.8283991899269481
-8.8367798435175757
-8.8447819588699339
-8.8524051932017436
-8.8596492199566086
-8.8665137288284033
-8.8729984257600378
-8.8791030329719121
-8.884827288961846
-8.8901709485203035
-8.895133782744967
-8.89971557904415
-8.9039161411471888
-8.907735289121506
-8.9111728593576451
-8.9142287046102577
-8.9169026939726006
-8.9191947129024314
-8.9211046632148481
-8.922632463096539
-8.9237780470997947
-8.9245413661501818
-8.924922387555613
-8.9249210949920368
-8.9245374885135202
-8.9237715845406704
-8.9226234159034146
-8.9210930317706048
-8.9191804977120679
-8.91688589563873
-8.9142093238529547
-8.911150897008584
-8.9077107461216922
-8.9038890185516095
-8.8996858780093149
-8.8951015045458472
-8.8901360945389758
-8.8847898606886808
-8.8790630320140167
-8.8729558538295716
-8.8664685877483969
-8.8596015116632856
-8.8523549197345943
-8.8447291223864433
-8.8367244462780938
-8.8283412343066914
-8.8195798455789358
-8.8104406554060013
-8.8009240552765
-8.7910304528541054
-8.7807602719450522
-8.7701139524915384
-8.7590919505443381
-8.747694738250674
-8.7359228038294905
-8.7237766515510859
-8.7112568017147787
-8.698363790631408
-8.6850981705933066
-8.6714605098558515
-8.6574513926110281
-8.6430714189626325
-8.6283212049010487
-8.613201382276614
-8.5977125987716487
-8.5818555178745086
-8.5656308188493959
-8.5490391967089696
-8.5320813621824296
-8.5147580416874789
-8.4970699772974339
-8.4790179267096502
-8.4606026632146119
-8.4418249756604986
-8.4226856684208364
-8.4031855613600275
-8.3833254897978264
-8.3631063044735967
-8.3425288715099573
-8.3215940723751647
-8.3003028038469875
-8.2786559779721109
-8.25665452202864
-8.234299378485975
-8.2115915049635859
-8.188531874191618
-8.1651214739674884
-8.1413613071151723
-8.1172523914408892
-8.0927957596907341
-8.0679924595050174
-8.0428435533743752
-8.0173501185951839
-7.9915132472202046
-7.9653340460157018
-7.9388136364113224
-7.9119531544533865
-7.8847537507551575
-7.8572165904488012
-7.8293428531346372
-7.8011337328303973
-7.7725904379216715
-7.7437141911073359
-7.7145062293506363
-7.6849678038224329
-7.6551001798515825
-7.6249046368667317
-7.5943824683450405
-7.5635349817544801
-7.5323634984987082
-7.5008693538602191
-7.4690538969437963
-7.4369184906169208
-7.4044645114542442
-7.3716933496755699
-7.3386064090890386
-7.3052051070283079
-7.2714908742946838
-7.2374651550934024
-7.2031294069728506
-7.1684851007625721
-7.1335337205089431
-7.0982767634131632
-7.0627157397656726
-7.0268521728824576
-6.9906875990393536
-6.9542235674061637
-6.9174616399810498
-6.8804033915221945
-6.8430504094818358
-6.8054042939373378
-6.7674666575232223
-6.7292391253611719
-6.6907233349917172
-6.6519209363029743
-6.6128335914607934
-6.5734629748366498
-6.5338107729368948
-6.4938786843298333
-6.4536684195731659
-6.4131817011409922
-6.3724202633493308
-6.3313858522827156
-6.2900802257188477
-6.2485051530528377
-6.2066624152229526
-6.1645538046323765
-6.1221811250741753
-6.079546191652768
-6.0366508307067726
-5.9934968797306851
-5.9500861872962245
-5.9064206129728882
-5.8625020272486275
-5.8183323114494119
-5.7739133576589028
-5.729247068637231
-5.684335357739613
-5.6391801488340692
-5.5937833762196494
-5.5481469845430853
-5.502272928715203
-5.4561631738281005
-5.4098196950701372
-5.3632444776417039
-5.3164395166701404
-5.2694068171241426
-5.222148393728034
-5.1746662708754831
-5.126962482542508
-5.0790390722004899
-5.0308980927290605
-4.9825416063275165
-4.9339716844266945
-4.885190407600466
-4.8361998654763063
-4.7870021566460998
-4.7375993885758412
-4.6879936775157489
-4.6381871484093065
-4.5881819348026252
-4.5379801787523979
-4.487584030734995
-4.4369956495534586
-4.386217202245783
-4.3352508639916696
-4.2840988180193218
-4.2327632555122392
-4.1812463755150144
-4.1295503848393231
-4.0776774979693551
-4.0256299369669373
-3.973409931376362
-3.921019718128866
-3.8684615414467771
-3.8157376527475351
-3.7628503105470266
-3.7098017803629131
-3.656594334617715
-3.6032302525413007
-3.5497118200733877
-3.4960413297654291
-3.4422210806826357
-3.3882533783053579
-3.3341405344303254
-3.2798848670716749
-3.2254887003616277
-3.1709543644509353
-3.116284195409011
-3.0614805351239402
-3.0065457312021615
-2.9514821368678232
-2.8962921108620203
-2.8409780173418011
-2.7855422257788405
-2.7299871108579143
-2.6743150523752801
-2.6185284351365983
-2.5626296488549043
-2.5066210880481417
-2.4505051519366514
-2.3942842443403571
-2.3379607735758556
-2.2815371523531303
-2.2250157976723535
-2.1683991307202271
-2.111689576766334
-2.0548895650592254
-1.9980015287223474
-1.9410279046498473
-1.8839711334021567
-1.8268336591014529
-1.7696179293269589
-1.712326395010128
-1.654961510329594
-1.5975257326061074
-1.5400215221971996
-1.4824513423918833
-1.4248176593050323
-1.3671229417718209
-1.3093696612419206
-1.2515602916736586
-1.193697309428011
-1.1357831931625622
-1.0778204237253022
-1.0198114840483488
-0.96175885904161951
-0.90366503548634869
-0.8455325019285882
-0.78736374857259672
-0.72916126717416652
-0.67092755093388756
-0.61266509439034655
-0.55437639331326949
-0.49606394459661107
-0.43773024615159523
-0.37937779679971328
-0.32100909616568435
-0.26262664457037654
-0.20423294292370475
-0.14583049261749836
-0.087421795418349657
-0.029009353360447514
0.029404331361601893
0.087816756499960916
0.14622541986074841
0.2046278194112249
0.26302145338697225
0.32140382039905985
0.37977241954119634
0.43812475049686073
0.49645831364640597
0.5547706101741362
0.61305914217534607
0.67132141276332502
0.72955492617631212
0.78775718788440863
0.8459257046964368
0.9040579848667335
0.96215153820189847
1.0202038761674552
1.0782125119944603
1.1361749607860192
1.1940887396237423
1.2519513676740943
1.3097603662946784
1.3675132591403887
1.4252075722695137
1.4828408342497015
1.5404105762638223
1.5979143322157523
1.6553496388359523
1.7127140357870636
1.7700050657692308
1.8272202746254138
1.8843572114464961
1.9414134286762676
1.9983864822162845
2.0552739315305359
2.1120733397500566
2.1687822737772313
2.225398304390056
2.2819190063462162
2.3383419584869709
2.3946647438408313
2.4508849497271212
2.5070001678593496
2.5630079944483208
2.6189060303051797
2.6746918809440743
2.7303631566848758
2.7859174727553819
2.8413524493936237
2.8966657119496899
2.9518548909874927
3.0069176223863137
3.061851547441973
3.1166543129679933
3.1713235713962793
3.2258569808777362
3.2802522053826131
3.3345069148005528
3.3886187850403529
3.4425854981296196
3.4964047423139464
3.5500742121560358
3.6035916086344546
3.65695463924206
3.7101610180841815
3.7632084659766916
3.8160947105434362
3.8688174863137159
3.9213745348193325
3.9737636046912161
4.0259824517559739
4.0780288391320267
4.1299005373253364
4.1815953243249737
4.2331109856983984
4.284445314686038
4.3355961122961739
4.386561187398839
4.4373383568198266
4.4879254454342172
4.5383202862595002
4.5885207205484706
4.6385245978815144
4.6883297762589606
4.7379341221928
4.7873355107979192
4.8365318258832248
4.8855209600424043
4.9343008147438558
4.9828693004210187
5.0312243365617206
5.0793638517969626
5.1272857839902883
5.1749880803255097
5.2224686973951338
5.2697256012874529
5.316756767674014
5.363560181896224
5.4101338390514444
5.4564757440794907
5.5025839118470641
5.5484563672339995
5.5940911452167343
5.6394862909534913
5.6846398598671986
5.729549917729198
5.7742145407422445
5.8186318156224166
5.8627998396814389
5.906716720908296
5.9503805780499022
5.993789540691985
6.0369417493389923
6.0798353554939144
6.1224685217375576
6.1648394218068177
6.2069462406735463
6.2487871746214418
6.2903604313245909
6.3316642299226107
6.372696801098483
6.4134563871534453
6.453941242082406
6.4941496316488099
6.5340798334593995
6.5737301370369181
6.6130988438945151
6.6521842676076135
6.6909847338868556
6.7294985806494898
6.7677241580906351
6.805659828753349
6.8433039676000558
6.8806549620810298
6.9177112122040949
6.954471130602653
6.9909331426043604
7.0270956862979528
7.0629572126000326
7.0985161853228576
7.1337710812377271
7.1687203901426315
7.2033626149252692
7.2376962716281392
7.2717198895119015
7.305432011117353
7.3388311923302441
7.3719160024400843
7.4046850242038893
7.4371368539065195
7.4692701014185525
7.5010833902593506
7.5325753576530152
7.5637446545890068
7.5945899458776998
7.6251099102104476
7.6553032402124765
7.6851686425026129
7.7147048377464875
7.7439105607115311
7.7727845603220285
7.8013255997116442
7.8295324562775264
7.8574039217314349
7.8849388021531563
7.9121359180395228
7.9389941043567696
7.9655122105894387
7.9916891007908175
8.0175236536288814
8.0430147624384514
8.0681613352645822
8.0929622949123203
8.1174165789906016
8.1415231399595527
8.1652809451744179
8.1886889769296189
8.2117462325030033
8.2344517241987241
8.2568044793888564
8.2788035405561349
8.3004479653335608
8.321736826546152
8.3426692122501098
8.3632442257714885
8.3834609857450157
8.4033186261528421
8.4228162963588868
8.4419531611479677
8.4607284007605088
8.479141210927958
8.4971908029070775
8.5148764035123712
8.5321972551525871
8.5491526158603026
8.5657417593229503
8.581963974917997
8.5978185677391004
8.6133048586286698
8.6284221842053235
8.6431698968930259
8.6575473649497994
8.671553972491397
8.6851891195224198
8.6984522219570373
8.7113427116507545
8.7238600364150827
8.7360036600508852
8.7477730623668926
8.7591677391979097
8.7701872024366274
8.7808309800443691
8.7910986160787203
8.8009896707069526
8.8105037202304839
8.8196403570975264
8.8283991899253689
8.836779843515151
8.8447819588675891
8.8524051931997132
8.8596492199553971
8.8665137288258382
8.8729984257580945
8.8791030329692084
8.8848272889586788
8.8901709485203515
8.8951337827439971
8.8997155790424571
8.903916141146663
8.9077352891178663
8.9111728593563519
8.9142287046081847
8.9169026939708083
8.9191947129015983
8.9211046632146758
8.9226324630944198
8.9237780470991304
8.9245413661509296
8.9249223875535435
8.9249210949867663
8.924537488507573
8.9237715845368708
8.9226234159005759
8.9210930317711394
8.9191804977086644
8.9168858956352199
8.9142093238511784
8.9111508970102005
8.9077107461207312
8.903889018549398
8.8996858780094463
8.8951015045433213
8.8901360945378798
8.88478986068694
8.8790630320134714
8.8729558538281328
8.8664685877470362
8.8596015116613458
8.8523549197338731
8.844729122384793
8.8367244462766585
8.8283412343058174
8.8195798455774455
8.8104406554037826
8.8009240552761749
8.7910304528530556
8.780760271944434
8.7701139524901155
8.7590919505433984
8.7476947382496011
8.7359228038287107
8.7237766515496826
8.7112568017142777
8.6983637906301734
8.6850981705922425
8.6714605098548638
8.6574513926099161
8.643071418961819
8.628321204900077
8.6132013822753191
8.5977125987706042
8.5818555178732971
8.5656308188484065
8.5490391967078736
8.5320813621813585
8.5147580416867097
8.4970699772964373
8.479017926708778
8.4606026632133755
8.441824975659479
8.4226856684198914
8.4031855613593507
8.3833254897970608
8.3631063044724954
8.3425288715089696
8.3215940723741912
8.3003028038460691
8.2786559779712654
8.2566545220280219
8.2342993784850727
8.2115915049627421
8.1885318741907174
8.1651214739667033
8.1413613071143569
8.1172523914402639
8.0927957596897944
8.067992459504076
8.0428435533738174
8.0173501185940932
7.9915132472194577
7.9653340460151547
7.938813636410619
7.9119531544525898
7.8847537507544541
7.8572165904480311
7.8293428531337481
7.8011337328296353
7.7725904379208792
7.7437141911068865
7.7145062293497118
7.6849678038218254
7.6551001798506464
7.6249046368659332
7.5943824683443903
7.5635349817537785
7.53236349849813
7.5008693538595281
7.4690538969430147
7.4369184906163932
7.4044645114533454
7.3716933496750423
7.3386064090881193
7.3052051070277564
7.2714908742939803
7.237465155092635
7.2031294069722867
7.1684851007618402
7.1335337205083809
7.0982767634126462
7.0627157397650171
7.0268521728818607
6.9906875990386581
6.9542235674056361
6.9174616399803845
6.8804033915215186
6.843050409481255
6.805404293936733
6.7674666575225544
6.7292391253605786
6.6907233349911124
6.6519209363024334
6.6128335914601486
6.5734629748361035
6.5338107729362349
6.4938786843292275
6.4536684195725424
6.41318170114035
6.3724202633487659
6.3313858522822963
6.2900802257181034
6.2485051530523883
6.2066624152222882
6.1645538046317911
6.1221811250735554
6.0795461916521329
6.0366508307061766
5.9934968797301336
5.9500861872955957
5.9064206129723313
5.862502027248115
5.8183323114488807
5.7739133576583912
5.7292470686366483
5.6843353577390596
5.6391801488335371
5.5937833762190925
5.5481469845425719
5.5022729287146275
5.4561631738275764
5.4098196950696025
5.3632444776412331
5.3164395166696021
5.2694068171236834
5.2221483937275561
5.1746662708749911
5.1269624825419626
5.0790390721999721
5.0308980927286031
4.9825416063270138
4.933971684426214
4.8851904075999553
4.8361998654758676
4.7870021566455732
4.737599388575342
4.6879936775152569
4.6381871484088517
4.5881819348021544
4.5379801787519405
4.4875840307344435
4.4369956495529719
4.3862172022453221
4.3352508639911829
4.2840988180188599
4.2327632555117631
4.1812463755145393
4.1295503848388435
4.077677497968903
4.0256299369664674
3.9734099313759099
3.9210197181283952
3.868461541446333
3.8157376527470985
3.7628503105465438
3.7098017803624574
3.6565943346172647
3.6032302525408628
3.5497118200729165
3.4960413297649597
3.4422210806821809
3.388253378304904
3.3341405344298747
3.2798848670712299
3.2254887003611827
3.170954364450469
3.1162841954085669
3.0614805351235175
3.0065457312017152
2.9514821368673716
2.8962921108615887
2.8409780173413792
2.7855422257784186
2.7299871108574916
2.6743150523748525
2.6185284351361813
2.5626296488544766
2.5066210880477091
2.4505051519362282
2.3942842443399406
2.3379607735754262
2.281537152352707
2.2250157976719347
2.1683991307198021
2.1116895767659121
2.0548895650588017
1.9980015287219299
1.9410279046494279
1.8839711334017386
1.8268336591010339
1.7696179293265459
1.7123263950097152
1.6549615103291844
1.597525732605692
1.5400215221967903
1.482451342391472
1.4248176593046229
1.3671229417714126
1.3093696612415153
1.2515602916732498
1.1936973094276051
1.1357831931621567
1.0778204237248945
1.0198114840479449
0.96175885904121494
0.90366503548594457
0.84553250192818674
0.78736374857219538
0.72916126717376561
0.67092755093348622
0.61266509438994676
0.55437639331287147
0.49606394459621356
0.43773024615119832
0.3793777967993176
0.32100909616528911
0.26262664456998208
0.20423294292331096
0.14583049261710496
0.087421795417956999
0.029009353360055501
-0.029404331361993226
-0.087816756500351492
-0.14622541986113829
-0.20462781941161429
-0.26302145338736094
-0.32140382039944765
-0.37977241954158353
-0.43812475049724703
-0.49645831364679194
-0.55477061017452123
-0.61305914217573054
-0.67132141276370982
-0.72955492617669548
-0.78775718788479243
-0.84592570469681871
-0.90405798486711531
-0.96215153820228072
-1.0202038761678354
-1.0782125119948391
-1.1361749607863993
-1.1940887396241204
-1.2519513676744727
-1.3097603662950561
-1.3675132591407642
-1.4252075722698878
-1.4828408342500783
-1.5404105762642042
-1.5979143322161247
-1.6553496388363296
-1.7127140357874344
-1.7700050657696038
-1.827220274625788
-1.8843572114468683
-1.941413428676638
-1.9983864822166539
-2.055273931530909
-2.1120733397504279
-2.1687822737775955
-2.2253983043904184
-2.2819190063465973
-2.3383419584873408
-2.3946647438411937
-2.450884949727488
-2.5070001678597156
-2.5630079944486948
-2.6189060303055394
-2.6746918809444398
-2.7303631566852409
-2.7859174727557572
-2.8413524493939879
-2.8966657119500376
-2.9518548909878541
-3.0069176223866645
-3.0618515474423509
-3.1166543129683517
-3.1713235713966244
-3.2258569808780906
-3.2802522053829648
-3.3345069148009112
-3.3886187850407166
-3.4425854981299642
-3.4964047423142874
-3.5500742121564066
-3.6035916086348214
-3.6569546392424117
-3.710161018084555
-3.7632084659770482
-3.816094710543775
-3.8688174863140743
-3.9213745348196909
-3.9737636046915408
-4.0259824517563407
-4.0780288391323669
-4.1299005373256685
-4.1815953243253592
-4.233110985698719
-4.2844453146864225
-4.3355961122965363
-4.3865611873992041
-4.4373383568201943
-4.487925445434561
-4.5383202862598706
-4.5885207205488179
-4.6385245978818377
-4.6883297762593399
-4.737934122193165
-4.78733551079827
-4.8365318258836023
-4.8855209600426983
-4.9343008147442085
-4.982869300421414
-5.0312243365621008
-5.079363851797253
-5.1272857839906933
-5.1749880803258339
-5.2224686973955183
-5.2697256012878126
-5.3167567676743301
-5.3635601818965615
-5.4101338390518761
-5.4564757440798317
-5.5025839118474247
-5.5484563672342899
-5.594091145217174
-5.6394862909538714
-5.6846398598675041
-5.7295499177296048
-5.7742145407425856
-5.8186318156227612
-5.8627998396818262
-5.9067167209086477
-5.95038057805034
-5.9937895406922479
-6.0369417493393236
-6.0798353554943416
-6.1224685217378694
-6.1648394218071427
-6.2069462406738385
-6.2487871746218682
-6.2903604313247836
-6.3316642299228949
-6.3726968010988472
-6.413456387153694
-6.4539412420826903
-6.4941496316491776
-6.5340798334596837
-6.5737301370372689
-6.6130988438948117
-6.6521842676080052
-6.6909847338872144
-6.7294985806498593
-6.7677241580908598
-6.8056598287537788
-6.8433039676003675
-6.8806549620812989
-6.917711212204396
-6.9544711306030385
-6.9909331426047556
-7.0270956862982406
-7.0629572126005034
-7.0985161853230494
-7.1337710812380593
-7.1687203901429823
-7.2033626149256422
-7.2376962716285895
-7.2717198895121546
-7.3054320111177589
-7.3388311923305105
-7.3719160024404653
-7.4046850242043236
-7.4371368539067202
-7.4692701014189691
-7.5010833902598417
-7.5325753576533261
-7.5637446545892351
-7.5945899458782105
-7.6251099102106199
-7.6553032402127341
-7.6851686425030401
-7.7147048377468099
-7.7439105607119254
-7.7727845603225028
-7.8013255997118813
-7.829532456277879
-7.8574039217318159
-7.8849388021535871
-7.9121359180398425
-7.9389941043570005
-7.9655122105899272
-7.9916891007910316
-8.0175236536293149
-8.0430147624388209
-8.0681613352649499
-8.0929622949127218
-8.117416578990726
-8.1415231399601034
-8.1652809451747679
-8.1886889769299369
-8.2117462325033763
-8.2344517241989674
-8.2568044793892561
-8.2788035405564511
-8.3004479653338699
-8.3217368265465428
-8.3426692122503994
-8.363244225771794
-8.3834609857455575
-8.4033186261533501
-8.422816296358894
-8.4419531611482661
-8.4607284007608659
-8.4791412109284465
-8.4971908029074115
-8.5148764035127726
-8.5321972551531182
-8.5491526158604287
-8.5657417593230889
-8.5819639749183327
-8.5978185677393348
-8.6133048586290499
-8.6284221842058528
-8.6431698968934256
-8.6575473649501475
-8.6715539724919779
-8.6851891195226312
-8.6984522219575737
-8.7113427116508415
-8.7238600364152656
-8.7360036600514483
-8.7477730623666776
-8.7591677391983822
-8.7701872024368974
-8.7808309800448878
-8.7910986160790738
-8.8009896707079918
-8.8105037202307841
-8.8196403570977076
-8.828399189925566
-8.8367798435156537
-8.844781958868726
-8.8524051932000969
-8.859649219955184
-8.8665137288257938
-8.8729984257586914
-8.8791030329703027
-8.8848272889602917
-8.890170948519339
-8.8951337827438088
-8.8997155790424554
-8.9039161411471497
-8.9077352891168378
-8.9111728593576576
-8.9142287046078756
-8.9169026939725704
-8.9191947129005893
-8.9211046632132174
-8.922632463095967
-8.9237780470981463
-8.9245413661483202
-8.9249223875478183
-8.9249210949884112
-8.9245374885014339
-8.9237715845426049
-8.9226234158999773
-8.9210930317712318
-8.9191804977042732
-8.9168858956377743
-8.9142093238528517
-8.9111508970092963
-8.9077107461194363
-8.9038890185504123
-8.8996858780076842
-8.8951015045444404
-8.8901360945377021
-8.8847898606881586
-8.8790630320135975
-8.8729558538284028
-8.8664685877474838
-8.8596015116617117
-8.8523549197340756
-8.8447291223851714
-8.8367244462766887
-8.828341234306043
-8.8195798455789767
-8.8104406554037542
-8.8009240552764183
-8.7910304528533363
-8.7807602719449012
-8.7701139524903446
-8.7590919505436293
-8.7476947382500363
-8.7359228038291157
-8.7237766515500699
-8.7112568017137768
-8.6983637906303954
-8.6850981705927826
-8.6714605098551409
-8.6574513926101293
-8.6430714189623092
-8.6283212049004963
-8.613201382275685
-8.5977125987709115
-8.5818555178737093
-8.5656308188487262
-8.5490391967084971
-8.5320813621816569
-8.5147580416868234
-8.4970699772969009
-8.4790179267089094
-8.4606026632142353
-8.4418249756597739
-8.4226856684201614
-8.4031855613593649
-8.3833254897975351
-8.3631063044728808
-8.3425288715092361
-8.3215940723746478
-8.3003028038463427
-8.2786559779714093
-8.2566545220284819
-8.2342993784854333
-8.2115915049630068
-8.1885318741911934
-8.1651214739668472
-8.141361307114801
-8.1172523914403669
-8.0927957596903557
-8.0679924595042802
-8.0428435533740981
-8.0173501185945533
-7.9915132472198485
-7.9653340460153901
-7.938813636410825
-7.9119531544530721
-7.8847537507546459
-7.8572165904483073
-7.8293428531341318
-7.8011337328302757
-7.7725904379212007
-7.7437141911070615
-7.7145062293501354
-7.6849678038222642
-7.6551001798509128
-7.6249046368662707
-7.5943824683447794
-7.5635349817540947
-7.5323634984983583
-7.5008693538600104
-7.4690538969433051
-7.4369184906167209
-7.4044645114538232
-7.3716933496754127
-7.3386064090885297
-7.3052051070280548
-7.271490874294348
-7.2374651550930604
-7.2031294069725176
-7.1684851007622639
-7.1335337205087574
-7.0982767634127972
-7.0627157397653004
-7.0268521728822853
-6.9906875990389254
-6.954223567405962
-6.9174616399807878
-6.880403391521849
-6.8430504094816067
-6.8054042939370714
-6.7674666575228626
-6.7292391253609711
-6.6907233349914277
-6.6519209363027763
-6.6128335914604657
-6.5734629748364704
-6.5338107729366506
-6.4938786843295491
-6.4536684195728666
-6.4131817011407541
-6.3724202633490927
-6.3313858522825841
-6.2900802257185155
-6.2485051530527471
-6.2066624152226089
-6.1645538046321313
-6.1221811250739533
-6.0795461916524802
-6.0366508307065097
-5.9934968797303974
-5.9500861872960016
-5.9064206129726289
-5.8625020272485182
-5.818332311449276
-5.7739133576587323
-5.729247068637064
-5.6843353577393305
-5.6391801488338906
-5.5937833762195037
-5.5481469845428224
-5.5022729287150005
-5.456163173827929
-5.4098196950698982
-5.3632444776416079
-5.3164395166699512
-5.2694068171239747
-5.2221483937278546
-5.1746662708752966
-5.1269624825422726
-5.0790390722003282
-5.0308980927289282
-4.9825416063273629
-4.9339716844265267
-4.8851904076003239
-4.8361998654761695
-4.7870021566459346
-4.7375993885756813
-4.6879936775155739
-4.638187148409191
-4.5881819348024271
-4.5379801787522638
-4.4875840307348192
-4.4369956495532925
-4.3862172022456658
-4.3352508639915461
-4.2840988180191895
-4.2327632555121077
-4.1812463755148821
-4.1295503848391775
-4.0776774979692423
-4.0256299369668156
-3.973409931376235
-3.9210197181287416
-3.8684615414466688
-3.8157376527474196
-3.7628503105468885
-3.7098017803627945
-3.6565943346176057
-3.6032302525412105
-3.5497118200732491
-3.4960413297652893
-3.4422210806825237
-3.3882533783052486
-3.3341405344302109
-3.2798848670715621
-3.2254887003615322
-3.1709543644508145
-3.1162841954089062
-3.0614805351238532
-3.0065457312020665
-2.9514821368677033
-2.8962921108619319
-2.8409780173417145
-2.7855422257787525
-2.7299871108578384
-2.6743150523751718
-2.6185284351365041
-2.5626296488548164
-2.5066210880480586
-2.4505051519365604
-2.3942842443402856
-2.337960773575761
-2.2815371523530499
-2.2250157976722691
-2.1683991307201453
-2.1116895767662514
-2.0548895650591414
-1.9980015287222721
-1.9410279046497676
-1.8839711334020763
-1.8268336591013767
-1.7696179293268828
-1.7123263950100547
-1.6549615103295274
-1.5975257326060328
-1.5400215221971338
-1.4824513423918095
-1.4248176593049642
-1.3671229417717532
-1.3093696612418553
-1.2515602916735891
-1.1936973094279437
-1.1357831931624978
-1.077820423725234
-1.019811484048285
-0.96175885904155511
-0.90366503548628552
-0.8455325019285268
-0.78736374857253533
-0.7291612671741059
-0.6709275509338275
-0.61266509439028682
-0.5543763933132112
-0.49606394459655367
-0.43773024615153844
-0.37937779679965783
-0.32100909616562934
-0.26262664457032237
-0.20423294292365113
-0.14583049261744524
-0.087421795418297241
-0.029009353360395982
0.029404331361652519
0.087816756500011028
0.14622541986079801
0.20462781941127406
0.2630214533870206
0.32140382039910753
0.37977241954124313
0.43812475049690658
0.49645831364645127
0.55477061017418139
0.61305914217539104
0.67132141276336865
0.7295549261763552
0.78775718788445193
0.84592570469647821
0.90405798486677613
0.96215153820193966
1.0202038761674954
1.0782125119944992
1.136174960786059
1.1940887396237823
1.2519513676741323
1.3097603662947159
1.3675132591404258
1.425207572269549
1.4828408342497363
1.5404105762638651
1.5979143322157852
1.655349638835991
1.7127140357870956
1.7700050657692621
1.8272202746254471
1.884357211446531
1.9414134286762981
1.9983864822163124
2.055273931530575
2.1120733397500921
2.1687822737772517
2.2253983043900827
2.2819190063462549
2.3383419584869927
2.3946647438408597
2.4508849497271479
2.5070001678593825
2.5630079944483528
2.6189060303052067
2.674691880944108
2.7303631566849043
2.7859174727554241
2.8413524493936411
2.8966657119497161
2.9518548909875175
3.0069176223863292
3.0618515474419881
3.1166543129680226
3.1713235713962988
3.2258569808777522
3.2802522053826433
3.3345069148005764
3.3886187850403768
3.4425854981296391
3.496404742313977
3.5500742121560482
3.603591608634503
3.6569546392420773
3.710161018084194
3.763208465976716
3.8160947105434584
3.8688174863137492
3.9213745348193587
3.9737636046912304
4.0259824517559855
4.0780288391320552
4.1299005373253364
4.1815953243249933
4.233110985698433
4.2844453146861019
4.335596112296173
4.3865611873988595
4.4373383568198319
4.4879254454342377
4.5383202862595304
4.5885207205484493
4.6385245978815259
4.6883297762589873
4.7379341221928231
4.7873355107979094
4.8365318258832986
4.8855209600423715
4.9343008147438434
4.9828693004210685
5.0312243365617011
5.0793638517969963
5.127285783990355
5.1749880803255435
5.2224686973951995
5.269725601287492
5.3167567676740166
5.3635601818962009
5.4101338390515199
5.4564757440794684
5.502583911847136
5.5484563672339826
5.5940911452167787
5.6394862909535197
5.6846398598672323
5.729549917729253
5.7742145407423129
5.8186318156223598
5.862799839681494
5.9067167209083618
5.9503805780499555
5.9937895406919486
6.0369417493390465
6.0798353554939304
6.1224685217375985
6.164839421806902
6.206946240673485
6.2487871746214738
6.2903604313245083
6.3316642299225476
6.3726968010984946
6.413456387153377
6.4539412420823856
6.4941496316488534
6.5340798334593018
6.5737301370367938
6.6130988438945328
6.6521842676075655
6.6909847338869612
6.7294985806494685
6.7677241580904939
6.8056598287533969
6.843303967600006
6.8806549620810413
6.917711212204015
6.9544711306027187
6.9909331426044501
7.0270956862978853
7.0629572126001889
7.0985161853226453
7.1337710812377599
7.1687203901426075
7.2033626149253385
7.2376962716281961
7.2717198895118624
7.3054320111174178
7.3388311923302192
7.371916002440023
7.4046850242040847
7.4371368539064679
7.4692701014185907
7.5010833902593612
7.5325753576530259
7.5637446545889233
7.5945899458777539
7.6251099102104183
7.6553032402124259
7.6851686425027719
7.7147048377464547
7.7439105607115879
7.7727845603221111
7.801325599711638
7.8295324562774624
7.8574039217315201
7.8849388021529858
7.9121359180393709
7.9389941043567624
7.9655122105895027
7.9916891007906559
8.0175236536290466
8.0430147624383821
8.0681613352648132
8.0929622949122137
8.1174165789905359
8.1415231399596451
8.1652809451745494
8.1886889769295994
8.2117462325030619
8.2344517241986637
8.2568044793889079
8.2788035405561402
8.3004479653336087
8.3217368265460685
8.3426692122501969
8.3632442257713873
8.3834609857450921
8.4033186261528403
8.4228162963589917
8.44195316114779
8.4607284007607557
8.4791412109280593
8.4971908029068342
8.5148764035124529
8.5321972551531324
8.5491526158598266
8.5657417593229361
8.5819639749177288
8.5978185677392087
8.6133048586286343
8.6284221842052879
8.6431698968929993
8.6575473649497585
8.6715539724918909
8.6851891195219135
8.6984522219574174
8.7113427116502695
8.7238600364151537
8.7360036600512991
8.7477730623663454
8.7591677391982934
8.7701872024368104
8.7808309800443052
8.791098616079065
8.8009896707071515
8.8105037202302086
8.8196403570970752
8.8283991899253671
8.8367798435157834
8.8447819588675429
8.8524051931999264
8.8596492199555641
8.8665137288254137
8.872998425757471
8.8791030329703524
8.8848272889588316
8.8901709485187741
8.8951337827442671
8.8997155790426437
8.9039161411451513
8.9077352891185875
8.9111728593578263
8.9142287046084192
8.9169026939715117
8.919194712899289
8.9211046632127768
8.9226324630938674
8.9237780470984163
8.9245413661560686
8.9249223875625923
8.9249210949835334
8.9245374885063029
8.9237715845382084
8.9226234158985491
8.9210930317723971
8.9191804977086218
8.916885895635172
8.9142093238525337
8.9111508970086568
8.907710746120701
8.9038890185503021
8.8996858780081087
8.8951015045430406
8.8901360945370111
8.8847898606885742
8.879063032011512
8.8729558538282802
8.8664685877472262
8.8596015116612286
8.8523549197336848
8.8447291223839724
8.8367244462776426
8.8283412343048564
8.8195798455779055
8.8104406554035624
8.800924055276651
8.7910304528525742
8.780760271944299
8.7701139524901421
8.7590919505429277
8.7476947382498853
8.7359228038285313
8.7237766515496347
8.7112568017145993
8.6983637906303137
8.6850981705919583
8.6714605098550788
8.6574513926100707
8.6430714189616786
8.6283212049000522
8.6132013822753049
8.5977125987706735
8.5818555178731302
8.5656308188486641
8.5490391967077564
8.5320813621815574
8.5147580416865871
8.4970699772963219
8.479017926708746
8.4606026632137219
8.4418249756594221
8.4226856684197351
8.4031855613591464
8.3833254897971745
8.3631063044726339
8.3425288715088826
8.3215940723742428
8.3003028038462059
8.2786559779711979
8.2566545220279455
8.2342993784852254
8.2115915049627723
8.188531874190506
8.1651214739668188
8.1413613071141349
8.1172523914404042
8.0927957596897766
8.0679924595041363
8.0428435533737854
8.0173501185942992
7.9915132472195411
7.9653340460148394
7.9388136364106821
7.9119531544526662
7.8847537507542986
7.8572165904481723
7.8293428531337987
7.8011337328297676
7.7725904379209165
7.7437141911067826
7.7145062293498077
7.6849678038217766
7.6551001798505816
7.6249046368660363
7.5943824683443566
7.5635349817538247
7.5323634984980909
7.5008693538596614
7.469053896942909
7.4369184906163577
7.4044645114534946
7.37169334967483
7.3386064090882934
7.3052051070276365
7.2714908742939137
7.2374651550927229
7.2031294069721543
7.1684851007618793
7.1335337205084981
7.09827676341245
7.0627157397650615
7.0268521728818243
6.9906875990386164
6.9542235674055926
6.9174616399803917
6.8804033915215053
6.8430504094811813
6.8054042939368369
6.7674666575225224
6.7292391253605617
6.6907233349911275
6.6519209363024405
6.6128335914601424
6.5734629748359819
6.5338107729362846
6.493878684329192
6.4536684195725895
6.4131817011403518
6.3724202633488662
6.3313858522822484
6.2900802257182411
6.2485051530522773
6.2066624152222669
6.1645538046318595
6.1221811250735598
6.0795461916521925
6.0366508307061943
5.9934968797301122
5.9500861872956596
5.9064206129723242
5.8625020272480892
5.818332311448863
5.7739133576584152
5.7292470686367398
5.6843353577390081
5.6391801488335949
5.5937833762191662
5.5481469845424574
5.5022729287146426
5.4561631738275667
5.4098196950696202
5.3632444776412145
5.3164395166696403
5.2694068171236106
5.2221483937275286
5.1746662708749787
5.1269624825419307
5.0790390722000138
5.0308980927286209
4.9825416063270103
4.9339716844262167
4.8851904075999562
4.8361998654758569
4.7870021566455856
4.737599388575358
4.6879936775152471
4.6381871484088695
4.5881819348021109
4.5379801787519103
4.4875840307344621
4.4369956495529923
4.386217202245291
4.3352508639912095
4.2840988180188457
4.232763255511764
4.1812463755145579
4.1295503848388355
4.0776774979688968
4.0256299369664976
3.9734099313758917
3.9210197181284063
3.868461541446321
3.8157376527471003
3.7628503105465398
3.7098017803624632
3.656594334617254
3.6032302525408659
3.5497118200729205
3.4960413297649562
3.4422210806821849
3.3882533783049085
3.3341405344298582
3.2798848670712237
3.2254887003612054
3.170954364450473
3.1162841954085594
3.0614805351234993
3.0065457312017139
2.951482136867368
2.8962921108615842
2.8409780173413899
2.7855422257784008
2.7299871108574947
2.6743150523748409
2.6185284351361693
2.5626296488544797
2.5066210880477193
2.4505051519362224
2.3942842443399419
2.3379607735754306
2.2815371523527044
2.225015797671932
2.1683991307198065
2.1116895767659174
2.0548895650588035
1.9980015287219264
1.941027904649431
1.8839711334017393
1.826833659101033
1.7696179293265473
1.7123263950097132
1.6549615103291881
1.59752573260569
1.5400215221967939
1.4824513423914738
1.4248176593046233
1.3671229417714104
1.3093696612415169
1.2515602916732476
1.193697309427604
1.1357831931621591
1.0778204237248972
1.0198114840479455
0.96175885904121583
0.90366503548594701
0.84553250192818719
0.78736374857219682
0.72916126717376717
0.67092755093348866
0.61266509438994843
0.55437639331287236
0.496063944596215
0.43773024615119999
0.37937779679931916
0.32100909616529044
0.26262664456998347
0.20423294292331248
0.14583049261710679
0.087421795417958803
0.029009353360057305
-0.029404331361991623
-0.087816756500350049
-0.14622541986113677
-0.20462781941161257
-0.26302145338735911
-0.32140382039944587
-0.3797724195415822
-0.43812475049724581
-0.49645831364679061
-0.55477061017451967
-0.61305914217572965
-0.6713214127637076
-0.72955492617669415
-0.78775718788479032
-0.84592570469681783
-0.90405798486711353
-0.96215153820227861
-1.0202038761678338
-1.0782125119948385
-1.1361749607863976
-1.1940887396241198
-1.2519513676744725
-1.3097603662950563
-1.3675132591407595
-1.4252075722698883
-1.4828408342500772
-1.5404105762642033
-1.5979143322161249
-1.6553496388363287
-1.712714035787432
-1.7700050657696011
-1.8272202746257855
-1.8843572114468683
-1.9414134286766445
-1.9983864822166566
-2.0552739315309085
-2.1120733397504279
-2.1687822737775906
-2.2253983043904242
-2.2819190063465911
-2.3383419584873399
-2.3946647438411928
-2.4508849497274863
-2.5070001678597142
-2.5630079944486948
-2.6189060303055434
-2.6746918809444438
-2.7303631566852409
-2.7859174727557696
-2.8413524493939879
-2.8966657119500407
-2.9518548909878581
-3.0069176223866636
-3.0618515474423429
-3.116654312968353
-3.1713235713966359
-3.2258569808780839
-3.2802522053829817
-3.3345069148009157
-3.3886187850407246
-3.4425854981299615
-3.4964047423142959
-3.5500742121564293
-3.6035916086348228
-3.6569546392424117
-3.7101610180845657
-3.7632084659770477
-3.816094710543783
-3.8688174863141072
-3.9213745348196731
-3.9737636046915701
-4.0259824517563416
-4.0780288391323571
-4.1299005373257058
-4.1815953243253805
-4.2331109856987474
-4.2844453146863968
-4.3355961122965478
-4.3865611873991837
-4.4373383568201916
-4.4879254454345769
-4.5383202862598875
-4.5885207205487806
-4.638524597881867
-4.6883297762593248
-4.7379341221931712
-4.787335510798278
-4.8365318258836236
-4.8855209600427392
-4.9343008147442191
-4.9828693004214211
-5.031224336562012
-5.079363851797396
-5.1272857839906196
-5.1749880803259236
-5.2224686973954704
-5.2697256012878713
-5.3167567676743568
-5.3635601818965206
-5.4101338390518929
-5.4564757440798139
-5.5025839118474593
-5.5484563672343175
-5.59409114521711
-5.6394862909538368
-5.6846398598675814
-5.7295499177296083
-5.7742145407425971
-5.818631815622747
-5.8627998396818448
-5.9067167209086806
-5.9503805780502983
-5.9937895406923003
-6.0369417493393298
-6.0798353554943318
-6.1224685217378791
-6.1648394218071889
-6.2069462406738181
-6.2487871746218167
-6.2903604313248254
-6.3316642299229828
-6.3726968010988116
-6.4134563871536763
-6.4539412420826787
-6.49414963164923
-6.5340798334596286
-6.5737301370373258
-6.6130988438948046
-6.6521842676080123
-6.6909847338871966
-6.7294985806499206
-6.767724158090795
-6.8056598287537327
-6.8433039676002823
-6.8806549620813895
-6.9177112122043969
-6.954471130603042
-6.9909331426048009
-7.027095686298253
-7.0629572126004776
-7.0985161853229961
-7.1337710812381312
-7.168720390142969
-7.2033626149256378
-7.2376962716285362
-7.2717198895121973
-7.3054320111177704
-7.338831192330546
-7.3719160024404351
-7.4046850242043618
-7.4371368539067673
-7.4692701014190117
-7.501083390259673
-7.5325753576534353
-7.5637446545892395
-7.5945899458781589
-7.6251099102106439
-7.6553032402128416
-7.6851686425029762
-7.7147048377467575
-7.7439105607120426
-7.7727845603223056
-7.8013255997120323
-7.8295324562778035
-7.8574039217319234
-7.8849388021534637
-7.9121359180398576
-7.9389941043571532
-7.965512210589802
-7.9916891007910094
-8.0175236536294285
-8.0430147624387853
-8.0681613352650139
-8.0929622949126561
-8.1174165789908237
-8.1415231399600785
-8.1652809451748158
-8.1886889769299884
-8.2117462325032999
-8.2344517241990527
-8.2568044793891637
-8.2788035405563765
-8.3004479653339622
-8.3217368265466121
-8.3426692122502644
-8.3632442257717532
-8.3834609857457441
-8.4033186261532045
-8.4228162963591817
-8.4419531611481542
-8.4607284007610897
-8.4791412109282138
-8.4971908029072321
-8.5148764035129521
-8.5321972551530934
-8.549152615860331
-8.5657417593232328
-8.5819639749183914
-8.5978185677394272
-8.6133048586290464
-8.6284221842055437
-8.643169896893486
-8.6575473649506076
-8.6715539724918482
-8.685189119522267
-8.698452221957977
-8.7113427116505964
-8.7238600364155552
-8.7360036600512494
-8.7477730623670471
-8.7591677391981904
-8.7701872024368583
-8.7808309800450761
-8.7910986160789619
-8.8009896707078017
-8.810503720230491
-8.8196403570971977
-8.8283991899262233
-8.8367798435157408
-8.8447819588678485
-8.8524051931992229
-8.8596492199563048
-8.8665137288261189
-8.8729984257584871
-8.8791030329699332
-8.884827288959805
-8.8901709485199962
-8.8951337827441606
-8.8997155790427875
-8.9039161411456735
-8.907735289118575
-8.9111728593573982
-8.9142287046075896
-8.9169026939714904
-8.9191947128992286
-8.9211046632175872
-8.9226324630939011
-8.9237780470995975
-8.9245413661506667
-8.9249223875626544
-8.9249210949914559
-8.924537488507255
-8.9237715845403063
-8.9226234158972328
-8.9210930317741912
-8.9191804977069502
-8.9168858956379786
-8.9142093238520026
-8.9111508970100992
-8.9077107461206975
-8.9038890185512312
-8.8996858780082775
-8.8951015045439501
-8.8901360945383416
-8.8847898606888887
-8.8790630320132866
-8.8729558538289748
-8.8664685877473062
-8.8596015116611699
-8.852354919734843
-8.8447291223846314
-8.8367244462774472
-8.8283412343056025
-8.8195798455786729
-8.8104406554047028
-8.8009240552762886
-8.7910304528532475
-8.7807602719447964
-8.7701139524903002
-8.7590919505433131
-8.7476947382506438
-8.7359228038289896
-8.7237766515500326
-8.711256801714665
-8.6983637906304043
-8.685098170592541
-8.671460509854894
-8.6574513926103887
-8.643071418961819
-8.6283212049004625
-8.6132013822755411
-8.5977125987711425
-8.5818555178736329
-8.5656308188487529
-8.5490391967082981
-8.5320813621819678
-8.5147580416867275
-8.497069977296789
-8.4790179267092238
-8.4606026632138889
-8.441824975659836
-8.4226856684203284
-8.4031855613595088
-8.3833254897972509
-8.3631063044730922
-8.3425288715091153
-8.3215940723746833
-8.3003028038462929
-8.2786559779717432
-8.2566545220283913
-8.2342993784854599
-8.2115915049630601
-8.1885318741911597
-8.1651214739669111
-8.1413613071148241
-8.1172523914404913
-8.0927957596902136
-8.0679924595044348
-8.0428435533739027
-8.0173501185946776
-7.9915132472198858
-7.9653340460152808
-7.9388136364110951
-7.9119531544527808
-7.8847537507547685
-7.8572165904483962
-7.8293428531341105
-7.8011337328300696
-7.7725904379211439
-7.7437141911071574
-7.7145062293501914
-7.6849678038221381
-7.6551001798509715
-7.6249046368664146
-7.5943824683446461
-7.5635349817541115
-7.5323634984982402
-7.5008693538600015
-7.4690538969433744
-7.4369184906164785
-7.4044645114538135
-7.37169334967537
-7.338606409088519
-7.3052051070281188
-7.2714908742942397
-7.2374651550930968
-7.2031294069726002
-7.168485100762207
-7.133533720508658
-7.0982767634129464
-7.0627157397653955
-7.026852172882224
-6.9906875990390134
-6.9542235674060162
-6.9174616399806172
-6.8804033915219351
-6.8430504094815712
-6.8054042939371753
-6.7674666575228475
-6.7292391253608717
-6.6907233349914419
-6.6519209363028242
-6.6128335914605012
-6.5734629748364233
-6.5338107729365369
-6.4938786843295961
-6.453668419572927
-6.4131817011406813
-6.3724202633490847
-6.331385852282553
-6.2900802257185608
-6.2485051530525926
-6.206662415222719
-6.1645538046321358
-6.1221811250739355
-6.0795461916524358
-6.0366508307065398
-5.9934968797305013
-5.9500861872959545
-5.9064206129727372
-5.8625020272483859
-5.8183323114492218
-5.7739133576586905
-5.729247068637096
-5.6843353577393954
-5.6391801488338889
-5.5937833762195197
-5.5481469845428073
-5.5022729287149632
-5.4561631738278793
-5.4098196950699613
-5.3632444776415218
-5.3164395166699734
-5.2694068171239801
-5.222148393727899
-5.1746662708753277
-5.1269624825422389
-5.0790390722003096
-5.0308980927289371
-4.9825416063273726
-4.9339716844265329
-4.8851904076003043
-4.8361998654761527
-4.7870021566459338
-4.7375993885756893
-4.6879936775155704
-4.6381871484092185
-4.5881819348024466
-4.5379801787522602
-4.4875840307348298
-4.4369956495532863
-4.3862172022456631
-4.3352508639915461
-4.2840988180191877
-4.2327632555121051
-4.1812463755148865
-4.1295503848391926
-4.0776774979692343
-4.0256299369668129
-3.9734099313762377
-3.9210197181287452
-3.868461541446679
-3.8157376527474267
-3.7628503105468867
-3.7098017803627785
-3.6565943346176
-3.603230252541195
-3.5497118200732514
-3.4960413297653083
-3.442221080682522
-3.3882533783052318
-3.3341405344302113
-3.2798848670715675
-3.2254887003615242
-3.1709543644508207
-3.1162841954088867
-3.0614805351238399
-3.0065457312020576
-2.95148213686771
-2.8962921108619302
-2.8409780173417065
-2.7855422257787574
-2.7299871108578286
-2.67431505237519
-2.618528435136509
-2.5626296488548128
-2.5066210880480546
-2.4505051519365604
-2.3942842443402754
-2.3379607735757624
-2.2815371523530503
-2.2250157976722722
-2.168399130720144
-2.1116895767662589
-2.0548895650591397
-1.9980015287222663
-1.9410279046497723
-1.8839711334020761
-1.8268336591013719
-1.7696179293268852
-1.7123263950100542
-1.6549615103295265
-1.5975257326060284
-1.5400215221971303
-1.48245134239181
-1.4248176593049633
-1.3671229417717485
-1.3093696612418526
-1.2515602916735873
-1.1936973094279439
-1.1357831931624967
-1.0778204237252331
-1.0198114840482846
-0.96175885904155389
-0.90366503548628485
-0.84553250192852569
-0.78736374857253566
-0.72916126717410579
-0.67092755093382717
-0.61266509439028682
-0.55437639331321042
-0.49606394459655317
-0.4377302461515381
-0.37937779679965694
-0.32100909616562862
-0.26262664457032153
-0.20423294292365066
-0.14583049261744482
-0.087421795418296588
-0.029009353360395188
0.029404331361653536
0.08781675650001175
0.14622541986079848
0.2046278194112745
0.26302145338702126
0.3214038203991082
0.37977241954124408
0.43812475049690747
0.49645831364645177
0.55477061017418106
0.61305914217539148
0.67132141276336932
0.7295549261763562
0.78775718788445281
0.84592570469647888
0.90405798486677613
0.96215153820193899
1.0202038761674954
1.0782125119945003
1.136174960786059
1.194088739623782
1.2519513676741361
1.3097603662947164
1.3675132591404229
1.4252075722695527
1.4828408342497394
1.5404105762638636
1.5979143322157836
1.6553496388359896
1.7127140357870976
1.7700050657692628
1.8272202746254516
1.8843572114465315
1.9414134286763025
1.9983864822163138
2.0552739315305772
2.1120733397500921
2.1687822737772553
2.2253983043900902
2.2819190063462504
2.338341958487002
2.3946647438408633
2.4508849497271497
2.5070001678593812
2.5630079944483541
2.6189060303052059
2.6746918809441129
2.7303631566849056
2.7859174727554219
2.841352449393646
2.8966657119497072
2.9518548909875304
3.0069176223863354
3.0618515474419952
3.1166543129680178
3.1713235713962904
3.225856980877746
3.2802522053826455
3.3345069148005768
3.3886187850403617
3.442585498129632
3.4964047423139468
3.5500742121560687
3.6035916086344857
3.6569546392420809
3.7101610180842051
3.7632084659767111
3.816094710543438
3.8688174863137448
3.9213745348193507
3.9737636046912241
4.0259824517560023
4.0780288391320205
4.1299005373253426
4.1815953243250199
4.2331109856984108
4.2844453146860868
4.3355961122961899
4.3865611873988613
4.4373383568198399
4.4879254454342385
4.5383202862595367
4.5885207205484839
4.6385245978815046
4.6883297762589757
4.7379341221928186
4.7873355107979494
4.8365318258832497
4.8855209600423839
4.9343008147438523
4.9828693004211004
5.0312243365617304
5.0793638517969208
5.1272857839903354
5.1749880803255417
5.2224686973951622
5.2697256012874911
5.3167567676740353
5.3635601818962311
5.4101338390515208
5.4564757440794578
5.5025839118470552
5.5484563672340181
5.5940911452167876
5.6394862909534913
5.6846398598672128
5.7295499177292504
5.7742145407423049
5.8186318156223882
5.862799839681486
5.9067167209083662
5.9503805780499972
5.9937895406919166
6.0369417493389834
6.0798353554939837
6.1224685217375763
6.164839421806823
6.2069462406735116
6.2487871746215315
6.2903604313244337
6.3316642299225494
6.3726968010984528
6.4134563871534329
6.4539412420822995
6.4941496316488232
6.5340798334593169
6.5737301370369625
6.6130988438944645
6.6521842676076695
6.6909847338869044
6.7294985806494836
6.7677241580905747
6.8056598287533525
6.8433039676000496
6.8806549620810511
6.9177112122040958
6.9544711306026352
6.9909331426044581
7.027095686297864
7.0629572126001383
7.0985161853227199
7.1337710812377928
7.1687203901426759
7.2033626149252177
7.2376962716282707
7.2717198895117132
7.3054320111174258
7.3388311923302325
7.3719160024400683
7.4046850242040563
7.4371368539064191
7.4692701014186369
7.5010833902593408
7.5325753576530241
7.5637446545890041
7.5945899458777779
7.6251099102102904
7.6553032402124259
7.6851686425027008
7.714704837746619
7.7439105607115888
7.772784560322064
7.8013255997116078
7.8295324562773825
7.857403921731736
7.8849388021529938
7.9121359180392039
7.9389941043566949
7.9655122105895089
7.9916891007907322
8.0175236536290218
8.0430147624384283
8.068161335264751
8.0929622949123239
8.117416578990575
8.1415231399596717
8.1652809451744162
8.188688976929642
8.2117462325029553
8.2344517241986264
8.2568044793888706
8.2788035405562148
8.3004479653335661
8.3217368265460525
8.3426692122502821
8.3632442257712061
8.3834609857452591
8.4033186261530037
8.4228162963587003
8.4419531611477581
8.460728400760825
8.4791412109279651
8.4971908029069319
8.5148764035126288
8.5321972551528109
8.5491526158599083
8.5657417593229983
8.5819639749180858
8.5978185677391679
8.6133048586286165
8.628422184205256
8.6431698968932
8.6575473649492061
8.6715539724918766
8.6851891195221764
8.6984522219573428
8.7113427116504187
8.7238600364153811
8.7360036600512281
8.7477730623654839
8.7591677391983485
8.7701872024368583
8.7808309800443176
8.7910986160791289
8.8009896707074322
8.810503720230237
8.8196403570975672
8.8283991899253333
8.836779843515048
8.8447819588683707
8.8524051931998944
8.8596492199558039
8.8665137288254758
8.8729984257580057
8.8791030329699048
8.8848272889596878
8.8901709485194171
8.8951337827436525
8.8997155790428071
8.9039161411461372
8.907735289116248
8.9111728593566273
8.9142287046065327
8.9169026939724301
8.9191947129004863
8.9211046632117128
8.9226324630950096
8.923778047103168
8.9245413661448261
8.9249223875404127
8.9249210949766642
8.9245374885070898
8.9237715845386205
8.9226234159013913
8.9210930317675867
8.9191804977071296
8.9168858956368346
8.9142093238516757
8.9111508970091062
8.9077107461189176
8.903889018550931
8.8996858780085404
8.895101504543792
8.8901360945375281
8.8847898606875138
8.8790630320135797
8.8729558538278326
8.8664685877473435
8.8596015116612197
8.8523549197332443
8.8447291223851625
8.8367244462770778
8.8283412343051033
8.8195798455784438
8.8104406554037435
8.8009240552761785
8.7910304528528407
8.7807602719445903
8.7701139524899432
8.7590919505433469
8.7476947382497947
8.7359228038285153
8.7237766515497874
8.7112568017136098
8.6983637906301325
8.6850981705924752
8.6714605098550113
8.6574513926100014
8.6430714189614353
8.6283212049004341
8.6132013822754967
8.5977125987705065
8.5818555178733895
8.5656308188484829
8.5490391967077475
8.5320813621815184
8.5147580416865285
8.4970699772965954
8.4790179267089201
8.4606026632136704
8.4418249756591539
8.42268566841995
8.4031855613592263
8.3833254897969471
8.3631063044726677
8.3425288715090105
8.3215940723743138
8.3003028038459608
8.278655977971292
8.256654522027862
8.2342993784850194
8.2115915049628665
8.1885318741905913
8.1651214739667282
8.1413613071143871
8.1172523914401165
8.0927957596899329
8.0679924595040617
8.0428435533736664
8.0173501185941802
7.9915132472194719
7.9653340460150179
7.9388136364105977
7.911953154452668
7.8847537507541992
7.8572165904480622
7.8293428531336682
7.8011337328298334
7.7725904379208632
7.7437141911067586
7.7145062293497864
7.6849678038218148
7.6551001798507636
7.6249046368660611
7.5943824683442998
7.563534981753806
7.5323634984980261
7.5008693538596711
7.4690538969429552
7.4369184906163355
7.4044645114534413
7.3716933496749384
7.3386064090882712
7.3052051070276338
7.2714908742940683
7.2374651550928064
7.2031294069721978
7.1684851007618962
7.1335337205083125
7.0982767634124917
7.0627157397651468
7.0268521728818021
6.9906875990386004
6.9542235674055481
6.9174616399804325
6.8804033915215772
6.843050409481239
6.8054042939367125
6.7674666575225277
6.7292391253605546
6.6907233349911586
6.651920936302461
6.6128335914601308
6.5734629748360094
6.5338107729363397
6.4938786843292489
6.4536684195725345
6.413181701140406
6.3724202633487712
6.3313858522822848
6.290080225718186
6.2485051530522977
6.2066624152223566
6.1645538046317911
6.1221811250736602
6.0795461916520841
6.036650830706181
5.993496879730122
5.9500861872956321
5.9064206129723091
5.862502027248107
5.818332311448831
5.7739133576584134
5.7292470686367309
5.6843353577389948
5.6391801488335496
5.5937833762191396
5.5481469845424911
5.5022729287147003
5.4561631738275613
5.4098196950695847
5.3632444776411541
5.3164395166696412
5.2694068171236594
5.222148393727494
5.1746662708749795
5.1269624825419458
5.0790390721999819
5.0308980927286076
4.9825416063269969
4.933971684426214
4.8851904075999695
4.8361998654758391
4.7870021566455652
4.7375993885753598
4.68799367751524
4.6381871484088606
4.5881819348021189
4.5379801787518979
4.487584030734487
4.436995649552987
4.3862172022453034
4.3352508639911962
4.2840988180188475
4.2327632555117809
4.1812463755145561
4.129550384838848
4.0776774979688959
