-0.0 0.0
-0.0 0.0
-0.0 0.0
-0.0 0.0
-0.0 0.0
-0.0 0.0
-0.0 0.0
-0.0 0.0
-0.0 0.0
-0.0 0.0
-0.0 0.0
-0.0 0.0
-0.0 0.0
-0.0 0.0
-0.0 0.0
-0.0 0.0
-0.0 0.0
-0.0 0.0
-0.0 0.0
-0.0 0.0
-0.0 0.0
-0.0 0.0
-0.0 0.0
-0.0 0.0
-0.0 0.0
-0.0 0.0
-0.0 0.0
-0.0 0.0
-0.0 0.0
-0.0 0.0
-0.0 0.0
-0.0 0.0
-0.0 0.0
-0.0 0.0
-0.0 0.0
-0.0 0.0
-0.0 0.0
-0.0 0.0
-0.0 0.0
-0.0 0.0
-0.0 0.0
-0.0 0.0
-0.0 0.0
-0.0 0.0
-0.0 0.0
-0.0 0.0
-0.0 0.0
-0.0 0.0
-0.0207891320969 -4.33106918685e-07
-0.0206990138405 -1.29744329238e-06
-0.0206053964921 -2.15795184098e-06
-0.0205080535935 -3.01448205109e-06
-0.0204066935706 -3.86687261701e-06
-0.0203008869032 -4.71494721022e-06
-0.020189977015 -5.55850687518e-06
-0.0200729713047 -6.39731829851e-06
-0.0199484135767 -7.2310971502e-06
-0.0198142393306 -8.05948575244e-06
-0.0196676156687 -8.88202439826e-06
-0.0195047680127 -9.69811572495e-06
-0.0193207964438 -1.05069816511e-05
-0.0191094853528 -1.13076125219e-05
-0.0188631112804 -1.20987082851e-05
-0.0185722554033 -1.28786117577e-05
-0.0182256291575 -1.36452343527e-05
-0.0178099240152 -1.43959750438e-05
-0.0173096994688 -1.51276338664e-05
-0.0167073267831 -1.58363219133e-05
-0.0159830099225 -1.65173705946e-05
-0.0151149090173 -1.71652439059e-05
-0.0140793954118 -1.77734585815e-05
-0.0128514701678 -1.83345182811e-05
0.0093410872162 -1.84076512592e-05
0.0108133689862 -1.7987766755e-05
0.0124457990734 -1.75032007538e-05
0.0142284244377 -1.6947487764e-05
0.0161449471017 -1.63147091902e-05
0.0181731135938 -1.55997495924e-05
0.0202846167454 -1.4798546877e-05
0.022445256215 -1.39083411903e-05
0.0246154059894 -1.29279107277e-05
0.0267508230514 -1.1857780956e-05
0.0288038105076 -1.07003927569e-05
0.0307247213841 -9.46021500915e-06
0.0324637577254 -8.14378836104e-06
0.0339729863675 -6.75968952577e-06
0.0352084615486 -5.31840936085e-06
0.0361323196791 -3.83214308527e-06
0.0367146973898 -2.31449689634e-06
0.0369353239019 -7.80121452761e-07
0.0367846547268 7.55711435336e-07
0.0362644454569 2.27756768916e-06
0.0353877092293 3.77032091179e-06
0.0341780543645 5.21960765333e-06
0.0326684531564 6.61224322669e-06
0.0308995417937 7.93657645481e-06
0.0289175886597 9.18276667259e-06
0.0267722893972 1.03429724654e-05
0.0245145503685 1.14114482939e-05
0.0221944084676 1.2384551603e-05
0.019859208038 1.32606686135e-05
0.0175521198238 1.40400712773e-05
0.0153110478876 1.47247206046e-05
0.0131679332686 1.5318032712e-05
0.0111484316833 1.58246236485e-05
0.00927191913421 1.62500476239e-05
0.00755176468531 1.66005410368e-05
0.0059958034263 1.68827820391e-05
0.00460694340432 1.71036725981e-05
0.00338384624048 1.72701473824e-05
0.00232163035415 1.73890114781e-05
0.00141255647221 1.7466807037e-05
0.000646666023716 1.75097075056e-05
1.23531364315e-05 1.75234370715e-05
-0.00050314033091 1.75132123383e-05
-0.000913310236662 1.74837029514e-05
-0.00123205424299 1.74390078581e-05
-0.00147340889767 1.73826440427e-05
-0.0016513515938 1.73175448658e-05
-0.00177965788166 1.72460655017e-05
-0.00187180400143 1.71699933791e-05
-0.00194090447068 1.70905619526e-05
-0.00199967489949 1.70084665491e-05
-0.00206041077147 1.6923881431e-05
-0.00213497361217 1.68364775896e-05
-0.00223477670247 1.67454411247e-05
-0.00237076325204 1.66494923757e-05
-0.00255337072508 1.65469062512e-05
-0.00279247582926 1.64355344479e-05
-0.00309731557972 1.63128304603e-05
-0.00347638088577 1.61758784506e-05
-0.00393728033832 1.60214271751e-05
-0.00448657335792 1.58459302231e-05
-0.0051295736477 1.56455938271e-05
-0.00587012601033 1.54164334176e-05
-0.00671036203482 1.51543399166e-05
-0.00765044289499 1.48551564806e-05
-0.00868830043195 1.45147659946e-05
-0.00981939066161 1.41291890968e-05
-0.0110364766308 1.36946918616e-05
-0.0123294598531 1.32079015182e-05
-0.0136852810484 1.26659277494e-05
-0.0150879112151 1.20664862439e-05
-0.0165184528197 1.14080203265e-05
-0.0179553677915 1.06898157304e-05
-0.0193748438636 9.91210298761e-06
-0.0207513035996 9.07614158213e-06
-0.0220580514001 8.18428001963e-06
-0.0232680433814 7.23998637835e-06
-0.0243547540269 6.24784476568e-06
-0.025293102914 5.21351441274e-06
-0.0260603957866 4.14364985648e-06
-0.0266372279442 3.04578269542e-06
-0.0270082954036 1.92816762568e-06
-0.0271630612966 7.99597694423e-07
-0.0270962317683 -3.30804244431e-07
-0.0268080069428 -1.45380921758e-06
-0.0263040874499 -2.56031118409e-06
-0.0255954341585 -3.6415512176e-06
-0.0246977964013 -4.68932685426e-06
-0.023631040262 -5.69617761808e-06
-0.0224183217252 -6.65553932615e-06
-0.0210851583863 -7.56186182847e-06
-0.0196584572653 -8.41068715454e-06
-0.0181655549934 -9.19868740993e-06
-0.0166333208118 -9.92366398921e-06
-0.0150873634547 -1.05845115781e-05
-0.0135513714201 -1.1181151888e-05
-0.0120466037534 -1.17144430374e-05
-0.0105915365578 -1.21860709606e-05
-0.00920166002826 -1.25984292228e-05
-0.00788941253823 -1.29544932346e-05
-0.00666423252335 -1.32576941734e-05
-0.0055327055902 -1.35117970507e-05
-0.00449878319088 -1.37207864004e-05
-0.00356404993794 -1.38887620905e-05
-0.00272801871222 -1.40198468541e-05
-0.00198843565801 -1.41181063201e-05
-0.00134158053426 -1.41874816575e-05
-0.000782551344155 -1.42317344049e-05
-0.00030552543697 -1.42544026712e-05
9.6007807296e-05 -1.42587676218e-05
0.000429045132756 -1.42478290189e-05
0.000700898838247 -1.42242885195e-05
0.000919056401191 -1.4190539452e-05
0.00109106811657 -1.41486618579e-05
0.00122445983975 -1.41004216921e-05
0.00132666748401 -1.40472732062e-05
0.00140498971559 -1.39903636812e-05
0.00146655525017 -1.39305398278e-05
0.00151830123513 -1.38683553177e-05
0.00156695935944 -1.38040790553e-05
0.00161904653768 -1.37377039324e-05
0.00168085724463 -1.3668955937e-05
0.00175845482032 -1.35973036023e-05
0.00185765931628 -1.35219678911e-05
0.00198402971466 -1.3441932703e-05
0.00214283862844 -1.33559562791e-05
0.00233903789473 -1.32625838516e-05
0.0025772138164 -1.31601619409e-05
0.00286153120595 -1.3046854753e-05
0.00319566585297 -1.29206631476e-05
0.00358272558644 -1.27794466593e-05
0.00402516074286 -1.26209490274e-05
0.00452466558388 -1.24428276456e-05
0.00508207302612 -1.22426872579e-05
0.00569724593266 -1.20181181129e-05
0.00636896914068 -1.17667386322e-05
0.00709484731551 -1.1486242456e-05
0.00787121456732 -1.11744495001e-05
0.00869306246671 -1.08293603953e-05
0.00955399356152 -1.04492133947e-05
0.0104462076356 -1.00325425364e-05
0.0113605276682 -9.57823555091e-06
0.0122864716688 -9.08558973139e-06
0.0132123752174 -8.5543637546e-06
0.0141255676162 -7.9848232789e-06
0.0150126020761 -7.37777807697e-06
0.0158595374112 -6.73460850432e-06
0.016652265437 -6.05727927832e-06
0.0173768748796 -5.34833885505e-06
0.0180200393505 -4.61090314193e-06
0.0185694141312 -3.84862286106e-06
0.01901402442 -3.06563455791e-06
0.0193446266085 -2.26649599482e-06
0.0195540242562 -1.45610743513e-06
0.0196373218533 -6.39621057851e-07
0.0195921021627 1.77658609149e-07
0.0194185167987 9.90379837512e-07
0.019119284437 1.79325069659e-06
0.0186995963075 2.58114404543e-06
0.0181669339549 3.34919675923e-06
0.0175308092117 4.09289974187e-06
0.0168024405085 4.80817577771e-06
0.0159943827077 5.49144292804e-06
0.015120129396 6.1396619302e-06
0.014193706918 6.75036685341e-06
0.0132292784696 7.32167904899e-06
0.0122407744611 7.85230515171e-06
0.0112415624026 8.34152050304e-06
0.0102441660672 8.78913984616e-06
0.00926003999822 9.19547747252e-06
0.00829940183924 9.56129917747e-06
0.00737112173454 9.88776841859e-06
0.00648266535353 1.01763889829e-05
0.00564008503137 1.04289462826e-05
0.00484805212594 1.06474491401e-05
0.00410992293557 1.08340736205e-05
0.00342783032984 1.09911101469e-05
0.00280279351532 1.11209148103e-05
0.0022348389755 1.12258654872e-05
0.00172312647566 1.13083231008e-05
0.00126607500568 1.13705981316e-05
0.00086148455924 1.14149222892e-05
0.000506650648353 1.1443425106e-05
0.000198469377255 1.14581151066e-05
-6.64682808968e-05 1.14608651294e-05
-0.000291793665265 1.14534013389e-05
-0.000481289158395 1.14372954467e-05
-0.00063882811319 1.14139596702e-05
-0.000768325288303 1.13846439744e-05
-0.000873696869087 1.13504351794e-05
-0.000958828998376 1.13122575572e-05
-0.00102755365528 1.12708745852e-05
-0.00108363068615 1.12268915781e-05
-0.00113073479677 1.11807589639e-05
-0.0011724463475 1.11327760234e-05
-0.00121224484499 1.10830949569e-05
-0.00125350408769 1.10317251874e-05
-0.00129948799369 1.09785378524e-05
-0.00135334621521 1.09232704731e-05
-0.00141810872238 1.08655318285e-05
-0.00149667862128 1.08048070922e-05
-0.00159182255699 1.07404633177e-05
-0.00170615814518 1.06717553864e-05
-0.0018421379776 1.05978325505e-05
-0.00200202986091 1.05177457205e-05
-0.00218789307799 1.04304556593e-05
-0.00240155060935 1.03348422491e-05
-0.00264455742164 1.02297149985e-05
-0.00291816512202 1.01138249455e-05
-0.00322328349199 9.98587809935e-06
-0.00356043964905 9.84455053392e-06
-0.00392973583646 9.6885052113e-06
-0.00433080710258 9.51641056674e-06
-0.00476278039242 9.32696082726e-06
-0.00522423682149 9.11889796863e-06
-0.00571317912082 8.8910351365e-06
-0.00622700641184 8.64228127124e-06
-0.00676249857188 8.37166658408e-06
-0.00731581246228 8.07836843753e-06
-0.00788249219241 7.76173709056e-06
-0.0084574953659 7.4213206831e-06
-0.00903523688742 7.05688876115e-06
-0.00960965139431 6.66845358862e-06
-0.0101742747214 6.25628846121e-06
-0.0107223440244 5.82094223734e-06
-0.0112469153065 5.36324933461e-06
-0.0117409961536 4.88433451253e-06
-0.0121976905383 4.38561187311e-06
-0.0126103516619 3.86877766061e-06
-0.0129727380358 3.33579662524e-06
-0.0132791674179 2.78888192828e-06
-0.0135246628813 2.23046879705e-06
-0.0137050852469 1.66318237771e-06
-0.013817246385 1.08980046871e-06
-0.013858998487 5.13212033879e-07
-0.0138292953176 -6.36274203836e-08
-0.0137282226196 -6.37742377408e-07
-0.0135569962018 -1.20618443619e-06
-0.0133179277024 -1.76607868419e-06
-0.013014359493 -2.31466800076e-06
-0.0126505715698 -2.84935406457e-06
-0.0122316644837 -3.36773398235e-06
-0.0117634233038 -3.86763164459e-06
-0.0112521682535 -4.34712313537e-06
-0.0107045979551 -4.80455576471e-06
-0.0101276311883 -5.23856053853e-06
-0.00952825272166 -5.64805811999e-06
-0.00891336816816 -6.03225855519e-06
-0.00828967200206 -6.39065522541e-06
-0.00766353193318 -6.72301364072e-06
-0.00704089182886 -7.02935580243e-06
-0.00642719437834 -7.30994093175e-06
-0.00582732376271 -7.56524339302e-06
-0.00524556777249 -7.79592863334e-06
-0.00468559813469 -8.00282792307e-06
-0.00415046728856 -8.18691261939e-06
-0.00364261948712 -8.34926859388e-06
-0.00316391389253 -8.49107137262e-06
-0.0027156572622 -8.61356243835e-06
-0.0022986438668 -8.7180270452e-06
-0.00191320041841 -8.80577380114e-06
-0.00155923399143 -8.87811618468e-06
-0.00123628116754 -8.93635608383e-06
-0.000943556908274 -8.98176937707e-06
-0.000680001937504 -9.01559351969e-06
-0.000444327686102 -9.03901705352e-06
-0.000235058104205 -9.05317092415e-06
-5.05678736537e-05 -9.05912146536e-06
0.000110883248071 -9.05786489506e-06
0.000251120053108 -9.05032315961e-06
0.000372025440654 -9.03734096183e-06
0.000475517760419 -9.01968381181e-06
0.000563531712866 -8.99803694778e-06
0.000638002516832 -8.97300498466e-06
0.000700853014483 -8.94511216109e-06
0.000753983359211 -8.91480306997e-06
0.000799262920712 -8.88244377247e-06
0.000838524040455 -8.84832321078e-06
0.000873557277375 -8.81265484999e-06
0.000906107795965 -8.7755784943e-06
0.000937872565286 -8.73716223677e-06
0.000970498056465 -8.69740451549e-06
0.00100557814715 -8.65623626125e-06
0.00104465196352 -8.61352313394e-06
0.00108920141364 -8.56906785525e-06
0.0011406481899 -8.52261265518e-06
0.00120035004387 -8.47384185864e-06
0.00126959616329 -8.42238464599e-06
0.00134960151017 -8.36781802779e-06
0.00144150001013 -8.30967007945e-06
0.00154633651801 -8.24742348512e-06
0.00166505752305 -8.18051944259e-06
0.00179850059978 -8.1083619817e-06
0.001947382658 -8.03032274716e-06
0.00211228709747 -7.94574629393e-06
0.00229365002953 -7.85395593711e-06
0.00249174578853 -7.7542601909e-06
0.00270667202014 -7.64595981989e-06
0.00293833469914 -7.52835551324e-06
0.00318643349459 -7.40075617587e-06
0.00345044796349 -7.26248781216e-06
0.00372962511086 -7.11290295644e-06
0.00402296890229 -6.95139058117e-06
0.00432923235007 -6.77738638841e-06
0.00464691281192 -6.5903833642e-06
0.00497425113792 -6.38994244858e-06
0.00530923527327 -6.17570314835e-06
0.00564960886738 -5.94739389542e-06
0.00599288535258 -5.7048419325e-06
0.00633636783624 -5.44798249107e-06
0.00667717499882 -5.17686701534e-06
0.00701227301019 -4.89167018182e-06
0.0073385132709 -4.59269546763e-06
0.00765267556152 -4.28037903362e-06
0.00795151594928 -3.95529171048e-06
0.00823181856815 -3.61813890803e-06
0.00849045016807 -3.26975830936e-06
0.0087244161334 -2.91111526141e-06
0.00893091651321 -2.54329583127e-06
0.00910740049796 -2.16749756021e-06
0.00925161772862 -1.78501801382e-06
0.00936166484268 -1.39724129359e-06
0.00943602575029 -1.00562273957e-06
0.0094736042927 -6.1167211367e-07
0.0094737481598 -2.16935604243e-07
0.0094362632241 1.77022966255e-07
0.00936141777369 5.68641320375e-07
0.00924993647873 9.56377867301e-07
0.0091029842885 1.33873038328e-06
0.00892214080957 1.71425382283e-06
0.00870936604178 2.08157688223e-06
0.00846695863192 2.4394169796e-06
0.00819750803063 2.7865933684e-06
0.00790384209795 3.12203816275e-06
0.0075889717902 3.44480511875e-06
0.00725603457639 3.75407608472e-06
0.00690823817845 4.04916510045e-06
0.00654880611405 4.32952018988e-06
0.00618092635416 4.59472294963e-06
0.00580770420182 4.84448608621e-06
0.00543212026727 5.07864909598e-06
0.00505699417142 5.29717231346e-06
0.00468495436675 5.50012957467e-06
0.00431841423365 5.68769975384e-06
0.00395955439966 5.86015743371e-06
0.00361031104606 6.01786296382e-06
0.00327236981515 6.16125214843e-06
0.00294716481404 6.29082578654e-06
0.00263588212779 6.4071392645e-06
0.00233946720363 6.51079237557e-06
0.00205863544645 6.60241951411e-06
0.00179388537003 6.68268036445e-06
0.00154551367353 6.75225117786e-06
0.00131363165462 6.81181670553e-06
0.00109818242473 6.86206283218e-06
0.000898958453572 6.90366993382e-06
0.000715619036581 6.93730696486e-06
0.000547707345699 6.96362626449e-06
0.000394666790025 6.98325905899e-06
0.000255856474839 6.996811627e-06
0.000130565604909 7.004862087e-06
1.80267294444e-05 7.00795776063e-06
-8.25722288368e-05 7.00661306273e-06
-0.00017207717943 7.00130786672e-06
-0.000251358291211 6.99248629442e-06
-0.000321301601498 6.98055587998e-06
-0.000382801746772 6.96588706023e-06
-0.000436755739177 6.94881294594e-06
-0.000484057701578 6.92962933259e-06
-0.000525594466427 6.90859491242e-06
-0.000562241939266 6.88593165397e-06
-0.000594862125874 6.86182531928e-06
-0.000624300722348 6.83642609328e-06
-0.000651385169291 6.80984930387e-06
-0.000676923074451 6.78217621545e-06
-0.000701700912262 6.7534548824e-06
-0.000726482913543 6.72370105269e-06
-0.000752010063941 6.69289911566e-06
-0.000778999135381 6.66100309068e-06
-0.000808141680825 6.62793765701e-06
-0.000840102928866 6.59359922764e-06
-0.000875520521264 6.55785707243e-06
-0.000915003043311 6.52055449816e-06
-0.000959128304142 6.48151009509e-06
-0.0010084413317 6.44051906101e-06
-0.00106345205517 6.39735461545e-06
-0.00112463265654 6.35176951729e-06
-0.0011924145821 6.30349769982e-06
-0.00126718521518 6.25225603738e-06
-0.00134928422203 6.19774625744e-06
-0.00143899959478 6.13965701125e-06
-0.00153656342775 6.07766611495e-06
-0.00164214747658 6.01144297111e-06
-0.00175585856363 5.9406511786e-06
-0.00187773390703 5.86495133547e-06
-0.0020077364651 5.78400403605e-06
-0.00214575040177 5.69747305965e-06
-0.00229157679199 5.60502874312e-06
-0.00244492969822 5.50635152457e-06
-0.00260543275945 5.40113564004e-06
-0.00277261644217 5.28909294833e-06
-0.002945916108 5.16995685354e-06
-0.00312467105363 5.04348628767e-06
-0.0033081246763 4.90946970997e-06
-0.00349542590971 4.76772907276e-06
-0.00368563206261 4.61812369833e-06
-0.00387771317288 4.46055400593e-06
-0.00407055796548 4.29496502388e-06
-0.00426298147173 4.12134961894e-06
-0.00445373433136 3.93975137304e-06
-0.00464151375738 3.75026703786e-06
-0.00482497609864 3.55304849919e-06
-0.00500275088696 3.34830418699e-06
-0.00517345620599 3.13629987255e-06
-0.00533571516972 2.91735880223e-06
-0.00548817325188 2.69186112678e-06
-0.00562951616437 2.46024259727e-06
-0.00575848794656 2.22299251163e-06
-0.00587390889918 1.98065091067e-06
-0.00597469297803 1.73380503823e-06
-0.00605986425627 1.48308509585e-06
-0.00612857206908 1.22915933907e-06
-0.00618010447365 9.72728577765e-07
-0.00621389968831 7.14520157724e-07
-0.00622955521846 4.55281513833e-07
-0.00622683443144 1.95773396127e-07
-0.00620567040604 -6.32371213203e-08
-0.00616616695311 -3.20983732969e-07
-0.00610859677811 -5.7670797737e-07
-0.00603339683269 -8.29666177595e-07
-0.00594116097666 -1.07913613196e-06
-0.00583263014144 -1.32442344692e-06
-0.00570868024867 -1.56486741338e-06
-0.00557030819087 -1.7998463392e-06
-0.00541861622272 -2.02878226448e-06
-0.00525479514089 -2.25114500123e-06
-0.00508010664663 -2.46645545513e-06
-0.00489586528822 -2.67428820378e-06
-0.00470342037118 -2.87427332168e-06
-0.00450413820282 -3.06609745864e-06
-0.00429938500734 -3.24950419218e-06
-0.00409051080831 -3.42429368834e-06
-0.00387883453065 -3.59032171624e-06
-0.00366563052516 -3.74749807157e-06
-0.00345211666812 -3.89578447143e-06
-0.00323944413748 -4.03519198821e-06
-0.00302868891876 -4.16577809355e-06
-0.00282084504817 -4.28764338453e-06
-0.00261681955954 -4.40092806385e-06
-0.00241742906622 -4.50580824356e-06
-0.00222339787953 -4.60249213826e-06
-0.00203535754152 -4.69121620953e-06
-0.00185384763298 -4.77224131733e-06
-0.00167931770564 -4.84584892856e-06
-0.00151213018166 -4.91233742621e-06
-0.00135256406217 -4.97201855629e-06
-0.00120081928964 -5.02521404278e-06
-0.00105702161522 -5.07225239497e-06
-0.000921227831396 -5.11346592511e-06
-0.000793431241778 -5.14918798913e-06
-0.000673567252283 -5.17975045776e-06
-0.000561518981874 -5.20548142097e-06
-0.000457122804754 -5.22670312486e-06
-0.00036017374986 -5.24373013641e-06
-0.000270430696889 -5.25686772905e-06
-0.000187621320788 -5.26641047942e-06
-0.00011144674842 -5.2726410642e-06
-4.15859018324e-05 -5.27582924441e-06
2.23004878474e-05 -5.27623102387e-06
8.05662034588e-05 -5.2740879678e-06
0.000133576202105 -5.26962666768e-06
0.000181703606874 -5.26305833833e-06
0.000225327019069 -5.25457853362e-06
0.000264828135965 -5.24436696789e-06
0.000300589655857 -5.23258743056e-06
0.000332993449806 -5.21938778253e-06
0.000362418977727 -5.20490002362e-06
0.000389241925397 -5.18924042147e-06
0.000413833038351 -5.17250969306e-06
0.000436557128495 -5.15479323125e-06
0.000457772229454 -5.13616136963e-06
0.000477828877198 -5.11666967991e-06
0.00049706949322 -5.09635929719e-06
0.000515827848455 -5.07525726924e-06
0.000534428587225 -5.05337692683e-06
0.000553186791694 -5.0307182731e-06
0.000572407568581 -5.00726839059e-06
0.000592385641276 -4.98300186539e-06
0.000613404931917 -4.95788122845e-06
0.000635738119488 -4.93185741488e-06
0.000659646161538 -4.90487024235e-06
0.000685377768752 -4.87684891047e-06
0.000713168823261 -4.84771252314e-06
0.000743241733347 -4.81737063654e-06
0.00077580471902 -4.78572383545e-06
0.00081105102487 -4.75266434079e-06
0.000849158058604 -4.71807665155e-06
0.000890286455804 -4.68183822417e-06
0.000934579073643 -4.6438201923e-06
0.000982159918634 -4.60388812996e-06
0.00103313301586 -4.56190286049e-06
0.00108758122967 -4.51772131371e-06
0.00114556504829 -4.47119743292e-06
0.00120712134759 -4.42218313301e-06
0.00127226215142 -4.37052931011e-06
0.00134097340908 -4.3160869026e-06
0.0014132138123 -4.25870800216e-06
0.00148891367691 -4.1982470128e-06
0.00156797391623 -4.13456185461e-06
0.00165026513506 -4.0675152077e-06
0.00173562687455 -3.99697579084e-06
0.00182386703937 -3.92281966763e-06
0.00191476153883 -3.84493157225e-06
0.00200805417369 -3.76320624491e-06
0.0021034567993 -3.6775497663e-06
0.00220064979436 -3.58788087894e-06
0.0022992828619 -3.49413228193e-06
0.00239897618611 -3.3962518851e-06
0.00249932196414 -3.29420400697e-06
0.00259988632723 -3.1879705009e-06
0.00270021165948 -3.07755179284e-06
0.00279981931594 -2.96296781419e-06
0.00289821273433 -2.84425881314e-06
0.00299488092666 -2.72148602853e-06
0.00308930232884 -2.59473221071e-06
0.0031809489775 -2.46410197516e-06
0.00326929097483 -2.32972197616e-06
0.00335380119384 -2.19174088931e-06
0.00343396016831 -2.05032919426e-06
0.00350926110488 -1.90567875107e-06
0.00357921494812 -1.75800216663e-06
0.00364335542477 -1.60753195053e-06
0.00370124398964 -1.45451946273e-06
0.00375247459393 -1.29923365891e-06
0.00379667819655 -1.14195964244e-06
0.00383352694097 -9.82997035408e-07
0.00386273792358 -8.22658184063e-07
0.00388407648571 -6.61266217203e-07
0.00389735896826 -4.99152978578e-07
0.00390245487745 -3.36656856793e-07
0.00389928842062 -1.74120538083e-07
0.00388783938251 -1.18887088513e-08
0.00386814332517 1.49694264225e-07
0.00384029110765 3.10286648242e-07
0.00380442773474 4.69551624125e-07
0.00376075055682 6.271595052e-07
0.00370950685556 7.82789867958e-07
0.00365099086095 9.36133570385e-07
0.00358554025592 1.08689463532e-06
0.00351353223282 1.23479197883e-06
0.00343537917311 1.37956096646e-06
0.00335152402674 1.52095478312e-06
0.00326243547042 1.65874560598e-06
0.00316860292552 1.79272557256e-06
0.00307053151509 1.92270754007e-06
0.00296873703754 2.04852563492e-06
0.00286374102987 2.17003559466e-06
0.00275606598801 2.28711490753e-06
0.0026462308053 2.39966275739e-06
0.00253474648211 2.50759978421e-06
0.00242211215182 2.61086767242e-06
0.00230881145922 2.70942858098e-06
0.00219530931924 2.80326443053e-06
0.00208204907451 2.89237606374e-06
0.00196945006269 2.97678229576e-06
0.00185790559595 3.05651887198e-06
0.00174778134833 3.13163734999e-06
0.00163941413985 3.20220392266e-06
0.00153311110101 3.26829819851e-06
0.00142914919617 3.3300119547e-06
0.00132777508092 3.38744787714e-06
0.00122920526532 3.44071830102e-06
0.00113362655292 3.4899439639e-06
0.00104119672424 3.53525278218e-06
0.000952045432832 3.57677866045e-06
0.000866275282101 3.61466034201e-06
0.000783963051992 3.6490403073e-06
0.000705161045558 3.680063726e-06
0.000629898527232 3.7078774671e-06
0.00055818322643 3.7326291703e-06
0.000490002882261 3.7544663809e-06
0.000425326807402 3.77353574944e-06
0.000364107451586 3.7899822965e-06
0.000306281947513 3.80394874231e-06
0.000251773624412 3.81557490006e-06
0.000200493476761 3.82499713134e-06
0.000152341577877 3.83234786164e-06
0.000107208430198 3.83775515348e-06
6.49762459593e-05 3.84134233423e-06
2.55201537938e-05 3.84322767589e-06
-1.1290671668e-05 3.84352412344e-06
-4.55919586526e-05 3.84233906864e-06
-7.752336577e-05 3.83977416604e-06
-0.00010722758733 3.83592518785e-06
-0.000134849534633 3.83088191448e-06
-0.000160535590632 3.8247280577e-06
-0.000184432934724 3.81754121343e-06
-0.000206688933913 3.80939284116e-06
-0.000227450596166 3.80034826762e-06
-0.000246864081524 3.79046671183e-06
-0.000265074266295 3.77980132959e-06
-0.00028222435554 3.76839927497e-06
-0.000298455539041 3.75630177716e-06
-0.000313906685909 3.74354423081e-06
-0.000328714073086 3.73015629833e-06
-0.000343011143107 3.71616202299e-06
-0.000356928286609 3.70157995154e-06
-0.000370592645284 3.68642326546e-06
-0.000384127931159 3.67069992012e-06
-0.000397654258335 3.65441279117e-06
-0.000411287983542 3.6375598278e-06
-0.000425141552147 3.62013421247e-06
-0.000439323346529 3.60212452708e-06
-0.000453937534014 3.5835149254e-06
-0.000469083911866 3.56428531195e-06
-0.000484857747163 3.54441152738e-06
-0.000501349609653 3.52386554078e-06
-0.000518645196081 3.502615649e-06
-0.000536825144759 3.48062668356e-06
-0.000555964839534 3.45786022556e-06
-0.000576134202649 3.43427482885e-06
-0.000597397476349 3.4098262522e-06
-0.000619812993491 3.38446770074e-06
-0.000643432937755 3.35815007718e-06
-0.000668303094463 3.33082224317e-06
-0.000694462593416 3.30243129134e-06
-0.00072194364552 3.27292282803e-06
-0.000750771275407 3.24224126718e-06
-0.000780963052624 3.21033013534e-06
-0.000812528824349 3.17713238791e-06
-0.000845470452993 3.1425907363e-06
-0.00087978156238 3.10664798598e-06
-0.000915447296549 3.06924738475e-06
-0.000952444095519 3.03033298075e-06
-0.000990739492656 2.98984998933e-06
-0.00103029193849 2.94774516784e-06
-0.001071050656 2.90396719712e-06
-0.00111295553261 2.8584670682e-06
-0.00115593705393 2.81119847264e-06
-0.00119991628476 2.76211819475e-06
-0.00124480490207 2.71118650336e-06
-0.00129050528527 2.65836754112e-06
-0.00133691066808 2.60362970876e-06
-0.00138390535657 2.54694604158e-06
-0.00143136501691 2.48829457547e-06
-0.00147915703621 2.42765869936e-06
-0.0015271409589 2.36502749113e-06
-0.00157516900048 2.30039603364e-06
-0.00162308663941 2.23376570781e-06
-0.0016707332871 2.16514445934e-06
-0.00171794303496 2.09454703597e-06
-0.0017645454761 2.02199519199e-06
-0.00181036659843 1.9475178571e-06
-0.00185522974453 1.87115126662e-06
-0.0018989566326 1.79293905043e-06
-0.00194136843141 1.71293227827e-06
-0.0019822868813 1.63118945925e-06
-0.00202153545199 1.54777649397e-06
-0.002058940527 1.46276657774e-06
-0.00209433260367 1.37624005419e-06
-0.00212754749694 1.28828421876e-06
-0.00215842753442 1.19899307227e-06
-0.00218682272996 1.1084670251e-06
-0.00221259192266 1.01681255317e-06
-0.00223560386813 9.24141807528e-07
-0.00225573826918 8.30572179667e-07
-0.0022728867335 7.36225825445e-07
-0.00228695364629 6.41229150866e-07
-0.00229785694711 5.45712263503e-07
-0.00230552880079 4.49808393755e-07
-0.00230991615382 3.53653290534e-07
-0.00231098116892 2.5738459631e-07
-0.00230870153213 1.61141206705e-07
-0.00230307062821 6.50626200312e-08
-0.00229409758225 -3.07117176866e-08
-0.00228180716684 -1.26043066626e-07
-0.00226623957628 -2.20794040441e-07
-0.00224745007066 -3.14829241419e-07
-0.00222550849498 -4.08015878203e-07
-0.00220049867947 -5.00224361004e-07
-0.00217251772928 -5.9132886952e-07
-0.00214167521275 -6.81207889145e-07
-0.00210809225884 -7.6974471147e-07
-0.00207190057511 -8.56827895511e-07
-0.00203324139866 -9.42351686631e-07
-0.00199226439268 -1.02621639062e-06
-0.0019491265019 -1.10832870092e-06
-0.00190399078009 -1.18860197763e-06
-0.00185702520281 -1.26695647727e-06
-0.00180840147826 -1.34331953313e-06
-0.00175829386855 -1.41762568619e-06
-0.00170687803306 -1.48981676747e-06
-0.00165432990476 -1.55984193284e-06
-0.0016008246094 -1.62765765189e-06
-0.00154653543637 -1.69322765284e-06
-0.0014916328691 -1.75652282587e-06
-0.00143628368141 -1.81752108734e-06
-0.00138065010531 -1.8762072079e-06
-0.00132488907434 -1.93257260747e-06
-0.00126915154543 -1.98661512038e-06
-0.00121358190119 -2.03833873386e-06
-0.00115831743328 -2.08775330332e-06
-0.00110348790672 -2.13487424791e-06
-0.0010492152038 -2.17972222938e-06
-0.000995613045656 -2.22232281791e-06
-0.000942786788646 -2.26270614779e-06
-0.000890833292176 -2.30090656614e-06
-0.000839840853898 -2.33696227752e-06
-0.00078988920794 -2.37091498714e-06
-0.000741049581381 -2.40280954525e-06
-0.000693384803993 -2.43269359494e-06
-0.000646949466086 -2.46061722557e-06
-0.000601790119237 -2.4866326336e-06
-0.000557945514711 -2.51079379264e-06
-0.000515446874405 -2.53315613408e-06
-0.000474318189338 -2.55377623957e-06
-0.000434576540848 -2.57271154645e-06
-0.000396232439912 -2.59002006688e-06
-0.000359290180262 -2.60576012147e-06
-0.00032374820123 -2.61999008775e-06
-0.000289599456625 -2.63276816396e-06
-0.000256831786186 -2.64415214818e-06
-0.000225428286556 -2.65419923303e-06
-0.000195367678994 -2.66296581565e-06
-0.000166624671402 -2.67050732295e-06
-0.000139170312553 -2.67687805178e-06
-0.00011297233669 -2.68213102364e-06
-8.79954970071e-05 -2.68631785351e-06
-6.42018867488e-05 -2.68948863234e-06
-4.15512469552e-05 -2.69169182262e-06
-2.00012601161e-05 -2.69297416652e-06
4.92170788276e-07 -2.69338060588e-06
1.99746581753e-05 -2.69295421361e-06
3.84930808103e-05 -2.69173613571e-06
5.60953497907e-05 -2.68976554341e-06
7.28301893929e-05 -2.68707959468e-06
8.87469324832e-05 -2.68371340464e-06
0.000103895330088 -2.67970002417e-06
0.000118325374623 -2.67507042615e-06
0.000132087136218 -2.66985349884e-06
0.000145230611483 -2.66407604577e-06
0.000157805584053 -2.65776279169e-06
0.000169861496181 -2.65093639419e-06
0.000181447330625 -2.6436174603e-06
0.000192611502088 -2.63582456795e-06
0.000203401757428 -2.62757429171e-06
0.000213865083871 -2.61888123251e-06
0.000224047624483 -2.60975805109e-06
0.000233994600145 -2.60021550474e-06
0.00024375023732 -2.5902624873e-06
0.000253357700906 -2.57990607192e-06
0.000262859031521 -2.56915155666e-06
0.000272295086576 -2.55800251253e-06
0.000281705484554 -2.54646083397e-06
0.000291128551921 -2.53452679154e-06
0.000300601272176 -2.52219908687e-06
0.00031015923656 -2.5094749096e-06
0.000319836595996 -2.49634999643e-06
0.0003296660139 -2.48281869205e-06
0.000339678619522 -2.46887401219e-06
0.000349903961543 -2.45450770842e-06
0.00036036996172 -2.43971033502e-06
0.000371102868371 -2.42447131772e-06
0.000382127209617 -2.40877902443e-06
0.000393465746284 -2.39262083785e-06
0.000405139424466 -2.37598323013e-06
0.000417167327779 -2.35885183945e-06
0.000429566629405 -2.34121154868e-06
0.000442352544058 -2.3230465659e-06
0.000455538280083 -2.30434050706e-06
0.000469134991924 -2.28507648056e-06
0.000483151733263 -2.26523717379e-06
0.000497595411182 -2.24480494161e-06
0.000512470741734 -2.22376189676e-06
0.000527780207364 -2.20209000199e-06
0.000543524016667 -2.17977116399e-06
0.000559700066992 -2.15678732891e-06
0.000576303910463 -2.13312057938e-06
0.000593328723984 -2.10875323283e-06
0.000610765283862 -2.083667941e-06
0.000628601945668 -2.05784779038e-06
0.000646824630003 -2.03127640339e-06
0.00066541681481 -2.00393803996e-06
0.000684359534915 -1.97581769934e-06
0.000703631389446 -1.94690122175e-06
0.000723208557782 -1.91717538951e-06
0.00074306482466 -1.88662802738e-06
0.000763171615027 -1.85524810155e-06
0.000783498039221 -1.82302581709e-06
0.000804010948965 -1.78995271317e-06
0.000824675004658 -1.7560217558e-06
0.000845452754335 -1.72122742749e-06
0.000866304724628 -1.68556581334e-06
0.000887189523951 -1.64903468316e-06
0.000908063958056 -1.61163356896e-06
0.000928883158006 -1.57336383737e-06
0.000949600720495 -1.53422875657e-06
0.00097016886033 -1.49423355697e-06
0.000990538574799 -1.4533854854e-06
0.00101065981948 -1.41169385219e-06
0.00103048169497 -1.36917007064e-06
0.00104995264382 -1.32582768858e-06
0.00106902065691 -1.28168241148e-06
0.00108763348835 -1.23675211679e-06
0.0011057388778 -1.19105685916e-06
0.00112328477905 -1.14461886631e-06
0.00114021959366 -1.09746252521e-06
0.00115649240817 -1.04961435851e-06
0.00117205323346 -1.00110299097e-06
0.00118685324472 -9.51959106011e-07
0.00120084502039 -9.02215392154e-07
0.00121398277839 -8.5190647968e-07
0.00122622260795 -8.01068867464e-07
0.00123752269537 -7.49740840312e-07
0.00124784354188 -6.97962377035e-07
0.00125714817203 -6.45775049662e-07
0.00126540233088 -5.93221914185e-07
0.0012725746684 -5.40347393367e-07
0.00127863690965 -4.87197152157e-07
0.00128356400915 -4.33817966349e-07
0.00128733428836 -3.80257585151e-07
0.00128992955492 -3.26564588416e-07
0.00129133520275 -2.72788239298e-07
0.00129154029203 -2.18978333157e-07
0.00129053760856 -1.65185043561e-07
0.00128832370176 -1.11458766263e-07
0.00128489890118 -5.7849962035e-08
0.00128026731133 -4.40899927414e-09
0.00127443678485 4.88140027296e-08
0.00126741887433 1.01769328963e-07
0.00125922876332 1.54407821414e-07
0.00124988517691 2.06681028502e-07
0.00123941027303 2.58541350376e-07
0.00122782951511 3.09942179295e-07
0.00121517152757 3.60838034351e-07
0.00120146793506 4.11184689823e-07
0.00118675318715 4.60939296535e-07
0.00117106436979 5.10060495638e-07
0.00115444100515 5.58508524282e-07
0.00113692484157 6.06245312756e-07
0.0011185596352 6.53234572688e-07
0.00109939092521 6.9944187603e-07
0.00107946580418 7.44834724559e-07
0.00105883268543 7.89382609759e-07
0.00103754106913 8.33057062979e-07
0.00101564130862 8.75831695849e-07
0.000993184378746 9.17682231002e-07
0.000970221647623 9.58586523218e-07
0.000946804653318 9.98524571155e-07
0.000922984886771 1.03747851991e-06
0.000898813582204 1.07543265468e-06
0.000874341516121 1.11237338589e-06
0.000849618815902 1.14828922614e-06
0.00082469477887 1.18317075937e-06
0.000799617702558 1.21701060273e-06
0.0007744347268 1.24980336167e-06
0.000749191688131 1.28154557865e-06
0.000723932986857 1.31223567605e-06
0.000698701467022 1.34187389384e-06
0.000673538309418 1.37046222251e-06
0.000648482937628 1.39800433183e-06
0.000623572937015 1.42450549588e-06
0.000598843986474 1.44997251512e-06
0.000574329802665 1.47441363573e-06
0.000550062096374 1.49783846696e-06
0.000526070540565 1.52025789689e-06
0.000502382749649 1.54168400711e-06
0.000479024269418 1.56212998667e-06
0.00045601857706 1.58161004597e-06
0.000433387090643 1.60013933072e-06
0.000411149187403 1.61773383651e-06
0.000389322230192 1.63441032438e-06
0.000367921601388 1.65018623753e-06
0.000346960743607 1.66507961972e-06
0.000326451206511 1.67910903535e-06
0.000306402699066 1.69229349171e-06
0.000286823146572 1.7046523635e-06
0.000267718751841 1.71620531972e-06
0.000249094059883 1.72697225329e-06
0.000230952025531 1.73697321341e-06
0.000213294083418 1.74622834068e-06
0.000196120219785 1.75475780533e-06
0.000179429045613 1.76258174835e-06
0.000163217870605 1.76972022578e-06
0.000147482777591 1.77619315595e-06
0.000132218696959 1.78202027e-06
0.00011741948073 1.78722106537e-06
0.000103077975972 1.79181476238e-06
