0.0 0.0
0.0 0.0
0.0 0.0
0.0 0.0
0.0 0.0
0.0 0.0
0.0 0.0
0.0 0.0
0.0 0.0
0.0 0.0
0.0 0.0
0.0 0.0
0.0 0.0
0.0 0.0
0.0 0.0
0.0 0.0
0.0 0.0
0.0 0.0
0.0 0.0
0.0 0.0
0.0 0.0
0.0 0.0
0.0 0.0
0.0 0.0
0.0 0.0
0.0 0.0
0.0 0.0
0.0 0.0
0.0 0.0
0.0 0.0
0.0 0.0
0.0 0.0
0.0 0.0
0.0 0.0
0.0 0.0
0.0 0.0
0.0 0.0
0.0 0.0
0.0 0.0
0.0 0.0
0.0 0.0
0.0 0.0
0.0 0.0
0.0 0.0
0.0 0.0
0.0 0.0
0.0 0.0
0.0 0.0
0.0 0.0
-0.0207891320844 -0.0427467413174
-0.0622772771161 -0.213612355424
-0.103581674775 -0.555582829944
-0.144695038613 -1.0717623848
-0.185609401472 -1.77278084313
-0.226315685806 -2.68341229873
-0.266802954299 -3.85124480225
-0.307057263912 -5.35730526798
-0.347060046844 -7.32852734961
-0.386785947868 -9.95192263072
-0.426200055211 -13.4902704795
-0.465254472298 -18.2990706191
-0.503884191708 -24.8443941567
-0.542002252289 -33.721111138
-0.579494187695 -45.6707524454
-0.616211812504 -61.5979684455
-0.651966443418 -82.5841667067
-0.686521721233 -109.896443652
-0.719586287107 -144.989379703
-0.750806676245 -189.496673253
-0.779760923659 -245.209002944
-0.80595352701 -314.03402548
-0.8288125732 -397.934179575
-0.826951983017 -497.459844891
-0.799916205468 -610.670347976
-0.768104546376 -735.36266089
-0.731099912915 -869.84136052
-0.688568623414 -1011.76332421
-0.640287000709 -1158.14568807
-0.58616603476 -1305.41871107
-0.526272898922 -1449.52963026
-0.46084725284 -1586.09911201
-0.390310299075 -1710.62594844
-0.315264841261 -1818.72890164
-0.23648513694 -1906.40805297
-0.154896125794 -1970.30287314
-0.0715425746171 -2007.92166662
0.0124502986681 -2017.81791924
0.0959222198631 -1999.6936607
0.17772605776 -1954.41777577
0.25677524949 -1883.95708566
0.332086926945 -1791.22831816
0.402817688537 -1679.88803174
0.468289772792 -1554.08369472
0.52800641618 -1418.19160897
0.581656259149 -1276.56614074
0.629107648391 -1133.32041454
0.670394449901 -992.152351854
0.705695468233 -856.222972411
0.735309749415 -728.087376088
0.759629962785 -609.673616691
0.779115775903 -502.30118664
0.79426873475 -406.729096891
0.80560971364 -323.22332063
0.813659566247 -251.634278112
0.818923232656 -191.476637615
0.82187725971 -142.005601352
0.8229604794 -102.285732091
0.822567457408 -71.250056949
0.821044258849 -47.7485554201
0.818686065955 -30.5861696085
0.815736207685 -18.5511872243
0.812386210978 -10.435291407
0.808776546826 -5.04680649413
0.804997813839 -1.21875497838
0.801092172044 2.18667033334
0.797054907204 6.27568337782
0.792836069076 12.1210934167
0.788342184984 20.7597789126
0.783438102578 33.1882403004
0.777949062191 50.3551573699
0.771663139409 73.1500327356
0.764334230881 102.387199211
0.755685779327 138.784725998
0.745415444298 182.938096912
0.733200920099 235.288970247
0.718707077572 296.089872501
0.701594558223 365.366320975
0.681529874207 442.878586158
0.658196964347 528.086041033
0.631310025584 620.117718614
0.600627285489 717.753201371
0.565965214085 819.418166844
0.52721250608 923.198679599
0.484343016827 1026.87753844
0.43742672912 1127.9945987
0.386637786699 1223.93101493
0.332258675167 1312.01491883
0.274679776034 1389.64340645
0.214393768438 1454.41320222
0.151984694631 1504.25039526
0.088111913268 1537.52859027
0.0234895979152 1553.16497179
-0.0411371533639 1550.68526147
-0.105018200968 1530.25125245
-0.167424636504 1492.64820669
-0.227673791469 1439.23340328
-0.2851514418 1371.85094923
-0.339329932464 1292.72106304
-0.389781325267 1204.31400874
-0.436185115839 1109.21949565
-0.478330516051 1010.02170351
-0.516113703355 909.188377998
-0.54953075836 808.980038227
-0.578667222954 711.382661436
-0.603685307569 618.064643356
-0.624809767849 530.356667548
-0.642313378744 449.251526156
-0.656502784485 375.419971942
-0.667705323129 309.23830497
-0.676257238325 250.823500097
-0.682493517115 200.072126813
-0.686739443249 156.699961878
-0.689303836881 120.279926677
-0.690473865219 90.2767019374
-0.690511252568 66.0770202059
-0.689649688143 47.0151768954
-0.688093220883 32.3937220777
-0.686015436971 21.4996016963
-0.683559233082 13.6162225068
-0.680837022504 8.03203851049
-0.67793123904 4.04631757009
-0.674895032693 0.972763438655
-0.671753080013 -1.85834417724
-0.668502459652 -5.09885894488
-0.66511356961 -9.38173346037
-0.661531086592 -15.319692004
-0.657674989666 -23.503108772
-0.653441689963 -34.4966414267
-0.648705325186 -48.8342289325
-0.643319291964 -67.0121343013
-0.637118099778 -89.4798031224
-0.629919636734 -116.628423996
-0.621527938544 -148.777223011
-0.611736546543 -186.157705181
-0.60033252708 -228.89627203
-0.587101201839 -276.995892176
-0.571831605614 -330.317770312
-0.554322644397 -388.564231168
-0.534389872739 -451.26428228
-0.511872746903 -517.763508333
-0.486642142457 -587.220040463
-0.458607856191 -658.608294669
-0.427725749016 -730.731947443
-0.39400413596 -802.247189252
-0.357508999815 -871.696663616
-0.31836760395 -937.553685226
-0.276770113662 -998.275391318
-0.232968907737 -1052.36250488
-0.187275372246 -1098.42248956
-0.140054112134 -1135.23217959
-0.0917146827612 -1161.79559069
-0.0427011192104 -1177.39264796
0.00652029150794 -1181.61504433
0.0554744091034 -1174.38634492
0.103691124691 -1155.96469427
0.15071900274 -1126.92792332
0.196137968018 -1088.14231975
0.239570400771 -1040.71763975
0.280690129394 -985.951949483
0.319228971886 -925.270485246
0.354980657517 -860.162870935
0.387802139439 -792.122753877
0.41761247039 -722.593291513
0.444389543916 -652.921056455
0.468165094588 -584.319953097
0.489018399902 -517.845775865
0.50706913617 -454.381185048
0.52246981673 -394.63019655
0.535398191435 -339.120808449
0.546049920817 -288.214121072
0.554631765032 -242.118226407
0.561355454291 -200.905210595
0.566432339411 -164.529787453
0.570068862224 -132.848319505
0.572462837869 -105.637249265
0.573800504898 -82.6102287562
0.574254274224 -63.433479179
0.573981092912 -47.7391231182
0.573121332007 -35.1364031743
0.571798107358 -25.2208329872
0.570116946913 -17.5814223193
0.568165725903 -11.8061821845
0.566014801322 -7.48615481953
0.56371728827 -4.21823249993
0.561309432285 -1.60703417669
0.558811043243 0.733895803664
0.556225967475 3.18131346697
0.553542585125 6.10168643722
0.550734329519 9.85056794946
0.547760234173 14.7717285668
0.544565521174 21.1958593673
0.541082251864 29.4386811509
0.537230066937 39.7983181349
0.532917048206 52.551823234
0.528040737955 67.9507771393
0.522489353977 86.2159268295
0.516143238439 107.530882414
0.50887657647 132.034955352
0.500559415248 159.81529624
0.491060006022 190.898575392
0.480247479626 225.242541519
0.467994850444 262.727888265
0.454182324521 303.150948214
0.438700864957 346.217810175
0.421455942679 391.540507424
0.402371374317 438.635940108
0.381393122896 486.928162724
0.358492913566 535.754577526
0.33367149793 584.37642067
0.306961389371 631.993709406
0.278428890516 677.764542465
0.248175244661 720.828327194
0.216336766902 760.332169776
0.183083848125 795.459339731
0.148618774726 825.458442117
0.113172366597 849.671735607
0.0769995015191 867.560952527
0.0403736607847 878.729028716
0.00358069299687 882.936343387
-0.0330879550252 880.110392308
-0.0693422545268 870.348245445
-0.10490055463 853.911632655
-0.139496184877 831.215009214
-0.172883423206 802.807426006
-0.204842593951 769.349420568
-0.235184116839 731.586419714
-0.263751393398 690.320281809
-0.290422486028 646.380603816
-0.315110611288 600.597287609
-0.337763527837 553.775627188
-0.358361947091 506.674876816
-0.376917128752 459.990925919
-0.393467843148 414.343374035
-0.408076888443 370.266996671
-0.420827344854 328.20734089
-0.431818732599 288.519999523
-0.441163218006 251.472988325
-0.448981985946 217.251587764
-0.455401868949 185.965002086
-0.460552296135 157.654221716
-0.464562600072 132.300538766
-0.4675596978 109.834247855
-0.469666144265 90.143155258
-0.470998542317 73.080610587
-0.471666283232 58.4728606474
-0.471770584929 46.1256009459
-0.47140379139 35.82966451
-0.470648895468 27.3658395084
-0.469579248034 20.5088471046
-0.468258418516 15.0305401277
-0.466740175075 10.7024030301
-0.465068556471 7.29744588287
-0.463278011879 4.59159147703
-0.461393589192 2.36465645287
-0.459431156714 0.401026061215
-0.457397647276 -1.50988129793
-0.455291317786 -3.57326842139
-0.453102020974 -5.98864681813
-0.450811489522 -8.94947780776
-0.448393635954 -12.6426941467
-0.445814874518 -17.2480361323
-0.443034473852 -22.937143837
-0.440004951389 -29.8723558598
-0.436672522259 -38.2051751701
-0.432977616742 -48.074374725
-0.428855481099 -59.6037300162
-0.424236876691 -72.8993829508
-0.419048891629 -88.0468617564
-0.413215877661 -105.107805003
-0.406660522376 -124.116464131
-0.399305063204 -145.076087503
-0.391072644746 -167.95531896
-0.381888814996 -192.684773616
-0.371683148753 -219.153981262
-0.360390978372 -247.20891063
-0.347955203017 -276.650303252
-0.334328138261 -307.2330504
-0.319473358631 -338.666837871
-0.303367477169 -370.618258369
-0.286001798927 -402.714548202
-0.26738378029 -434.549043369
-0.247538223881 -465.688370776
-0.226508140133 -495.681296225
-0.204355211996 -524.069046866
-0.181159808902 -550.396818705
-0.157020510057 -574.226077925
-0.132053114895 -595.147177282
-0.10638913951 -612.791744833
-0.0801738208084 -626.844269767
-0.05356367374 -637.05231494
-0.0267236695957 -643.234830698
0.000175876565848 -645.288128641
0.0269626053752 -643.189192411
0.053465484943 -636.996146608
0.0795181361498 -626.845863817
0.10496199495 -612.948849673
0.129649204042 -595.581694792
0.153445140865 -575.077507693
0.176230508176 -551.814835629
0.197902935875 -526.205634683
0.21837806671 -498.682864662
0.237590122346 -469.68826023
0.255491968343 -439.660772571
0.272054715887 -409.026093345
0.287266913398 -378.187573818
0.301133392188 -347.518746015
0.313673836836 -317.35754825
0.324921153146 -288.002261487
0.334919704994 -259.709081059
0.343723486607 -232.691183511
0.351394289756 -207.11910212
0.357999916631 -183.122196555
0.363612479694 -160.790990549
0.368306820099 -140.180153842
0.372159066983 -121.311917961
0.375245351346 -104.179736631
0.377640680768 -88.7520277338
0.379417974865 -74.9758622307
0.380647256315 -62.7804942487
0.381394988441 -52.0806539224
0.381723547573 -42.7795495672
0.381690816711 -34.7715475801
0.38134988611 -27.9445168553
0.38074884625 -22.181839415
0.379930659062 -17.3641005886
0.378933094051 -13.370480727
0.377788717129 -10.0798765224
0.376524921252 -7.37178393193
0.375163989422 -5.12697689336
0.373723182094 -3.22801686704
0.372214842542 -1.55962806839
0.370646515203 -0.00897236398774
0.369021073428 1.53414358661
0.367336854421 3.17709808206
0.365587800381 5.02429209739
0.363763606056 7.1769681297
0.361849873953 9.73298554818
0.359828279455 12.7865301904
0.357676748905 16.4277385106
0.355369654513 20.7422194234
0.352878030512 25.8104601902
0.350169815483 31.7071063725
0.347210126054 38.5001101216
0.34396156731 46.2497459895
0.34038458511 55.0074990969
0.33643786519 64.8148369147
0.332078783272 75.701883094
0.327263909463 87.6860196327
0.321949568978 100.770452029
0.316092459578 114.942780704
0.309650324199 130.173630495
0.302582674927 146.415398011
0.29485156191 163.6011835
0.286422377981 181.643978992
0.277264686806 200.436187179
0.267353059343 219.849545026
0.256667900528 239.73552187
0.245196245466 259.926253197
0.232932502208 280.23605807
0.219879116688 300.463570168
0.206047134661 320.394489952
0.191456635778 339.804939123
0.176137016357 358.465369417
0.160127100055 376.144947283
0.143475059488 392.616305931
0.126238136943 407.660528637
0.108482158379 421.07220413
0.0902808418289 432.66437841
0.0717149087202 442.273219232
0.052871014182 449.762210894
0.0338405196717 455.025708629
0.0147181378692 457.991703606
-0.00439951471207 458.6236804
-0.0234154178614 456.921487098
-0.0422336586302 452.921181641
-0.0607609106569 446.693863736
-0.0789078407582 438.343546822
-0.0965904048655 428.004166054
-0.113731000164 415.835853632
-0.130259446394 402.020639832
-0.146113776301 386.757755568
-0.161240822799 370.258719529
-0.175596598032 352.742390203
-0.1891464669 334.430151289
-0.201865124291 315.541379651
-0.213736390991 296.289319909
-0.22475284788 276.877461173
-0.234915331344 257.496481275
-0.244232314948 238.32179418
-0.252719203261 219.511708573
-0.260397563477 201.206181317
-0.267294319314 183.526129255
-0.273440929706 166.573247263
-0.278872572321 150.43026958
-0.283627349062 135.161604981
-0.28774552769 120.814273971
-0.291268830622 107.419077177
-0.294239779037 94.9919278448
-0.296701097652 83.5352871214
-0.298695183117 73.039647955
-0.300263636815 63.4850213384
-0.301446861095 54.8423867944
-0.302283716536 47.0750770137
-0.302811236743 40.1400741016
-0.303064396378 33.9892017591
-0.303075927649 28.570203786
-0.302876180169 23.8277044768
-0.302493019058 19.7040507963
-0.301951756243 16.1400396887
-0.301275110117 13.0755365771
-0.300483189066 10.4499931166
-0.299593494731 8.20287367831
-0.29862094134 6.27400095428
-0.297577887865 4.60383157584
-0.296474180279 3.13367281288
-0.295317201628 1.80585134718
-0.294111928104 0.563844847741
-0.29286098977 -0.647613326584
-0.291564734989 -1.88244647147
-0.290221298026 -3.19315467239
-0.288826669661 -4.63073409338
-0.287374771004 -6.24458744193
-0.285857531013 -8.08241833072
-0.284264968492 -10.1901029999
-0.282585279626 -12.6115336605
-0.280804932289 -15.3884285885
-0.278908768566 -18.5601050519
-0.276880117046 -22.1632122199
-0.27470091655 -26.231422389
-0.272351852952 -30.7950801967
-0.269812510788 -35.8808109798
-0.267061541192 -41.5110910894
-0.264076847592 -47.703784784
-0.260835790327 -54.4716542834
-0.257315411044 -61.8218516489
-0.253492677318 -69.7554033142
-0.249344747457 -78.266700276
-0.244849254854 -87.34300908
-0.239984610614 -96.9640207205
-0.234730322413 -107.101456289
-0.229067326786 -117.718749549
-0.222978331177 -128.77082743
-0.216448161242 -140.204009613
-0.209464108042 -151.956047749
-0.202016268997 -163.956323356
-0.194097875703 -176.126220914
-0.185705601205 -188.37968915
-0.176839838828 -200.623998898
-0.167504944517 -212.760700333
-0.15770943465 -224.686775944
-0.147466131617 -236.295978451
-0.136792250081 -247.480335364
-0.125709417756 -258.131794225
-0.1142436258 -268.143975228
-0.102425105404 -277.413991278
-0.0902881289837 -285.844289953
-0.0778707362851 -293.344467794
-0.0652143878719 -299.833005079
-0.0523635505561 -305.238869095
-0.0393652214588 -309.502935942
-0.026268399345 -312.579185275
-0.0131235136155 -314.435628796
1.81772308934e-05 -315.054941692
0.0131052047982 -314.434776016
0.0260865141767 -312.58774611
0.0389120778724 -309.541087224
0.051533486969 -305.336000227
0.0639045069878 -300.026705678
0.0759815871101 -293.679240103
0.0877243129858 -286.370035201
0.0990957951994 -278.184326526
0.110062987505 -269.214441923
0.120596931093 -259.558021443
0.130672923311 -249.316219726
0.140270611345 -238.591939128
0.149374013299 -227.488137396
0.157971470818 -216.106247914
0.166055538853 -204.544743725
0.173622819283 -192.897869236
0.180673745973 -181.254555962
0.187212329321 -169.697531385
0.193245868588 -158.302623161
0.198784640227 -147.138254804
0.20384157014 -136.265123809
0.208431897287 -125.736048925
0.212572835431 -115.595970169
0.216283239036 -105.882082944
0.219583278495 -96.6240864603
0.222494129043 -87.8445262229
0.225037676795 -79.5592107176
0.22723624457 -71.7776833481
0.229112339363 -64.5037320501
0.230688422615 -57.7359207198
0.231986703807 -51.4681284993
0.23302895737 -45.690084972
0.23383636242 -40.3878913384
0.234429364472 -35.5445196062
0.234827557995 -31.1402836727
0.235049588447 -27.1532778717
0.235113072288 -23.5597800762
0.235034533373 -20.334617773
0.234829354109 -17.4514966614
0.23451173974 -14.8832922779
0.234094694209 -12.6023059162
0.233590006068 -10.5804867232
0.233008243054 -8.78962231181
0.232358754024 -7.20150056928
0.231649677071 -5.78804556337
0.230887952789 -4.52143058272
0.23007934177 -3.37417140618
0.229228445553 -2.31920289164
0.22833873038 -1.32994192319
0.227412553244 -0.380339665912
0.226451189822 0.555074040662
0.225454864025 1.50115145923
0.224422778985 2.48209036682
0.223353149424 3.52139773674
0.222243235416 4.64185150502
0.221089377676 5.86545842607
0.21988703455 7.21340622304
0.218630820985 8.70600845075
0.217314549792 10.3626407151
0.21593127557 12.2016671353
0.214473341715 14.240356197
0.212932430947 16.4947854263
0.211299619795 18.9797346246
0.209565437528 21.7085677343
0.207719929943 24.693103772
0.205752728448 27.9434776498
0.203653124801 31.4679921255
0.201410151815 35.2729625612
0.199012670269 39.3625566263
0.19644946214 43.7386315566
0.193709330175 48.4005720495
0.190781203682 53.3451323428
0.18765425025 58.5662864646
0.18431799296 64.0550910409
0.180762432425 69.7995653892
0.176978172851 75.7845938887
0.172956551046 81.9918557744
0.168689767149 88.3997875429
0.164171015601 94.9835830466
0.15939461471 101.715236085
0.154356132963 108.563629851
0.149052510079 115.494676948
0.143482170686 122.471512868
0.137645128382 129.454744788
0.131543077928 136.40275633
0.125179473311 143.272067584
0.11855958949 150.01774818
0.111690565763 156.593879614
0.104581428907 162.954061418
0.0972430944824 169.051954148
0.0896883450302 174.841850645
0.0819317842959 180.279265646
0.0739897670137 185.321532643
0.0658803042955 189.928396008
0.0576229451624 194.062585835
0.0492386352816 197.690362739
0.0407495544932 200.782020101
0.0321789352107 203.312331834
0.0235508642489 205.260934815
0.0148900710411 206.612636541
0.0062217055597 207.35764035
-0.00242889048412 207.491682583
-0.0110364154091 207.016078369
-0.0195758384697 205.937675073
-0.0280226260911 204.268714878
-0.0363529597475 202.026610376
-0.0445439420145 199.23363919
-0.0525737876304 195.916565705
-0.0604219967835 192.106199606
-0.0680695082795 187.836902282
-0.0754988307361 183.146053063
-0.0826941504639 178.073487782
-0.0896414152224 172.660922254
-0.0963283935642 166.951372982
-0.10274470998 160.988586757
-0.108881856525 154.81648986
-0.114733182031 148.478666372
-0.120293860369 142.01787371
-0.125560839528 135.475601974
-0.130532773525 128.891682117
-0.135209939312 122.303946374
-0.139594140974 115.747942852
-0.143688603518 109.256704767
-0.14749785859 102.860573506
-0.151027624331 96.58707359
-0.154284681521 90.4608366407
-0.157276748002 84.5035707112
-0.160012353172 78.7340707611
-0.162500714204 73.1682656684
-0.164751615381 67.8192969456
-0.166775291775 62.6976242603
-0.168582318266 57.8111529188
-0.170183504695 53.1653786446
-0.171589797768 48.7635452468
-0.172812190117 44.606811104
-0.173861636803 40.694420767
-0.174748979353 37.0238783956
-0.175484877337 33.5911201693
-0.17607974734 30.3906832359
-0.176543709125 27.4158691791
-0.176886538688 24.6589003816
-0.177117627856 22.1110680301
-0.177245950027 19.7628708492
-0.177280031638 17.6041439561
-0.177227928899 15.6241774988
-0.177097209363 13.8118249781
-0.176894937866 12.1556013523
-0.176627666413 10.643771194
-0.176301427568 9.26442730623
-0.17592173097 8.00556031448
-0.175493562572 6.85511983707
-0.175021386284 5.80106789827
-0.174509147663 4.83142529176
-0.173960279406 3.93431162832
-0.173377708357 3.09797981345
-0.172763863817 2.31084570077
-0.172120686974 1.56151365678
-0.171449641275 0.838798755026
-0.170751723629 0.131746292697
-0.170027476326 -0.570350706901
-0.169276999602 -1.27793537663
-0.168499964803 -2.00117168084
-0.167695628131 -2.7499293322
-0.166862844951 -3.5337684416
-0.166000084693 -4.36192343759
-0.165105446391 -5.24328583941
-0.164176674882 -6.18638551698
-0.163211177772 -7.19937012369
-0.16220604321 -8.28998244183
-0.161158058587 -9.46553543873
-0.160063730228 -10.7328848916
-0.158919304201 -12.0983995036
-0.157720788321 -13.5679285006
-0.15646397546 -15.1467667701
-0.155144468252 -16.8396176769
-0.153757705283 -18.65055377
-0.152298988836 -20.5829756752
-0.150763514256 -22.6395695519
-0.149146400978 -24.822263578
-0.147442725236 -27.1321840137
-0.145647554455 -29.5696114782
-0.1437559833 -32.1339381603
-0.141763171306 -34.8236267604
-0.139664382004 -37.6361720357
-0.137455023406 -40.5680658863
-0.135130689681 -43.6147669716
-0.132687203801 -46.7706758905
-0.1301206609 -50.0291169784
-0.127427472057 -53.3823277834
-0.124604408152 -56.8214572637
-0.121648643419 -60.3365737111
-0.118557798267 -63.9166833333
-0.11532998092 -67.5497603391
-0.111963827386 -71.2227892415
-0.108458539249 -74.9218199435
-0.104813918742 -78.6320359908
-0.101030400579 -82.3378361649
-0.0971090799913 -86.0229293608
-0.0930517364545 -89.6704424369
-0.0888608525809 -93.2630404577
-0.0845396277142 -96.7830584702
-0.0800919857839 -100.212643669
-0.075522577044 -103.533906529
-0.0708367733808 -106.729079214
-0.0660406569551 -109.780679322
-0.0611410020247 -112.671676808
-0.0561452498924 -115.385661754
-0.0510614770206 -117.907010485
-0.0458983564602 -120.221047488
-0.040665112848 -122.314200522
-0.0353714713314 -124.174146345
-0.030027600886 -125.789944587
-0.0246440525857 -127.152157436
-0.0192316934804 -128.252953012
-0.0138016368101 -129.086190587
-0.00836516935857 -129.647486109
-0.00293367679908 -129.934256865
0.00248143207717 -129.945744474
0.00786880133612 -129.68301586
0.0132172031641 -129.148942238
0.0185156115169 -128.348156579
0.0237532732833 -127.286990426
0.0289197761392 -125.973391325
0.0340051123311 -124.416822445
0.0389997377015 -122.628146319
0.0438946253594 -120.619494828
0.0486813134887 -118.404127789
0.0533519468975 -115.996282621
0.0578993120099 -113.411017638
0.0623168651147 -110.664051528
0.0665987537901 -107.771601549
0.0707398315263 -104.750222834
0.0747356656668 -101.616651093
0.0785825388779 -98.3876507845
0.0822774444392 -95.0798706147
0.0858180757174 -91.7097079691
0.0892028102466 -88.2931836297
0.0924306888878 -84.8458278454
0.0955013905775 -81.3825785516
0.0984152031993 -77.9176922704
0.101172991129 -74.4646679592
0.10377616001 -71.0361838405
0.106226619298 -67.6440470259
0.108526743127 -64.2991555502
0.110679329991 -61.0114722678
0.112687561736 -57.7900099219
0.114554962319 -54.6428265832
0.116285356737 -51.5770305733
0.117882830512 -48.5987939267
0.119351690058 -45.713373412
0.120696424226 -42.9251381204
0.121921667275 -40.2376026378
0.123032163472 -37.6534648413
0.124032733494 -35.1746473985
0.124928242754 -32.8023421008
0.125723571751 -30.5370562206
0.1264235885 -28.3786601488
0.127033123074 -26.3264356389
0.127556944263 -24.3791240591
0.127999738331 -22.5349741264
0.128366089822 -20.7917886686
0.12866046438 -19.1469700329
0.128887193484 -17.5975638251
0.129050461032 -16.1403007293
0.129154291687 -14.7716362142
0.129202540865 -13.4877879883
0.129198886285 -12.284771115
0.129146820965 -11.1584307403
0.129049647557 -10.1044724275
0.128910473925 -9.11849012379
0.128732209848 -8.19599181457
0.128517564769 -7.33242294394
0.128269046479 -6.52318770048
0.127988960645 -5.76366828349
0.127679411109 -5.04924227704
0.127342300875 -4.37529826874
0.126979333694 -3.73724985652
0.126592016212 -3.13054819077
0.126181660588 -2.55069320098
0.125749387556 -1.99324365576
0.125296129859 -1.45382620366
0.124822636038 -0.92814353874
0.124329474521 -0.411981830732
0.123817037993 0.0987824458101
0.123285548023 0.608176155227
0.122735059928 1.12012349605
0.122165467858 1.63844023423
0.1215765101 2.16682806869
0.120967774594 2.70886903219
0.12033870465 3.26801983957
0.119688604894 3.84760610463
0.119016647417 4.45081635693
0.118321878162 5.08069579961
0.117603223549 5.7401397601
0.116859497347 6.43188679623
0.116089407811 7.15851143128
0.115291565109 7.92241650345
0.114464489025 8.72582512652
0.11360661699 9.57077227102
0.112716312425 10.4590959875
0.111791873424 11.3924283063
0.110831541783 12.3721858606
0.109833512386 13.3995602942
0.108795942954 14.4755085251
0.107716964157 15.6007429539
0.106594690088 16.7757217139
0.105427229101 18.0006390762
0.104212694988 19.275416131
0.102949218495 20.5996918836
0.101634959147 21.9728149057
0.10026811735 23.3938357002
0.0988469467502 24.8614999394
0.0973697667934 26.3742427451
0.0958349754511 27.9301841835
0.0942410620477 29.5271261498
0.0925866201332 31.1625508148
0.0908703603312 32.8336208073
0.0890911230871 34.5371812949
0.087247891234 36.2697641219
0.0853398022903 38.027594146
0.0833661603946 39.8065979044
0.0813264477814 41.6024147171
0.0792203356965 43.4104103162
0.0770476946477 45.2256930619
0.074808603886 47.0431327786
0.0725033600113 48.8573822132
0.0701324845988 50.6629010819
0.0676967307421 52.4539826377
0.065197088418 54.2247826524
0.0626347885771 55.9693506669
0.0600113058776 57.6816633259
0.0573283599853 59.355659574
0.054587915372 60.9852774528
0.0517921795607 62.5644922011
0.048943599774 64.0873553296
0.0460448579611 65.5480343116
0.0430988641909 66.940852504
0.0401087484168 68.2603288963
0.0370778506358 69.5012172666
0.0340097094822 70.6585443205
0.0309080493115 71.7276463818
0.027776765852 72.7042042147
0.024619910513 73.5842755654
0.0214416734606 74.3643250334
0.0182463655823 75.0412509096
0.015038399479 75.612408649
0.0118222696335 76.075630689
0.00860253191615 76.4292423654
0.00538378259606 76.6720737312
0.00217063703386 76.8034671342
-0.00103229176521 76.823280466
-0.00422041455646 76.7318860528
-0.00738918703864 76.530165217
-0.0105341306373 76.2194985953
-0.0136508527164 75.8017523545
-0.0167350660541 75.2792605002
-0.0197826074282 74.6548035213
-0.0227894551672 73.9315836592
-0.0257517455399 73.1131971264
-0.028665787865 72.2036036364
-0.0315280782458 71.207093628
-0.0343353118451 70.1282535895
-0.0370843936363 68.9719298998
-0.0397724475849 67.7431916082
-0.0423968242298 66.4472925715
-0.0449551066536 65.0896333633
-0.0474451148461 63.6757233497
-0.0498649084831 62.2111433125
-0.0522127881573 60.7015089705
-0.0544872951097 59.1524357251
-0.0566872095271 57.5695049221
-0.0588115474785 55.9582318872
-0.0608595565743 54.3240359569
-0.0628307104414 52.6722126888
-0.0647247021115 51.0079083962
-0.0665414364276 49.3360971179
-0.0682810215739 47.6615600936
-0.0699437598394 45.9888677841
-0.0715301377233 44.3223644413
-0.0730408154917 42.6661552025
-0.0744766162905 41.0240956568
-0.0758385149188 39.399783808
-0.0771276263618 37.7965543335
-0.0783451941771 36.2174750252
-0.0794925788236 34.6653452802
-0.0805712460146 33.1426964983
-0.0815827551732 31.6517942342
-0.0825287480576 30.1946419478
-0.0834109376193 28.7729861901
-0.0842310971507 27.3883230637
-0.0849910497689 26.0419057971
-0.0856926582788 24.7347532752
-0.0863378154504 23.4676593742
-0.0869284347382 22.241202954
-0.0874664414662 21.0557583709
-0.0879537644958 19.9115063793
-0.0883923283866 18.8084453027
-0.0887840460596 17.7464023622
-0.0891308119623 16.7250450612
-0.0894344957367 15.7438925359
-0.0896969363826 14.8023267898
-0.0899199369096 13.8996037413
-0.0901052594659 13.0348640229
-0.0902546209311 12.2071434793
-0.0903696889558 11.4153833211
-0.090452078434 10.6584398985
-0.0905033483876 9.93509406835
-0.0905249992447 9.24406013193
-0.0905184704927 8.58399433237
-0.0904851386847 7.95350290161
-0.0904263157802 7.35114965533
-0.090343247799 6.77546313773
-0.090237113769 6.22494332271
-0.090109024948 5.69806788138
-0.0899600243011 5.19329802914
-0.0897910862145 4.70908396817
-0.0896031164294 4.24386994348
-0.0893969521786 3.79609893216
-0.0891733625107 3.36421698714
-0.0889330487861 2.94667725777
-0.0886766453329 2.54194370995
-0.0884047202486 2.14849456929
-0.0881177763357 1.76482551074
-0.0878162521624 1.38945261801
-0.0875005232367 1.0209151358
-0.0871709032865 0.657778037545
-0.0868276456379 0.298634430262
-0.0864709446842 -0.0578921821658
-0.086100937441 -0.413145757389
-0.0857177051811 -0.768435675551
-0.0853212751459 -1.12503478498
-0.084911622329 -1.484177516
-0.0844886713306 -1.84705804765
-0.0840522982779 -2.21482851332
-0.0836023328134 -2.58859723309
-0.0831385601462 -2.96942696169
-0.0826607231688 -3.35833314295
-0.0821685246367 -3.75628216278
-0.081661629412 -4.16418959484
-0.0811396667707 -4.58291843422
-0.0806022327743 -5.01327731663
-0.0800488927051 -5.45601872184
-0.0794791835671 -5.91183716212
-0.0788926166514 -6.38136735817
-0.0782886801673 -6.86518240645
-0.0776668419381 -7.36379194394
-0.0770265521623 -7.87764031768
