0.0
0.0392598157591
0.0784590957278
0.117537397458
0.15643446504
0.195090322016
0.233445363856
0.271440449865
0.309016994375
0.346117057077
0.382683432365
0.418659737537
0.45399049974
0.488621241497
0.522498564716
0.55557023302
0.587785252292
0.61909394931
0.64944804833
0.678800745533
0.707106781187
0.734322509436
0.7604059656
0.785316930881
0.809016994375
0.831469612303
0.852640164354
0.872496007073
0.891006524188
0.908143173825
0.923879532511
0.938191335922
0.951056516295
0.962455236454
0.972369920398
0.980785280403
0.987688340595
0.993068456955
0.996917333733
0.999229036241
1.0
0.999229036241
0.996917333733
0.993068456955
0.987688340595
0.980785280403
0.972369920398
0.962455236454
0.951056516295
0.938191335922
0.923879532511
0.908143173825
0.891006524188
0.872496007073
0.852640164354
0.831469612303
0.809016994375
0.785316930881
0.7604059656
0.734322509436
0.707106781187
0.678800745533
0.64944804833
0.61909394931
0.587785252292
0.55557023302
0.522498564716
0.488621241497
0.45399049974
0.418659737537
0.382683432365
0.346117057077
0.309016994375
0.271440449865
0.233445363856
0.195090322016
0.15643446504
0.117537397458
0.0784590957278
0.0392598157591
1.22464679915e-16
-0.0392598157591
-0.0784590957278
-0.117537397458
-0.15643446504
-0.195090322016
-0.233445363856
-0.271440449865
-0.309016994375
-0.346117057077
-0.382683432365
-0.418659737537
-0.45399049974
-0.488621241497
-0.522498564716
-0.55557023302
-0.587785252292
-0.61909394931
-0.64944804833
-0.678800745533
-0.707106781187
-0.734322509436
-0.7604059656
-0.785316930881
-0.809016994375
-0.831469612303
-0.852640164354
-0.872496007073
-0.891006524188
-0.908143173825
-0.923879532511
-0.938191335922
-0.951056516295
-0.962455236454
-0.972369920398
-0.980785280403
-0.987688340595
-0.993068456955
-0.996917333733
-0.999229036241
-1.0
-0.999229036241
-0.996917333733
-0.993068456955
-0.987688340595
-0.980785280403
-0.972369920398
-0.962455236454
-0.951056516295
-0.938191335922
-0.923879532511
-0.908143173825
-0.891006524188
-0.872496007073
-0.852640164354
-0.831469612303
-0.809016994375
-0.785316930881
-0.7604059656
-0.734322509436
-0.707106781187
-0.678800745533
-0.64944804833
-0.61909394931
-0.587785252292
-0.55557023302
-0.522498564716
-0.488621241497
-0.45399049974
-0.418659737537
-0.382683432365
-0.346117057077
-0.309016994375
-0.271440449865
-0.233445363856
-0.195090322016
-0.15643446504
-0.117537397458
-0.0784590957278
-0.0392598157591
-2.44929359829e-16
0.0392598157591
0.0784590957278
0.117537397458
0.15643446504
0.195090322016
0.233445363856
0.271440449865
0.309016994375
0.346117057077
0.382683432365
0.418659737537
0.45399049974
0.488621241497
0.522498564716
0.55557023302
0.587785252292
0.61909394931
0.64944804833
0.678800745533
0.707106781187
0.734322509436
0.7604059656
0.785316930881
0.809016994375
0.831469612303
0.852640164354
0.872496007073
0.891006524188
0.908143173825
0.923879532511
0.938191335922
0.951056516295
0.962455236454
0.972369920398
0.980785280403
0.987688340595
0.993068456955
0.996917333733
0.999229036241
1.0
0.999229036241
0.996917333733
0.993068456955
0.987688340595
0.980785280403
0.972369920398
0.962455236454
0.951056516295
0.938191335922
0.923879532511
0.908143173825
0.891006524188
0.872496007073
0.852640164354
0.831469612303
0.809016994375
0.785316930881
0.7604059656
0.734322509436
0.707106781187
0.678800745533
0.64944804833
0.61909394931
0.587785252292
0.55557023302
0.522498564716
0.488621241497
0.45399049974
0.418659737537
0.382683432365
0.346117057077
0.309016994375
0.271440449865
0.233445363856
0.195090322016
0.15643446504
0.117537397458
0.0784590957278
0.0392598157591
3.67394039744e-16
-0.0392598157591
-0.0784590957278
-0.117537397458
-0.15643446504
-0.195090322016
-0.233445363856
-0.271440449865
-0.309016994375
-0.346117057077
-0.382683432365
-0.418659737537
-0.45399049974
-0.488621241497
-0.522498564716
-0.55557023302
-0.587785252292
-0.61909394931
-0.64944804833
-0.678800745533
-0.707106781187
-0.734322509436
-0.7604059656
-0.785316930881
-0.809016994375
-0.831469612303
-0.852640164354
-0.872496007073
-0.891006524188
-0.908143173825
-0.923879532511
-0.938191335922
-0.951056516295
-0.962455236454
-0.972369920398
-0.980785280403
-0.987688340595
-0.993068456955
-0.996917333733
-0.999229036241
-1.0
-0.999229036241
-0.996917333733
-0.993068456955
-0.987688340595
-0.980785280403
-0.972369920398
-0.962455236454
-0.951056516295
-0.938191335922
-0.923879532511
-0.908143173825
-0.891006524188
-0.872496007073
-0.852640164354
-0.831469612303
-0.809016994375
-0.785316930881
-0.7604059656
-0.734322509436
-0.707106781187
-0.678800745533
-0.64944804833
-0.61909394931
-0.587785252292
-0.55557023302
-0.522498564716
-0.488621241497
-0.45399049974
-0.418659737537
-0.382683432365
-0.346117057077
-0.309016994375
-0.271440449865
-0.233445363856
-0.195090322016
-0.15643446504
-0.117537397458
-0.0784590957278
-0.0392598157591
-4.89858719659e-16
0.0392598157591
0.0784590957278
0.117537397458
0.15643446504
0.195090322016
0.233445363856
0.271440449865
0.309016994375
0.346117057077
0.382683432365
0.418659737537
0.45399049974
0.488621241497
0.522498564716
0.55557023302
0.587785252292
0.61909394931
0.64944804833
0.678800745533
0.707106781187
0.734322509436
0.7604059656
0.785316930881
0.809016994375
0.831469612303
0.852640164354
0.872496007073
0.891006524188
0.908143173825
0.923879532511
0.938191335922
0.951056516295
0.962455236454
0.972369920398
0.980785280403
0.987688340595
0.993068456955
0.996917333733
0.999229036241
1.0
0.999229036241
0.996917333733
0.993068456955
0.987688340595
0.980785280403
0.972369920398
0.962455236454
0.951056516295
0.938191335922
0.923879532511
0.908143173825
0.891006524188
0.872496007073
0.852640164354
0.831469612303
0.809016994375
0.785316930881
0.7604059656
0.734322509436
0.707106781187
0.678800745533
0.64944804833
0.61909394931
0.587785252292
0.55557023302
0.522498564716
0.488621241497
0.45399049974
0.418659737537
0.382683432365
0.346117057077
0.309016994375
0.271440449865
0.233445363856
0.195090322016
0.15643446504
0.117537397458
0.0784590957278
0.0392598157591
6.12323399574e-16
-0.0392598157591
-0.0784590957278
-0.117537397458
-0.15643446504
-0.195090322016
-0.233445363856
-0.271440449865
-0.309016994375
-0.346117057077
-0.382683432365
-0.418659737537
-0.45399049974
-0.488621241497
-0.522498564716
-0.55557023302
-0.587785252292
-0.61909394931
-0.64944804833
-0.678800745533
-0.707106781187
-0.734322509436
-0.7604059656
-0.785316930881
-0.809016994375
-0.831469612303
-0.852640164354
-0.872496007073
-0.891006524188
-0.908143173825
-0.923879532511
-0.938191335922
-0.951056516295
-0.962455236454
-0.972369920398
-0.980785280403
-0.987688340595
-0.993068456955
-0.996917333733
-0.999229036241
-1.0
-0.999229036241
-0.996917333733
-0.993068456955
-0.987688340595
-0.980785280403
-0.972369920398
-0.962455236454
-0.951056516295
-0.938191335922
-0.923879532511
-0.908143173825
-0.891006524188
-0.872496007073
-0.852640164354
-0.831469612303
-0.809016994375
-0.785316930881
-0.7604059656
-0.734322509436
-0.707106781187
-0.678800745533
-0.64944804833
-0.61909394931
-0.587785252292
-0.55557023302
-0.522498564716
-0.488621241497
-0.45399049974
-0.418659737537
-0.382683432365
-0.346117057077
-0.309016994375
-0.271440449865
-0.233445363856
-0.195090322016
-0.15643446504
-0.117537397458
-0.0784590957278
-0.0392598157591
