0 0 
0 0 
0 0 
0 0 
0 0 
0 0 
0 0 
0 0 
0 0 
0 0 
0 0 
0 0 
0 0 
0 0 
0 0 
0 0 
0 0 
0 0 
0 0 
0 0 
0 0 
0 0 
0 0 
0 0 
0 0 
0 0 
0 0 
0 0 
0 0 
0 0 
0 0 
0 0 
0 0 
0 0 
0 0 
0 0 
0 0 
0 0 
0 0 
0 0 
0 0 
0 0 
0 0 
0 0 
0 0 
0 0 
0 0 
0 0 
0 0 
-0.0207892 -3.75791e-07 
-0.0414898 -1.05774e-06 
-0.0621013 -1.55916e-06 
-0.0826244 -1.90156e-06 
-0.103059 -2.17305e-06 
-0.123405 -2.40823e-06 
-0.143662 -2.61955e-06 
-0.163828 -2.81315e-06 
-0.183903 -2.99281e-06 
-0.203886 -3.16106e-06 
-0.223774 -3.31973e-06 
-0.243567 -3.47019e-06 
-0.263262 -3.61349e-06 
-0.282857 -3.75047e-06 
-0.302351 -3.88182e-06 
-0.321742 -4.00809e-06 
-0.341026 -4.12973e-06 
-0.360201 -4.24715e-06 
-0.379266 -4.36068e-06 
-0.398216 -4.47061e-06 
-0.41705 -4.57718e-06 
-0.435765 -4.68061e-06 
-0.454357 -4.7811e-06 
-0.472824 -4.87882e-06 
-0.470402 -4.91257e-06 
-0.467996 -4.8934e-06 
-0.465608 -4.8819e-06 
-0.463235 -4.86937e-06 
-0.460879 -4.85704e-06 
-0.458538 -4.84475e-06 
-0.456214 -4.83251e-06 
-0.453905 -4.82032e-06 
-0.451612 -4.80818e-06 
-0.449335 -4.79609e-06 
-0.447072 -4.78405e-06 
-0.444825 -4.77206e-06 
-0.442593 -4.76012e-06 
-0.440375 -4.74823e-06 
-0.438172 -4.73639e-06 
-0.435983 -4.7246e-06 
-0.433809 -4.71285e-06 
-0.431649 -4.70115e-06 
-0.429503 -4.6895e-06 
-0.427371 -4.67789e-06 
-0.425252 -4.66633e-06 
-0.423148 -4.65482e-06 
-0.421056 -4.64335e-06 
-0.418979 -4.63192e-06 
-0.416914 -4.62054e-06 
-0.414862 -4.6092e-06 
-0.412824 -4.59791e-06 
-0.410798 -4.58666e-06 
-0.408785 -4.57545e-06 
-0.406784 -4.56429e-06 
-0.404796 -4.55316e-06 
-0.402821 -4.54208e-06 
-0.400857 -4.53104e-06 
-0.398906 -4.52004e-06 
-0.396967 -4.50909e-06 
-0.395039 -4.49817e-06 
-0.393124 -4.48729e-06 
-0.39122 -4.47646e-06 
-0.389328 -4.46566e-06 
-0.387447 -4.4549e-06 
-0.385578 -4.44418e-06 
-0.38372 -4.4335e-06 
-0.381873 -4.42286e-06 
-0.380037 -4.41225e-06 
-0.378212 -4.40169e-06 
-0.376398 -4.39116e-06 
-0.374595 -4.38067e-06 
-0.372802 -4.37021e-06 
-0.37102 -4.35979e-06 
-0.369249 -4.34941e-06 
-0.367488 -4.33906e-06 
-0.365737 -4.32875e-06 
-0.363996 -4.31848e-06 
-0.362266 -4.30824e-06 
-0.360546 -4.29803e-06 
-0.358835 -4.28786e-06 
-0.357135 -4.27773e-06 
-0.355444 -4.26763e-06 
-0.353764 -4.25756e-06 
-0.352092 -4.24753e-06 
-0.350431 -4.23753e-06 
-0.348779 -4.22756e-06 
-0.347136 -4.21763e-06 
-0.345502 -4.20773e-06 
-0.343878 -4.19786e-06 
-0.342263 -4.18803e-06 
-0.340657 -4.17823e-06 
-0.339061 -4.16846e-06 
-0.337473 -4.15872e-06 
-0.335894 -4.14901e-06 
-0.334324 -4.13933e-06 
-0.332762 -4.12969e-06 
-0.331209 -4.12008e-06 
-0.329665 -4.11049e-06 
-0.32813 -4.10094e-06 
-0.326603 -4.09142e-06 
-0.325084 -4.08193e-06 
-0.323574 -4.07247e-06 
-0.322072 -4.06303e-06 
-0.320578 -4.05363e-06 
-0.319092 -4.04426e-06 
-0.317615 -4.03491e-06 
-0.316145 -4.0256e-06 
-0.314684 -4.01631e-06 
-0.31323 -4.00706e-06 
-0.311784 -3.99783e-06 
-0.310346 -3.98863e-06 
-0.308916 -3.97946e-06 
-0.307493 -3.97031e-06 
-0.306079 -3.9612e-06 
-0.304671 -3.95211e-06 
-0.303271 -3.94305e-06 
-0.301879 -3.93401e-06 
-0.300494 -3.92501e-06 
-0.299116 -3.91603e-06 
-0.297746 -3.90708e-06 
-0.296383 -3.89815e-06 
-0.295027 -3.88925e-06 
-0.293678 -3.88038e-06 
-0.292337 -3.87153e-06 
-0.291002 -3.86271e-06 
-0.289675 -3.85392e-06 
-0.288354 -3.84515e-06 
-0.28704 -3.83641e-06 
-0.285733 -3.82769e-06 
-0.284433 -3.819e-06 
-0.28314 -3.81033e-06 
-0.281853 -3.80169e-06 
-0.280573 -3.79307e-06 
-0.2793 -3.78448e-06 
-0.278033 -3.77591e-06 
-0.276772 -3.76737e-06 
-0.275519 -3.75885e-06 
-0.274271 -3.75036e-06 
-0.27303 -3.74189e-06 
-0.271795 -3.73344e-06 
-0.270567 -3.72502e-06 
-0.269345 -3.71662e-06 
-0.268129 -3.70825e-06 
-0.266919 -3.6999e-06 
-0.265716 -3.69157e-06 
-0.264518 -3.68327e-06 
-0.263327 -3.67499e-06 
-0.262141 -3.66673e-06 
-0.260962 -3.65849e-06 
-0.259789 -3.65028e-06 
-0.258621 -3.64209e-06 
-0.257459 -3.63393e-06 
-0.256303 -3.62578e-06 
-0.255153 -3.61766e-06 
-0.254009 -3.60956e-06 
-0.25287 -3.60148e-06 
-0.251737 -3.59343e-06 
-0.25061 -3.5854e-06 
-0.249488 -3.57738e-06 
-0.248372 -3.56939e-06 
-0.247261 -3.56143e-06 
-0.246156 -3.55348e-06 
-0.245056 -3.54555e-06 
-0.243962 -3.53765e-06 
-0.242873 -3.52977e-06 
-0.24179 -3.52191e-06 
-0.240711 -3.51407e-06 
-0.239638 -3.50625e-06 
-0.238571 -3.49845e-06 
-0.237508 -3.49067e-06 
-0.236451 -3.48291e-06 
-0.235399 -3.47518e-06 
-0.234352 -3.46746e-06 
-0.23331 -3.45976e-06 
-0.232274 -3.45209e-06 
-0.231242 -3.44443e-06 
-0.230215 -3.4368e-06 
-0.229193 -3.42918e-06 
-0.228177 -3.42159e-06 
-0.227165 -3.41401e-06 
-0.226158 -3.40645e-06 
-0.225156 -3.39892e-06 
-0.224158 -3.3914e-06 
-0.223166 -3.3839e-06 
-0.222178 -3.37643e-06 
-0.221195 -3.36897e-06 
-0.220217 -3.36153e-06 
-0.219243 -3.35411e-06 
-0.218274 -3.34671e-06 
-0.21731 -3.33932e-06 
-0.21635 -3.33196e-06 
-0.215395 -3.32462e-06 
-0.214445 -3.31729e-06 
-0.213499 -3.30998e-06 
-0.212557 -3.3027e-06 
-0.21162 -3.29542e-06 
-0.210688 -3.28817e-06 
-0.20976 -3.28094e-06 
-0.208836 -3.27372e-06 
-0.207916 -3.26653e-06 
-0.207001 -3.25935e-06 
-0.206091 -3.25219e-06 
-0.205184 -3.24505e-06 
-0.204282 -3.23792e-06 
-0.203384 -3.23081e-06 
-0.20249 -3.22372e-06 
-0.201601 -3.21665e-06 
-0.200716 -3.2096e-06 
-0.199835 -3.20256e-06 
-0.198957 -3.19554e-06 
-0.198085 -3.18854e-06 
-0.197216 -3.18156e-06 
-0.196351 -3.17459e-06 
-0.19549 -3.16764e-06 
-0.194634 -3.16071e-06 
-0.193781 -3.15379e-06 
-0.192932 -3.1469e-06 
-0.192087 -3.14001e-06 
-0.191246 -3.13315e-06 
-0.19041 -3.1263e-06 
-0.189576 -3.11947e-06 
-0.188747 -3.11266e-06 
-0.187922 -3.10586e-06 
-0.1871 -3.09908e-06 
-0.186283 -3.09231e-06 
-0.185469 -3.08556e-06 
-0.184658 -3.07883e-06 
-0.183852 -3.07212e-06 
-0.183049 -3.06542e-06 
-0.18225 -3.05873e-06 
-0.181455 -3.05207e-06 
-0.180663 -3.04542e-06 
-0.179875 -3.03878e-06 
-0.179091 -3.03216e-06 
-0.17831 -3.02556e-06 
-0.177533 -3.01897e-06 
-0.176759 -3.0124e-06 
-0.175989 -3.00585e-06 
-0.175222 -2.99931e-06 
-0.174459 -2.99278e-06 
-0.173699 -2.98627e-06 
-0.172943 -2.97978e-06 
-0.172191 -2.9733e-06 
-0.171441 -2.96684e-06 
-0.170696 -2.96039e-06 
-0.169953 -2.95396e-06 
-0.169214 -2.94754e-06 
-0.168478 -2.94114e-06 
-0.167746 -2.93476e-06 
-0.167017 -2.92839e-06 
-0.166291 -2.92203e-06 
-0.165569 -2.91569e-06 
-0.16485 -2.90936e-06 
-0.164134 -2.90305e-06 
-0.163421 -2.89676e-06 
-0.162712 -2.89048e-06 
-0.162005 -2.88421e-06 
-0.161302 -2.87796e-06 
-0.160603 -2.87172e-06 
-0.159906 -2.8655e-06 
-0.159212 -2.85929e-06 
-0.158522 -2.85309e-06 
-0.157835 -2.84692e-06 
-0.157151 -2.84075e-06 
-0.156469 -2.8346e-06 
-0.155791 -2.82846e-06 
-0.155116 -2.82234e-06 
-0.154444 -2.81623e-06 
-0.153775 -2.81014e-06 
-0.153109 -2.80406e-06 
-0.152446 -2.798e-06 
-0.151786 -2.79194e-06 
-0.151129 -2.78591e-06 
-0.150475 -2.77988e-06 
-0.149824 -2.77387e-06 
-0.149176 -2.76788e-06 
-0.148531 -2.7619e-06 
-0.147888 -2.75593e-06 
-0.147249 -2.74997e-06 
-0.146612 -2.74403e-06 
-0.145978 -2.73811e-06 
-0.145347 -2.73219e-06 
-0.144719 -2.72629e-06 
-0.144093 -2.72041e-06 
-0.143471 -2.71453e-06 
-0.142851 -2.70867e-06 
-0.142234 -2.70283e-06 
-0.141619 -2.69699e-06 
-0.141008 -2.69117e-06 
-0.140399 -2.68537e-06 
-0.139792 -2.67958e-06 
-0.139189 -2.6738e-06 
-0.138588 -2.66803e-06 
-0.13799 -2.66228e-06 
-0.137394 -2.65654e-06 
-0.136801 -2.65081e-06 
-0.136211 -2.64509e-06 
-0.135623 -2.63939e-06 
-0.135038 -2.6337e-06 
-0.134456 -2.62803e-06 
-0.133876 -2.62236e-06 
-0.133299 -2.61671e-06 
-0.132724 -2.61108e-06 
-0.132152 -2.60545e-06 
-0.131582 -2.59984e-06 
-0.131015 -2.59424e-06 
-0.13045 -2.58865e-06 
-0.129888 -2.58308e-06 
-0.129328 -2.57752e-06 
-0.128771 -2.57197e-06 
-0.128216 -2.56643e-06 
-0.127664 -2.56091e-06 
-0.127114 -2.5554e-06 
-0.126566 -2.5499e-06 
-0.126021 -2.54441e-06 
-0.125478 -2.53894e-06 
-0.124938 -2.53347e-06 
-0.1244 -2.52802e-06 
-0.123865 -2.52258e-06 
-0.123331 -2.51716e-06 
-0.122801 -2.51174e-06 
-0.122272 -2.50634e-06 
-0.121746 -2.50095e-06 
-0.121222 -2.49557e-06 
-0.1207 -2.49021e-06 
-0.120181 -2.48485e-06 
-0.119664 -2.47951e-06 
-0.119149 -2.47418e-06 
-0.118636 -2.46886e-06 
-0.118126 -2.46356e-06 
-0.117618 -2.45826e-06 
-0.117112 -2.45298e-06 
-0.116608 -2.44771e-06 
-0.116107 -2.44245e-06 
-0.115608 -2.4372e-06 
-0.115111 -2.43196e-06 
-0.114616 -2.42674e-06 
-0.114123 -2.42153e-06 
-0.113632 -2.41632e-06 
-0.113144 -2.41113e-06 
-0.112658 -2.40596e-06 
-0.112173 -2.40079e-06 
-0.111691 -2.39563e-06 
-0.111211 -2.39049e-06 
-0.110733 -2.38535e-06 
-0.110258 -2.38023e-06 
-0.109784 -2.37512e-06 
-0.109312 -2.37002e-06 
-0.108843 -2.36493e-06 
-0.108375 -2.35986e-06 
-0.107909 -2.35479e-06 
-0.107446 -2.34974e-06 
-0.106984 -2.34469e-06 
-0.106525 -2.33966e-06 
-0.106067 -2.33464e-06 
-0.105612 -2.32963e-06 
-0.105158 -2.32463e-06 
-0.104707 -2.31964e-06 
-0.104257 -2.31466e-06 
-0.103809 -2.30969e-06 
-0.103364 -2.30474e-06 
-0.10292 -2.29979e-06 
-0.102478 -2.29486e-06 
-0.102038 -2.28994e-06 
-0.1016 -2.28502e-06 
-0.101164 -2.28012e-06 
-0.100729 -2.27523e-06 
-0.100297 -2.27035e-06 
-0.0998665 -2.26548e-06 
-0.0994379 -2.26062e-06 
-0.0990111 -2.25577e-06 
-0.0985861 -2.25093e-06 
-0.098163 -2.2461e-06 
-0.0977417 -2.24129e-06 
-0.0973223 -2.23648e-06 
-0.0969046 -2.23168e-06 
-0.0964888 -2.2269e-06 
-0.0960747 -2.22212e-06 
-0.0956625 -2.21736e-06 
-0.095252 -2.2126e-06 
-0.0948433 -2.20786e-06 
-0.0944364 -2.20312e-06 
-0.0940312 -2.1984e-06 
-0.0936278 -2.19368e-06 
-0.0932261 -2.18898e-06 
-0.0928261 -2.18429e-06 
-0.0924279 -2.1796e-06 
-0.0920314 -2.17493e-06 
-0.0916365 -2.17027e-06 
-0.0912434 -2.16562e-06 
-0.090852 -2.16097e-06 
-0.0904623 -2.15634e-06 
-0.0900743 -2.15172e-06 
-0.0896879 -2.1471e-06 
-0.0893032 -2.1425e-06 
-0.0889201 -2.13791e-06 
-0.0885387 -2.13333e-06 
-0.088159 -2.12875e-06 
-0.0877808 -2.12419e-06 
-0.0874043 -2.11964e-06 
-0.0870295 -2.11509e-06 
-0.0866562 -2.11056e-06 
-0.0862845 -2.10603e-06 
-0.0859145 -2.10152e-06 
-0.085546 -2.09702e-06 
-0.0851791 -2.09252e-06 
-0.0848138 -2.08804e-06 
-0.0844501 -2.08356e-06 
-0.0840879 -2.07909e-06 
-0.0837273 -2.07464e-06 
-0.0833682 -2.07019e-06 
-0.0830107 -2.06575e-06 
-0.0826547 -2.06133e-06 
-0.0823002 -2.05691e-06 
-0.0819473 -2.0525e-06 
-0.0815958 -2.0481e-06 
-0.0812459 -2.04371e-06 
-0.0808975 -2.03933e-06 
-0.0805506 -2.03496e-06 
-0.0802051 -2.0306e-06 
-0.0798612 -2.02624e-06 
-0.0795187 -2.0219e-06 
-0.0791777 -2.01757e-06 
-0.0788382 -2.01324e-06 
-0.0785001 -2.00893e-06 
-0.0781634 -2.00462e-06 
-0.0778282 -2.00033e-06 
-0.0774945 -1.99604e-06 
-0.0771621 -1.99176e-06 
-0.0768312 -1.98749e-06 
-0.0765017 -1.98323e-06 
-0.0761737 -1.97898e-06 
-0.075847 -1.97474e-06 
-0.0755217 -1.97051e-06 
-0.0751978 -1.96628e-06 
-0.0748753 -1.96207e-06 
-0.0745542 -1.95786e-06 
-0.0742345 -1.95366e-06 
-0.0739161 -1.94948e-06 
-0.0735991 -1.9453e-06 
-0.0732835 -1.94113e-06 
-0.0729692 -1.93697e-06 
-0.0726562 -1.93281e-06 
-0.0723446 -1.92867e-06 
-0.0720343 -1.92454e-06 
-0.0717254 -1.92041e-06 
-0.0714177 -1.91629e-06 
-0.0711114 -1.91219e-06 
-0.0708064 -1.90809e-06 
-0.0705027 -1.904e-06 
-0.0702003 -1.89991e-06 
-0.0698992 -1.89584e-06 
-0.0695993 -1.89178e-06 
-0.0693008 -1.88772e-06 
-0.0690035 -1.88367e-06 
-0.0687075 -1.87963e-06 
-0.0684128 -1.8756e-06 
-0.0681193 -1.87158e-06 
-0.0678271 -1.86757e-06 
-0.0675361 -1.86357e-06 
-0.0672464 -1.85957e-06 
-0.0669579 -1.85558e-06 
-0.0666706 -1.8516e-06 
-0.0663846 -1.84763e-06 
-0.0660998 -1.84367e-06 
-0.0658162 -1.83972e-06 
-0.0655338 -1.83577e-06 
-0.0652526 -1.83183e-06 
-0.0649726 -1.82791e-06 
-0.0646939 -1.82398e-06 
-0.0644163 -1.82007e-06 
-0.0641399 -1.81617e-06 
-0.0638646 -1.81227e-06 
-0.0635906 -1.80839e-06 
-0.0633177 -1.80451e-06 
-0.063046 -1.80064e-06 
-0.0627754 -1.79677e-06 
-0.062506 -1.79292e-06 
-0.0622377 -1.78907e-06 
-0.0619706 -1.78524e-06 
-0.0617046 -1.78141e-06 
-0.0614398 -1.77758e-06 
-0.0611761 -1.77377e-06 
-0.0609135 -1.76996e-06 
-0.060652 -1.76617e-06 
-0.0603917 -1.76238e-06 
-0.0601324 -1.7586e-06 
-0.0598743 -1.75482e-06 
-0.0596172 -1.75106e-06 
-0.0593613 -1.7473e-06 
-0.0591064 -1.74355e-06 
-0.0588527 -1.73981e-06 
-0.0586 -1.73607e-06 
-0.0583484 -1.73235e-06 
-0.0580978 -1.72863e-06 
-0.0578484 -1.72492e-06 
-0.0576 -1.72122e-06 
-0.0573526 -1.71752e-06 
-0.0571063 -1.71384e-06 
-0.0568611 -1.71016e-06 
-0.0566169 -1.70649e-06 
-0.0563737 -1.70282e-06 
-0.0561316 -1.69917e-06 
-0.0558905 -1.69552e-06 
-0.0556504 -1.69188e-06 
-0.0554114 -1.68825e-06 
-0.0551733 -1.68462e-06 
-0.0549363 -1.681e-06 
-0.0547003 -1.67739e-06 
-0.0544653 -1.67379e-06 
-0.0542313 -1.6702e-06 
-0.0539983 -1.66661e-06 
-0.0537663 -1.66303e-06 
-0.0535353 -1.65946e-06 
-0.0533053 -1.6559e-06 
-0.0530762 -1.65234e-06 
-0.0528481 -1.64879e-06 
-0.052621 -1.64525e-06 
-0.0523949 -1.64171e-06 
-0.0521697 -1.63819e-06 
-0.0519454 -1.63467e-06 
-0.0517222 -1.63116e-06 
-0.0514999 -1.62765e-06 
-0.0512785 -1.62415e-06 
-0.051058 -1.62066e-06 
-0.0508386 -1.61718e-06 
-0.05062 -1.61371e-06 
-0.0504024 -1.61024e-06 
-0.0501857 -1.60678e-06 
-0.0499699 -1.60332e-06 
-0.049755 -1.59988e-06 
-0.0495411 -1.59644e-06 
-0.049328 -1.59301e-06 
-0.0491159 -1.58958e-06 
-0.0489047 -1.58617e-06 
-0.0486943 -1.58276e-06 
-0.0484849 -1.57935e-06 
-0.0482763 -1.57596e-06 
-0.0480687 -1.57257e-06 
-0.0478619 -1.56919e-06 
-0.047656 -1.56581e-06 
-0.047451 -1.56245e-06 
-0.0472468 -1.55909e-06 
-0.0470435 -1.55573e-06 
-0.0468411 -1.55239e-06 
-0.0466396 -1.54905e-06 
-0.0464389 -1.54572e-06 
-0.046239 -1.54239e-06 
-0.04604 -1.53907e-06 
-0.0458419 -1.53576e-06 
-0.0456446 -1.53246e-06 
-0.0454481 -1.52916e-06 
-0.0452525 -1.52587e-06 
-0.0450577 -1.52259e-06 
-0.0448637 -1.51931e-06 
-0.0446706 -1.51604e-06 
-0.0444782 -1.51278e-06 
-0.0442867 -1.50952e-06 
-0.044096 -1.50627e-06 
-0.0439062 -1.50303e-06 
-0.0437171 -1.4998e-06 
-0.0435288 -1.49657e-06 
-0.0433413 -1.49335e-06 
-0.0431547 -1.49013e-06 
-0.0429688 -1.48692e-06 
-0.0427837 -1.48372e-06 
-0.0425994 -1.48053e-06 
-0.0424159 -1.47734e-06 
-0.0422331 -1.47416e-06 
-0.0420512 -1.47098e-06 
-0.04187 -1.46781e-06 
-0.0416896 -1.46465e-06 
-0.0415099 -1.4615e-06 
-0.041331 -1.45835e-06 
-0.0411529 -1.45521e-06 
-0.0409756 -1.45207e-06 
-0.0407989 -1.44895e-06 
-0.0406231 -1.44582e-06 
-0.040448 -1.44271e-06 
-0.0402736 -1.4396e-06 
-0.0401 -1.4365e-06 
-0.0399271 -1.4334e-06 
-0.0397549 -1.43031e-06 
-0.0395835 -1.42723e-06 
-0.0394128 -1.42415e-06 
-0.0392428 -1.42108e-06 
-0.0390736 -1.41802e-06 
-0.038905 -1.41496e-06 
-0.0387372 -1.41191e-06 
-0.0385701 -1.40887e-06 
-0.0384037 -1.40583e-06 
-0.0382381 -1.4028e-06 
-0.0380731 -1.39977e-06 
-0.0379088 -1.39675e-06 
-0.0377452 -1.39374e-06 
-0.0375823 -1.39073e-06 
-0.0374202 -1.38773e-06 
-0.0372587 -1.38474e-06 
-0.0370978 -1.38175e-06 
-0.0369377 -1.37877e-06 
-0.0367783 -1.3758e-06 
-0.0366195 -1.37283e-06 
-0.0364614 -1.36987e-06 
-0.036304 -1.36691e-06 
-0.0361472 -1.36396e-06 
-0.0359911 -1.36102e-06 
-0.0358357 -1.35808e-06 
-0.0356809 -1.35515e-06 
-0.0355268 -1.35222e-06 
-0.0353734 -1.3493e-06 
-0.0352206 -1.34639e-06 
-0.0350684 -1.34348e-06 
-0.0349169 -1.34058e-06 
-0.0347661 -1.33768e-06 
-0.0346159 -1.3348e-06 
-0.0344663 -1.33191e-06 
-0.0343174 -1.32904e-06 
-0.034169 -1.32616e-06 
-0.0340214 -1.3233e-06 
-0.0338743 -1.32044e-06 
-0.0337279 -1.31759e-06 
-0.0335821 -1.31474e-06 
-0.0334369 -1.3119e-06 
-0.0332923 -1.30907e-06 
-0.0331484 -1.30624e-06 
-0.0330051 -1.30341e-06 
-0.0328623 -1.3006e-06 
-0.0327202 -1.29778e-06 
-0.0325787 -1.29498e-06 
-0.0324378 -1.29218e-06 
-0.0322975 -1.28939e-06 
-0.0321577 -1.2866e-06 
-0.0320186 -1.28381e-06 
-0.0318801 -1.28104e-06 
-0.0317421 -1.27827e-06 
-0.0316048 -1.2755e-06 
-0.031468 -1.27274e-06 
-0.0313318 -1.26999e-06 
-0.0311962 -1.26724e-06 
-0.0310612 -1.2645e-06 
-0.0309267 -1.26177e-06 
-0.0307928 -1.25904e-06 
-0.0306595 -1.25631e-06 
-0.0305268 -1.25359e-06 
-0.0303946 -1.25088e-06 
-0.0302629 -1.24817e-06 
-0.0301319 -1.24547e-06 
-0.0300014 -1.24277e-06 
-0.0298714 -1.24008e-06 
-0.029742 -1.2374e-06 
-0.0296132 -1.23472e-06 
-0.0294849 -1.23204e-06 
-0.0293571 -1.22938e-06 
-0.0292299 -1.22671e-06 
-0.0291032 -1.22406e-06 
-0.0289771 -1.2214e-06 
-0.0288515 -1.21876e-06 
-0.0287264 -1.21612e-06 
-0.0286019 -1.21348e-06 
-0.0284779 -1.21085e-06 
-0.0283544 -1.20823e-06 
-0.0282315 -1.20561e-06 
-0.0281091 -1.203e-06 
-0.0279872 -1.20039e-06 
-0.0278658 -1.19779e-06 
-0.0277449 -1.19519e-06 
-0.0276246 -1.1926e-06 
-0.0275047 -1.19002e-06 
-0.0273854 -1.18743e-06 
-0.0272666 -1.18486e-06 
-0.0271483 -1.18229e-06 
-0.0270305 -1.17973e-06 
-0.0269131 -1.17717e-06 
-0.0267963 -1.17461e-06 
-0.02668 -1.17206e-06 
-0.0265642 -1.16952e-06 
-0.0264489 -1.16698e-06 
-0.026334 -1.16445e-06 
-0.0262197 -1.16192e-06 
-0.0261058 -1.1594e-06 
-0.0259925 -1.15689e-06 
-0.0258796 -1.15437e-06 
-0.0257671 -1.15187e-06 
-0.0256552 -1.14937e-06 
-0.0255438 -1.14687e-06 
-0.0254328 -1.14438e-06 
-0.0253223 -1.1419e-06 
-0.0252122 -1.13942e-06 
-0.0251027 -1.13694e-06 
-0.0249936 -1.13447e-06 
-0.0248849 -1.13201e-06 
-0.0247767 -1.12955e-06 
-0.024669 -1.12709e-06 
-0.0245618 -1.12464e-06 
-0.024455 -1.1222e-06 
-0.0243486 -1.11976e-06 
-0.0242427 -1.11733e-06 
-0.0241373 -1.1149e-06 
-0.0240323 -1.11248e-06 
-0.0239278 -1.11006e-06 
-0.0238237 -1.10764e-06 
-0.02372 -1.10523e-06 
-0.0236168 -1.10283e-06 
-0.023514 -1.10043e-06 
-0.0234117 -1.09804e-06 
-0.0233098 -1.09565e-06 
-0.0232083 -1.09327e-06 
-0.0231073 -1.09089e-06 
-0.0230067 -1.08851e-06 
-0.0229065 -1.08615e-06 
-0.0228067 -1.08378e-06 
-0.0227074 -1.08142e-06 
-0.0226085 -1.07907e-06 
-0.02251 -1.07672e-06 
-0.022412 -1.07438e-06 
-0.0223143 -1.07204e-06 
-0.0222171 -1.0697e-06 
-0.0221203 -1.06737e-06 
-0.0220239 -1.06505e-06 
-0.0219279 -1.06273e-06 
-0.0218324 -1.06041e-06 
-0.0217372 -1.0581e-06 
-0.0216424 -1.0558e-06 
-0.0215481 -1.0535e-06 
-0.0214541 -1.0512e-06 
-0.0213605 -1.04891e-06 
-0.0212674 -1.04662e-06 
-0.0211746 -1.04434e-06 
-0.0210823 -1.04207e-06 
-0.0209903 -1.03979e-06 
-0.0208987 -1.03753e-06 
-0.0208075 -1.03527e-06 
-0.0207167 -1.03301e-06 
-0.0206263 -1.03075e-06 
-0.0205363 -1.02851e-06 
-0.0204466 -1.02626e-06 
-0.0203574 -1.02402e-06 
-0.0202685 -1.02179e-06 
-0.02018 -1.01956e-06 
-0.0200919 -1.01734e-06 
-0.0200041 -1.01511e-06 
-0.0199168 -1.0129e-06 
-0.0198298 -1.01069e-06 
-0.0197431 -1.00848e-06 
-0.0196569 -1.00628e-06 
-0.019571 -1.00408e-06 
-0.0194855 -1.00189e-06 
-0.0194003 -9.99702e-07 
-0.0193155 -9.97518e-07 
-0.0192311 -9.95339e-07 
-0.019147 -9.93164e-07 
-0.0190633 -9.90995e-07 
-0.0189799 -9.88829e-07 
-0.0188969 -9.86668e-07 
-0.0188143 -9.84512e-07 
-0.018732 -9.8236e-07 
-0.01865 -9.80212e-07 
-0.0185685 -9.78069e-07 
-0.0184872 -9.75931e-07 
-0.0184063 -9.73797e-07 
-0.0183258 -9.71667e-07 
-0.0182456 -9.69542e-07 
-0.0181657 -9.67421e-07 
-0.0180862 -9.65305e-07 
-0.018007 -9.63193e-07 
-0.0179281 -9.61086e-07 
-0.0178496 -9.58983e-07 
-0.0177715 -9.56884e-07 
-0.0176936 -9.5479e-07 
-0.0176161 -9.527e-07 
-0.0175389 -9.50614e-07 
-0.0174621 -9.48533e-07 
-0.0173856 -9.46456e-07 
-0.0173094 -9.44383e-07 
-0.0172335 -9.42315e-07 
-0.017158 -9.40251e-07 
-0.0170828 -9.38191e-07 
-0.0170079 -9.36136e-07 
-0.0169333 -9.34085e-07 
-0.016859 -9.32038e-07 
-0.0167851 -9.29995e-07 
-0.0167115 -9.27957e-07 
-0.0166381 -9.25923e-07 
-0.0165651 -9.23893e-07 
-0.0164925 -9.21867e-07 
-0.0164201 -9.19846e-07 
-0.016348 -9.17829e-07 
-0.0162763 -9.15816e-07 
-0.0162048 -9.13807e-07 
-0.0161337 -9.11802e-07 
-0.0160628 -9.09802e-07 
-0.0159923 -9.07805e-07 
-0.0159221 -9.05813e-07 
-0.0158521 -9.03825e-07 
-0.0157825 -9.01842e-07 
-0.0157132 -8.99862e-07 
-0.0156441 -8.97886e-07 
-0.0155754 -8.95915e-07 
-0.0155069 -8.93947e-07 
-0.0154388 -8.91984e-07 
-0.0153709 -8.90025e-07 
-0.0153033 -8.8807e-07 
-0.015236 -8.86119e-07 
-0.015169 -8.84172e-07 
-0.0151023 -8.82229e-07 
-0.0150359 -8.8029e-07 
-0.0149698 -8.78355e-07 
-0.0149039 -8.76425e-07 
-0.0148383 -8.74498e-07 
-0.014773 -8.72575e-07 
-0.014708 -8.70656e-07 
-0.0146433 -8.68742e-07 
-0.0145788 -8.66831e-07 
-0.0145146 -8.64924e-07 
-0.0144507 -8.63021e-07 
-0.0143871 -8.61122e-07 
-0.0143237 -8.59228e-07 
-0.0142606 -8.57337e-07 
-0.0141978 -8.5545e-07 
-0.0141352 -8.53567e-07 
-0.014073 -8.51687e-07 
-0.0140109 -8.49812e-07 
-0.0139492 -8.47941e-07 
-0.0138877 -8.46073e-07 
-0.0138265 -8.4421e-07 
-0.0137655 -8.4235e-07 
-0.0137048 -8.40494e-07 
-0.0136444 -8.38642e-07 
-0.0135842 -8.36794e-07 
-0.0135243 -8.3495e-07 
-0.0134646 -8.3311e-07 
-0.0134052 -8.31273e-07 
-0.013346 -8.2944e-07 
-0.0132871 -8.27612e-07 
-0.0132285 -8.25786e-07 
-0.0131701 -8.23965e-07 
-0.0131119 -8.22148e-07 
-0.013054 -8.20334e-07 
-0.0129964 -8.18524e-07 
-0.012939 -8.16718e-07 
-0.0128818 -8.14915e-07 
-0.0128249 -8.13117e-07 
-0.0127682 -8.11322e-07 
-0.0127118 -8.09531e-07 
-0.0126556 -8.07743e-07 
-0.0125997 -8.05959e-07 
-0.012544 -8.04179e-07 
-0.0124885 -8.02403e-07 
-0.0124333 -8.0063e-07 
-0.0123783 -7.98862e-07 
-0.0123236 -7.97096e-07 
-0.012269 -7.95335e-07 
-0.0122148 -7.93577e-07 
-0.0121607 -7.91823e-07 
-0.0121069 -7.90072e-07 
-0.0120533 -7.88325e-07 
-0.0119999 -7.86582e-07 
-0.0119468 -7.84842e-07 
-0.0118939 -7.83106e-07 
-0.0118412 -7.81374e-07 
-0.0117888 -7.79645e-07 
-0.0117366 -7.7792e-07 
-0.0116846 -7.76198e-07 
-0.0116328 -7.7448e-07 
-0.0115813 -7.72765e-07 
-0.0115299 -7.71054e-07 
-0.0114788 -7.69347e-07 
-0.0114279 -7.67643e-07 
-0.0113773 -7.65943e-07 
-0.0113268 -7.64246e-07 
-0.0112766 -7.62553e-07 
-0.0112266 -7.60864e-07 
-0.0111767 -7.59177e-07 
-0.0111272 -7.57495e-07 
-0.0110778 -7.55816e-07 
-0.0110286 -7.5414e-07 
-0.0109797 -7.52468e-07 
-0.0109309 -7.50799e-07 
-0.0108824 -7.49134e-07 
-0.0108341 -7.47472e-07 
-0.0107859 -7.45814e-07 
-0.010738 -7.44159e-07 
-0.0106903 -7.42508e-07 
-0.0106428 -7.4086e-07 
-0.0105955 -7.39216e-07 
-0.0105484 -7.37574e-07 
-0.0105015 -7.35937e-07 
-0.0104549 -7.34303e-07 
-0.0104084 -7.32672e-07 
-0.0103621 -7.31044e-07 
-0.010316 -7.2942e-07 
-0.0102701 -7.278e-07 
-0.0102244 -7.26182e-07 
-0.0101789 -7.24568e-07 
-0.0101336 -7.22958e-07 
-0.0100885 -7.21351e-07 
-0.0100436 -7.19747e-07 
-0.0099989 -7.18146e-07 
-0.00995438 -7.16549e-07 
-0.00991004 -7.14955e-07 
-0.0098659 -7.13365e-07 
-0.00982195 -7.11777e-07 
-0.00977819 -7.10193e-07 
-0.00973462 -7.08613e-07 
-0.00969123 -7.07035e-07 
-0.00964803 -7.05461e-07 
-0.00960502 -7.03891e-07 
-0.0095622 -7.02323e-07 
-0.00951955 -7.00759e-07 
-0.00947709 -6.99198e-07 
-0.00943482 -6.9764e-07 
