0 
0 
0 
0 
0 
0 
0 
0 
0 
0 
0 
0 
0 
0 
0 
0 
0 
0 
0 
0 
0 
0 
0 
0 
0 
0 
0 
0 
0 
0 
0 
0 
0 
0 
0 
0 
0 
0 
0 
0 
0 
0 
0 
0 
0 
0 
0 
0 
-0.0207891 
-0.0622773 
-0.103582 
-0.144695 
-0.18561 
-0.226317 
-0.266808 
-0.307071 
-0.347092 
-0.386854 
-0.426336 
-0.465507 
-0.504331 
-0.54276 
-0.58073 
-0.618162 
-0.654957 
-0.690987 
-0.726101 
-0.760111 
-0.792793 
-0.82388 
-0.853063 
-0.87998 
-0.883476 
-0.863306 
-0.840033 
-0.813344 
-0.782959 
-0.74863 
-0.710164 
-0.667429 
-0.620366 
-0.569001 
-0.513451 
-0.453932 
-0.390757 
-0.324337 
-0.255176 
-0.183858 
-0.111036 
-0.0374128 
0.03628 
0.109302 
0.180929 
0.250471 
0.317296 
0.380847 
0.440649 
0.496329 
0.547609 
0.594314 
0.636368 
0.673783 
0.706652 
0.735139 
0.759465 
0.779896 
0.796731 
0.810291 
0.820906 
0.828909 
0.834626 
0.838371 
0.840441 
0.841109 
0.840627 
0.839218 
0.837078 
0.834378 
0.831258 
0.82783 
0.82418 
0.820369 
0.816428 
0.812367 
0.80817 
0.803797 
0.799188 
0.794258 
0.788907 
0.78301 
0.776429 
0.769006 
0.760573 
0.750947 
0.739937 
0.727345 
0.712973 
0.696622 
0.678103 
0.657236 
0.63386 
0.607835 
0.579053 
0.54744 
0.51296 
0.475626 
0.435499 
0.39269 
0.347367 
0.299749 
0.250109 
0.198765 
0.146079 
0.0924467 
0.0382898 
-0.0159542 
-0.0698426 
-0.122939 
-0.174823 
-0.225101 
-0.273416 
-0.319453 
-0.362946 
-0.403681 
-0.441497 
-0.476291 
-0.508007 
-0.536644 
-0.562241 
-0.58488 
-0.604675 
-0.621769 
-0.636326 
-0.648527 
-0.658563 
-0.666631 
-0.672928 
-0.677649 
-0.680984 
-0.683113 
-0.684206 
-0.68442 
-0.683898 
-0.682772 
-0.681155 
-0.679148 
-0.676834 
-0.674285 
-0.671554 
-0.668683 
-0.665699 
-0.662613 
-0.659426 
-0.656124 
-0.652683 
-0.649064 
-0.645219 
-0.641088 
-0.636602 
-0.631681 
-0.626236 
-0.620173 
-0.613387 
-0.605772 
-0.597214 
-0.587599 
-0.576811 
-0.564736 
-0.551263 
-0.536287 
-0.519714 
-0.501458 
-0.481449 
-0.459634 
-0.43598 
-0.410474 
-0.383131 
-0.353988 
-0.323113 
-0.2906 
-0.25657 
-0.221174 
-0.184587 
-0.147008 
-0.108654 
-0.0697617 
-0.0305777 
0.00864345 
0.0476451 
0.0861735 
0.123983 
0.160839 
0.196527 
0.230851 
0.263639 
0.294745 
0.324051 
0.351467 
0.37693 
0.400407 
0.421888 
0.441388 
0.458945 
0.474613 
0.488465 
0.500586 
0.511074 
0.520032 
0.52757 
0.533801 
0.538839 
0.542798 
0.545789 
0.547918 
0.549287 
0.549994 
0.550127 
0.54977 
0.548999 
0.54788 
0.546474 
0.544832 
0.543001 
0.541015 
0.538904 
0.53669 
0.534386 
0.532001 
0.529535 
0.526981 
0.524326 
0.521553 
0.518636 
0.515545 
0.512245 
0.508693 
0.504845 
0.500651 
0.496057 
0.491006 
0.485438 
0.479291 
0.472501 
0.465004 
0.456737 
0.447637 
0.437642 
0.426697 
0.41475 
0.401753 
0.387667 
0.372461 
0.356114 
0.338615 
0.319964 
0.300174 
0.279273 
0.257299 
0.234307 
0.210366 
0.185556 
0.159972 
0.13372 
0.106917 
0.0796884 
0.0521686 
0.0244957 
-0.00318848 
-0.0307412 
-0.0580211 
-0.0848902 
-0.111216 
-0.136875 
-0.16175 
-0.185739 
-0.208747 
-0.230697 
-0.251523 
-0.271172 
-0.289608 
-0.306805 
-0.322753 
-0.337452 
-0.350916 
-0.363166 
-0.374235 
-0.384163 
-0.392996 
-0.400786 
-0.40759 
-0.413468 
-0.41848 
-0.422691 
-0.426162 
-0.428957 
-0.431136 
-0.432759 
-0.433883 
-0.434562 
-0.434847 
-0.434787 
-0.434425 
-0.433802 
-0.432954 
-0.431915 
-0.430714 
-0.429375 
-0.42792 
-0.426367 
-0.424729 
-0.423017 
-0.421237 
-0.419392 
-0.417483 
-0.415506 
-0.413455 
-0.41132 
-0.409089 
-0.406746 
-0.404274 
-0.401653 
-0.398859 
-0.395869 
-0.392655 
-0.389188 
-0.385439 
-0.381375 
-0.376965 
-0.372175 
-0.366972 
-0.361323 
-0.355193 
-0.34855 
-0.341365 
-0.333607 
-0.325249 
-0.316267 
-0.30664 
-0.29635 
-0.285385 
-0.273737 
-0.261402 
-0.248383 
-0.234689 
-0.220333 
-0.205337 
-0.189729 
-0.173542 
-0.156816 
-0.139599 
-0.121942 
-0.103902 
-0.0855419 
-0.0669283 
-0.0481309 
-0.0292222 
-0.0102763 
0.00863168 
0.0274268 
0.0460352 
0.0643846 
0.0824059 
0.100033 
0.117205 
0.133865 
0.149961 
0.165449 
0.180289 
0.194448 
0.2079 
0.220625 
0.232608 
0.243843 
0.254327 
0.264065 
0.273064 
0.281337 
0.288903 
0.295782 
0.301998 
0.307578 
0.31255 
0.316946 
0.320796 
0.324133 
0.32699 
0.329399 
0.331395 
0.333008 
0.33427 
0.335211 
0.33586 
0.336246 
0.336393 
0.336328 
0.336073 
0.335649 
0.335076 
0.334371 
0.333551 
0.33263 
0.33162 
0.330532 
0.329374 
0.328155 
0.326879 
0.32555 
0.324171 
0.322742 
0.321263 
0.319731 
0.318143 
0.316494 
0.314778 
0.312986 
0.31111 
0.309141 
0.307068 
0.304878 
0.302559 
0.300097 
0.297479 
0.294688 
0.29171 
0.288528 
0.285127 
0.28149 
0.277601 
0.273444 
0.269003 
0.264263 
0.259209 
0.253826 
0.248104 
0.242029 
0.235592 
0.228784 
0.221598 
0.21403 
0.206078 
0.19774 
0.189019 
0.179919 
0.170449 
0.160617 
0.150437 
0.139925 
0.129098 
0.117977 
0.106587 
0.094952 
0.0831015 
0.0710655 
0.0588759 
0.0465664 
0.034172 
0.0217286 
0.00927255 
-0.00315921 
-0.0155299 
-0.0278033 
-0.0399435 
-0.0519159 
-0.0636873 
-0.075226 
-0.086502 
-0.0974878 
-0.108158 
-0.118489 
-0.128462 
-0.138057 
-0.147261 
-0.156061 
-0.164447 
-0.172412 
-0.179953 
-0.187067 
-0.193754 
-0.200019 
-0.205865 
-0.211299 
-0.21633 
-0.220967 
-0.225223 
-0.229109 
-0.232639 
-0.235828 
-0.23869 
-0.241241 
-0.243496 
-0.245472 
-0.247185 
-0.24865 
-0.249883 
-0.2509 
-0.251716 
-0.252345 
-0.252802 
-0.2531 
-0.253252 
-0.25327 
-0.253167 
-0.252952 
-0.252636 
-0.252228 
-0.251737 
-0.251171 
-0.250537 
-0.249841 
-0.249089 
-0.248285 
-0.247434 
-0.24654 
-0.245604 
-0.244628 
-0.243615 
-0.242564 
-0.241476 
-0.24035 
-0.239184 
-0.237978 
-0.236728 
-0.235432 
-0.234086 
-0.232686 
-0.231229 
-0.229709 
-0.228121 
-0.226459 
-0.224718 
-0.222892 
-0.220974 
-0.218957 
-0.216834 
-0.214599 
-0.212244 
-0.209763 
-0.207148 
-0.204391 
-0.201486 
-0.198427 
-0.195206 
-0.191818 
-0.188255 
-0.184514 
-0.180588 
-0.176474 
-0.172166 
-0.167663 
-0.162962 
-0.158061 
-0.152958 
-0.147655 
-0.142152 
-0.136451 
-0.130555 
-0.124468 
-0.118195 
-0.111742 
-0.105116 
-0.0983261 
-0.0913806 
-0.08429 
-0.0770654 
-0.069719 
-0.0622637 
-0.0547132 
-0.0470818 
-0.0393845 
-0.031637 
-0.023855 
-0.0160549 
-0.00825303 
-0.00046605 
0.00728957 
0.0149974 
0.0226413 
0.0302055 
0.0376746 
0.0450337 
0.0522686 
0.059366 
0.066313 
0.0730978 
0.0797096 
0.0861384 
0.0923751 
0.0984119 
0.104242 
0.109859 
0.115259 
0.120437 
0.125391 
0.130119 
0.13462 
0.138895 
0.142944 
0.146769 
0.150372 
0.153756 
0.156926 
0.159886 
0.16264 
0.165195 
0.167555 
0.169728 
0.171719 
0.173535 
0.175184 
0.176671 
0.178004 
0.179191 
0.180237 
0.181151 
0.181939 
0.182608 
0.183165 
0.183616 
0.183967 
0.184226 
0.184397 
0.184486 
0.1845 
0.184442 
0.184318 
0.184132 
0.18389 
0.183594 
0.183248 
0.182856 
0.182422 
0.181947 
0.181434 
0.180887 
0.180305 
0.179692 
0.179049 
0.178377 
0.177677 
0.176949 
0.176194 
0.175411 
0.174602 
0.173765 
0.1729 
0.172006 
0.171082 
0.170128 
0.169141 
0.16812 
0.167064 
0.165971 
0.164838 
0.163663 
0.162445 
0.161181 
0.159868 
0.158504 
0.157087 
0.155613 
0.15408 
0.152485 
0.150826 
0.149099 
0.147302 
0.145433 
0.143488 
0.141466 
0.139363 
0.137177 
0.134906 
0.132549 
0.130102 
0.127565 
0.124936 
0.122213 
0.119396 
0.116483 
0.113475 
0.110371 
0.107171 
0.103875 
0.100484 
0.0969999 
0.0934231 
0.0897556 
0.0859996 
0.0821575 
0.0782321 
0.0742266 
0.0701445 
0.0659897 
0.0617663 
0.057479 
0.0531324 
0.0487318 
0.0442825 
0.0397901 
0.0352606 
0.0307 
0.0261145 
0.0215106 
0.0168947 
0.0122734 
0.00765355 
0.00304168 
-0.00155545 
-0.00613121 
-0.010679 
-0.0151923 
-0.0196648 
-0.0240902 
-0.0284625 
-0.0327758 
-0.0370247 
-0.0412037 
-0.0453077 
-0.049332 
-0.0532722 
-0.057124 
-0.0608836 
-0.0645475 
-0.0681127 
-0.0715763 
-0.0749359 
-0.0781894 
-0.081335 
-0.0843715 
-0.0872977 
-0.0901128 
-0.0928166 
-0.0954089 
-0.0978898 
-0.10026 
-0.10252 
-0.104671 
-0.106714 
-0.108651 
-0.110483 
-0.112212 
-0.11384 
-0.115369 
-0.116802 
-0.118141 
-0.119388 
-0.120546 
-0.121618 
-0.122607 
-0.123514 
-0.124344 
-0.125098 
-0.12578 
-0.126392 
-0.126937 
-0.127419 
-0.127838 
-0.128199 
-0.128504 
-0.128755 
-0.128956 
-0.129107 
-0.129212 
-0.129273 
-0.129291 
-0.12927 
-0.129211 
-0.129116 
-0.128986 
-0.128824 
-0.128631 
-0.128408 
-0.128157 
-0.127879 
-0.127576 
-0.127248 
-0.126896 
-0.126521 
-0.126125 
-0.125707 
-0.125269 
-0.12481 
-0.124332 
-0.123835 
-0.123318 
-0.122783 
-0.122228 
-0.121655 
-0.121063 
-0.120451 
-0.119821 
-0.119171 
-0.118501 
-0.117811 
-0.1171 
-0.116368 
-0.115615 
-0.114838 
-0.114039 
-0.113216 
-0.112369 
-0.111496 
-0.110598 
-0.109672 
-0.108719 
-0.107738 
-0.106727 
-0.105686 
-0.104614 
-0.10351 
-0.102373 
-0.101203 
-0.0999976 
-0.0987574 
-0.097481 
-0.0961678 
-0.094817 
-0.0934281 
-0.0920002 
-0.0905329 
-0.0890256 
-0.0874779 
-0.0858893 
-0.0842595 
-0.0825883 
-0.0808755 
-0.0791209 
-0.0773245 
-0.0754864 
-0.0736068 
-0.071686 
-0.0697242 
-0.0677219 
-0.0656796 
-0.0635981 
-0.0614781 
-0.0593204 
-0.057126 
-0.054896 
-0.0526315 
-0.0503338 
-0.0480043 
-0.0456445 
-0.043256 
-0.0408403 
-0.0383993 
-0.0359348 
-0.0334487 
-0.0309431 
-0.0284199 
-0.0258814 
-0.0233296 
-0.020767 
-0.0181957 
-0.015618 
-0.0130365 
-0.0104533 
-0.00787104 
-0.00529203 
-0.00271871 
-0.00015351 
0.00240118 
0.00494296 
0.00746948 
0.00997841 
0.0124675 
0.0149344 
0.0173771 
0.0197933 
0.0221811 
0.0245384 
0.0268634 
0.0291542 
0.0314091 
0.0336264 
0.0358045 
0.0379421 
0.0400377 
0.0420901 
0.0440981 
0.0460606 
0.0479768 
0.0498456 
0.0516665 
0.0534387 
0.0551617 
0.056835 
0.0584584 
0.0600314 
0.061554 
0.0630261 
0.0644477 
0.0658189 
0.0671399 
0.068411 
0.0696324 
0.0708045 
0.0719279 
0.073003 
0.0740305 
0.0750109 
0.075945 
0.0768334 
0.077677 
0.0784765 
0.0792328 
0.0799468 
0.0806193 
0.0812513 
0.0818437 
0.0823974 
0.0829134 
0.0833926 
0.0838361 
0.0842447 
0.0846195 
0.0849614 
0.0852714 
0.0855504 
0.0857994 
0.0860192 
